-21595.999999999993
-28683.500000000004
-19282.600000000006
-18802.699999999997
-17559.0
-18171.2
-22057.90000000001
-17696.999999999993
-17841.200000000008
-20246.300000000003
-17088.3
-16093.800000000001
-18237.49999999999
-11724.7
-21730.8
-18864.899999999998
-14400.299999999997
-19768.2
-20329.000000000007
-20186.399999999998
-20912.600000000006
-17971.3
-19312.699999999986
-14680.800000000001
-13356.900000000007
-18883.000000000004
-19426.600000000006
-8865.5
-21225.200000000004
-14366.600000000011
-15436.800000000007
-14222.300000000008
-23398.90000000001
-14163.499999999998
-13357.300000000005
-10366.499999999998
-16781.200000000008
-16134.899999999996
-14194.099999999999
-17402.90000000002
-14258.300000000005
-12492.199999999995
-12428.299999999997
-19275.0
-10401.400000000001
-18416.300000000014
-14141.799999999996
-12287.299999999996
-10200.9
-19446.8
-14793.7
-11784.699999999997
-14465.999999999998
-12304.599999999993
-14725.0
-16423.600000000006
-14842.500000000004
-10700.100000000002
-13599.3
-12621.2
-14562.700000000004
-12310.6
-14336.899999999992
-9516.900000000005
-19553.7
-23267.300000000003
-12077.8
-11690.999999999996
-15686.599999999997
-19984.600000000002
-15282.800000000007
-7306.499999999997
-12269.89999999999
-12773.3
-15731.899999999998
-14277.199999999997
-12513.899999999998
-15676.899999999998
-13478.000000000005
-8864.699999999997
-13307.600000000002
-16563.600000000006
-11634.800000000001
-11585.800000000008
-6861.300000000005
-5480.699999999998
-24289.6
-11406.099999999999
-9709.600000000004
-17734.200000000004
-7354.700000000002
-6612.4
-11154.9
-12246.400000000001
-4855.200000000001
-14214.300000000005
-13297.199999999999
-14132.499999999995
-10993.400000000003
-16618.100000000002
-7557.1
-9543.099999999997
-18723.100000000002
-6534.100000000003
-6892.499999999999
-8905.400000000001
-8251.600000000002
-12396.499999999996
-7949.799999999996
-7360.600000000001
-20671.199999999997
-7591.999999999997
-7234.999999999999
-9164.000000000005
-11115.199999999995
-14449.199999999999
-9705.999999999998
-8175.800000000002
-6664.4000000000015
-13658.600000000004
-9147.699999999995
-9569.800000000005
-8236.799999999997
-7818.799999999999
-8150.500000000001
-5046.300000000004
-6197.299999999997
-5777.5999999999985
-9220.200000000003
-10948.299999999996
-6932.0
-8008.099999999997
-9328.400000000005
-9168.699999999997
-8516.499999999996
-7731.400000000001
-13932.999999999998
-8203.199999999997
-4663.4
-8515.900000000001
-4117.799999999999
-8353.1
-4601.4000000000015
-10433.7
-7122.199999999999
-6142.500000000002
-10380.000000000011
-6117.899999999999
-4147.1
-5816.700000000003
-6072.700000000001
-4855.7
-9753.599999999997
-5811.5
-4094.500000000001
-4768.600000000001
-7156.299999999999
-6497.8
-3874.1
-5192.2
-9197.900000000005
-8755.2
-4913.2
-5845.3
-7083.199999999999
-16541.000000000004
-4892.1
-5013.3
-10460.4
-9727.399999999992
-6894.100000000002
-6711.299999999999
-13496.499999999998
-10448.300000000001
-11792.5
-2629.3999999999996
-10129.100000000004
-8199.5
-4130.5
-10569.199999999999
-9658.3
-8719.300000000005
-10998.900000000007
-12005.400000000005
-3058.0
-8141.800000000001
-7503.5999999999985
-5678.200000000001
-8096.300000000001
-5793.7
-10107.500000000002
-3484.8000000000006
-9686.899999999992
-9001.199999999999
-7812.999999999997
-5081.599999999999
-12744.00000000001
-11854.900000000001
-7293.300000000002
-3289.200000000001
-4755.100000000001
-8947.199999999995
-9439.799999999996
-5495.399999999998
-4677.199999999998
-5579.200000000002
-9091.999999999996
-5570.6
-6725.299999999999
-3713.7
-4486.799999999999
-2409.399999999999
-5091.499999999998
-4030.4000000000005
-5516.799999999998
-10024.399999999996
-2912.1
-4928.699999999998
-6140.9
-9511.500000000004
-9718.900000000007
-4187.700000000001
-2774.9
-7974.0999999999985
-6191.800000000002
-3363.5
-5068.499999999998
-7383.800000000002
-7100.4
-3685.900000000001
-10345.599999999995
-4802.4000000000015
-13195.19999999999
-2596.3
-4867.4
-3893.9999999999995
-9123.29999999999
-1798.9999999999998
-5914.4
-4039.8999999999996
-1944.5000000000005
-4225.700000000001
-2599.400000000001
-5484.899999999997
-3337.999999999999
-2560.2
-5219.999999999999
-7178.199999999999
-1646.3000000000004
-4736.1
-4212.6
-9478.299999999997
-7872.5999999999985
-5247.000000000001
-2272.4
-3854.6999999999994
-8288.699999999997
-3415.5999999999995
-2279.2999999999993
-2270.6
-6533.199999999997
-5661.5
-1618.5
-1388.6000000000004
-2472.9
-7196.999999999999
-4652.1
-4032.2999999999997
-8191.0
-7712.900000000001
-8204.000000000002
-3166.0000000000014
-1371.1000000000001
-7540.5999999999985
-3533.5999999999985
-7311.700000000002
-4242.199999999999
-2302.000000000001
-7717.2
-7608.7999999999965
-6820.999999999999
-5122.100000000002
-4454.299999999997
-5857.4000000000015
-4566.999999999999
-5402.1
-12268.600000000008
-1432.1999999999996
-2443.4
-4054.7
-5540.499999999999
-4495.499999999999
-4331.600000000001
-5322.2000000000035
-3687.0
-5246.200000000001
-4807.600000000001
-8012.299999999999
-6249.5999999999985
-8424.4
-6313.300000000003
-4264.799999999998
-6382.2000000000035
-4624.9
-3398.6000000000013
-3623.8
-2493.4000000000005
-1642.3999999999996
-2361.7999999999997
-3035.099999999999
-5346.800000000002
-1954.9
-1525.9
-2868.5000000000005
-4479.300000000001
-6426.599999999996
-3042.1999999999994
-2194.100000000001
-3774.699999999999
-6169.200000000001
-3102.400000000001
-3090.600000000001
-1884.0999999999997
-6844.4
-2009.7
-4587.5
-4142.199999999999
-4039.099999999999
-4120.599999999999
-3676.8999999999983
-2900.7999999999997
-4060.0000000000005
-2430.599999999999
-815.7000000000008
-1889.9999999999995
1005.7
-4998.700000000001
-3700.3999999999996
-1953.3999999999996
-3190.7
-2391.5
573.6000000000003
-4707.400000000001
-1890.7
303.9000000000001
-1036.0000000000002
-5545.2
-2256.8
-1882.7
-1802.2999999999997
-3367.7
-4523.5999999999985
-8681.500000000005
-2237.7
-4491.0
585.3
-4211.599999999999
-933.0999999999995
-1034.5
-3565.6999999999985
-1958.7000000000003
-83.60000000000018
-3802.7
1336.4
-3552.8
-3539.7000000000003
-4937.199999999998
1882.5
-6091.199999999999
-6358.200000000002
-3085.6
-3366.3
-1536.3999999999999
120.70000000000016
1494.8000000000004
-3278.7
-2956.0
1105.2000000000003
-4535.599999999999
-3471.2
-163.0999999999999
-3499.5
-5342.3
-2642.8
506.5999999999999
-2578.2
-4681.500000000001
-5597.499999999999
1171.6000000000004
-2161.2
-4467.0
95.49999999999967
-5661.5
-2678.8
-1680.3
-1964.0999999999995
-1947.9
-5349.899999999996
-2255.1
-1422.5999999999995
-555.5000000000002
-1481.2999999999997
-5109.599999999999
-171.7
-3363.4
-3438.1
-4198.900000000001
-574.5
-1119.7000000000005
-1642.4000000000005
-240.70000000000005
-1018.8000000000001
-1852.8
-403.59999999999997
-3599.5999999999985
-4036.2999999999993
1201.7
-493.49999999999994
-1325.4000000000003
-4455.400000000001
-4707.8
668.8999999999999
98.7999999999999
-1941.1000000000001
-5108.299999999998
-776.3
-3359.7000000000007
-271.59999999999934
-405.3000000000004
-3371.2
-3755.5
-1129.5
-1295.3
-690.5999999999997
1252.9999999999998
-2502.0
-5097.699999999998
-1312.1999999999998
-4215.4
-2214.399999999999
-1662.3999999999994
1701.8000000000002
-3056.5
-756.9
-277.9000000000009
-501.10000000000025
-1133.4
-1203.8000000000002
1651.8
-2397.3
-906.0000000000003
-1800.3
-2676.8999999999987
-3579.4999999999995
1528.6000000000001
-1165.2999999999995
-2861.2
1374.2000000000003
-3490.0999999999995
1492.1999999999996
-2806.9
-408.20000000000005
-421.89999999999895
1652.9
-3990.7000000000007
-3452.0999999999995
1808.9
2010.8999999999999
-1724.1999999999996
-1673.8999999999999
-637.3
-2940.8999999999996
-1572.0
-156.69999999999993
608.9000000000004
-2564.7999999999997
107.70000000000054
-82.00000000000006
-1866.5999999999997
-1429.1
-613.4
-24.40000000000009
-167.8000000000004
-3151.8
1275.4999999999993
-2936.6
-1015.9
-600.4999999999998
401.69999999999993
869.1999999999996
-762.1000000000007
-706.4000000000002
-5259.299999999999
-275.40000000000015
977.5000000000001
-528.1999999999996
-2602.2000000000003
-1348.8
-1152.7000000000003
-687.2999999999998
59.899999999999864
-92.20000000000005
-3208.1999999999994
-1224.4
708.8999999999997
-1692.9
-1697.4
1630.6
-552.2999999999995
-2728.8
-1943.6
1220.8999999999994
1678.3000000000002
-93.39999999999958
876.7
-1404.1
-1641.2000000000003
1591.3000000000006
-1636.4
-2317.0
-2235.4
-171.30000000000035
-1776.5000000000002
-3352.7
430.60000000000014
-1115.3999999999992
-1741.5999999999997
-222.4000000000001
-2394.7000000000003
-1338.6999999999998
690.4999999999998
-1431.1999999999994
-1574.0
-2005.6000000000001
-783.0999999999999
-385.1000000000014
-1830.4
-472.8000000000004
136.39999999999964
1345.4000000000008
955.600000000001
-114.29999999999995
127.5999999999998
-589.2999999999996
243.29999999999967
1846.9999999999998
-5923.299999999999
759.7999999999997
1608.6000000000008
1204.4
-815.6999999999998
-532.2000000000007
-698.0999999999999
599.0
1771.8000000000006
-352.09999999999957
-620.7999999999997
-53.40000000000056
1571.8999999999999
-3685.9999999999995
505.49999999999966
-2437.2000000000003
-1348.8999999999994
2447.5
-1953.3999999999999
-2065.4999999999995
1928.8999999999999
1901.0
-3761.1999999999994
-2583.6
-460.39999999999986
-963.3000000000006
-1287.4999999999998
-780.3999999999996
-610.5
13.599999999999909
-124.79999999999995
1749.6000000000004
-300.9000000000001
-48.90000000000009
-369.3999999999999
1768.5
-636.6999999999996
503.10000000000014
251.7999999999994
1160.9
38.10000000000025
47.700000000000045
817.5
120.40000000000093
-672.5999999999997
2652.7000000000003
-636.0000000000003
-1356.9999999999993
2305.9
1469.8
-1815.8000000000002
-2000.2000000000003
548.0999999999999
1032.4999999999998
-1009.9
-203.00000000000037
-1233.3999999999999
-1670.2
-43.70000000000027
-168.69999999999987
-1317.2999999999997
93.4999999999993
1203.2000000000003
1799.7999999999997
-1389.6
438.39999999999986
2589.0
164.39999999999986
-814.0999999999998
-471.20000000000005
1166.8
2607.7999999999997
-1634.6000000000004
-1075.3000000000006
-2029.9
739.1000000000004
-197.59999999999957
70.9000000000002
-1679.5999999999997
587.3
-449.80000000000064
911.0999999999997
-457.29999999999995
-4963.2
431.7999999999995
943.9000000000008
-1128.4999999999995
353.39999999999986
602.4000000000001
687.8999999999996
-235.79999999999995
-554.4000000000002
1404.0000000000005
-73.69999999999891
1987.5
2833.6
-1650.1
397.8000000000004
2740.3
-178.69999999999982
1602.3999999999999
-2061.8999999999996
658.6999999999998
-1156.2999999999993
-329.5
-1029.4000000000005
-561.1999999999991
-494.4000000000003
101.60000000000014
-198.99999999999955
-1800.7999999999997
534.8000000000003
1584.1000000000006
475.4000000000003
-5893.200000000003
1248.4000000000003
376.9000000000001
1661.4999999999995
594.9999999999994
-197.5
2320.000000000001
422.8999999999995
-65.79999999999939
-4126.099999999999
-2043.1999999999998
2647.1
-68.00000000000041
-1072.3999999999999
-980.4000000000001
-3.50000000000027
-3114.999999999999
-245.3999999999996
-937.9999999999999
-1433.1999999999998
-575.0
984.8999999999994
-1318.8000000000004
-145.59999999999974
2330.2000000000003
148.4999999999999
-29.899999999999913
254.59999999999945
1631.9999999999993
-352.2999999999999
-1485.6
2897.4
149.19999999999982
-3010.400000000001
627.6999999999997
2741.1
163.9
355.3
1218.6999999999996
-239.7000000000006
8.900000000000091
817.9999999999992
329.99999999999966
148.10000000000105
1975.1999999999998
1200.3999999999996
-181.49999999999994
883.9999999999995
2931.3999999999996
147.50000000000014
-1186.8
543.2000000000021
1024.0999999999995
2009.3999999999996
-380.0000000000004
-882.7000000000004
2773.9
1195.4000000000003
-361.10000000000014
-990.4
298.6999999999998
144.20000000000027
3.7999999999998977
627.4000000000001
1499.2000000000003
1042.1000000000001
715.5999999999997
778.3999999999996
-2629.6999999999994
811.1999999999998
-463.30000000000035
85.99999999999989
-630.0999999999999
1310.1
3018.7999999999997
-331.1000000000001
-735.2
98.89999999999988
2417.1999999999994
-793.0999999999999
610.299999999999
2788.6
-485.39999999999964
-84.30000000000007
2150.2000000000003
652.4000000000001
470.8000000000002
-1037.2000000000005
720.3000000000002
-1370.2
52.59999999999991
-600.0000000000002
-107.60000000000014
736.3999999999996
-540.9000000000003
1252.9000000000008
-239.89999999999992
2315.0
2440.9
2063.2000000000003
-912.3000000000001
1060.9000000000005
1953.8999999999996
2630.9
427.9999999999993
-982.3000000000001
346.8000000000002
222.5999999999998
-2589.499999999999
-522.3999999999999
-698.9
2844.0
-190.69999999999936
553.4999999999998
2635.9000000000005
420.0999999999999
286.1
1322.1
-535.0000000000002
-68.89999999999989
63.5
1668.0000000000002
293.89999999999964
761.9000000000005
-317.5000000000002
1247.6
453.8000000000001
407.0000000000007
1710.900000000001
-1126.4999999999984
503.59999999999945
3093.6
822.6999999999989
1361.3000000000002
-4914.999999999999
2790.0
1517.2999999999997
94.50000000000034
2851.4
-662.1999999999997
84.80000000000003
-17.40000000000012
1354.4000000000005
907.4000000000001
2612.2999999999997
440.8000000000002
184.60000000000002
613.0
2145.2
1130.9999999999995
-121.20000000000014
1014.1999999999991
1565.6000000000004
1772.6
874.6000000000001
1323.9000000000003
1417.1999999999998
-28.80000000000002
1588.1000000000006
-271.0000000000001
-508.2000000000001
1139.0999999999995
-731.4999999999998
459.9000000000003
628.4999999999999
-810.6999999999998
699.1999999999992
508.7999999999997
-689.4999999999998
-1254.3999999999999
-176.60000000000002
1487.6000000000001
-1129.6999999999998
294.2999999999995
-447.0000000000007
2719.6
842.2000000000003
527.8000000000001
660.7999999999993
889.6999999999998
1223.9
2996.6
107.30000000000015
-251.09999999999994
2317.8
2823.6
43.70000000000073
2369.8
1071.7
956.7999999999993
-294.4000000000003
849.3999999999999
51.700000000000045
1222.2000000000005
2098.8
727.5999999999999
-849.0000000000001
156.90000000000063
1344.6000000000004
1734.0
104.50000000000034
1043.0000000000005
1306.4999999999998
2221.5
121.59999999999987
643.4000000000003
2731.2000000000003
571.4000000000008
619.6999999999998
246.39999999999986
-128.69999999999982
1276.9
2215.0
985.3000000000006
740.1000000000001
368.89999999999964
-4.600000000000485
1800.199999999999
-185.8000000000001
283.0000000000002
132.60000000000036
1179.7000000000005
2319.4999999999995
700.4000000000001
1497.0
1758.3000000000002
1642.6000000000001
1113.2
2223.1
1351.8999999999996
1005.9000000000005
3234.8
-13.899999999999864
-836.9999999999993
1954.400000000001
1327.0
477.90000000000055
1152.8000000000002
842.2
1044.1999999999994
620.6999999999994
826.4000000000001
1026.3000000000002
876.5
2613.3
532.6000000000004
575.4
2558.8
1328.5999999999995
2529.5
-225.60000000000028
823.5999999999992
673.5999999999999
2876.8000000000006
728.7999999999997
1734.5000000000005
2116.7999999999993
748.6999999999994
224.89999999999992
-563.5999999999999
-846.3
642.9999999999995
-510.5999999999992
986.5000000000011
121.09999999999926
53.39999999999999
767.7
752.4999999999995
448.60000000000014
1017.6000000000004
-495.2000000000003
665.3000000000002
767.5
785.6000000000004
1112.0
951.8000000000002
2480.6
1321.8000000000002
1115.1999999999994
-258.69999999999936
725.1000000000004
3151.6000000000004
624.0000000000002
418.0999999999999
975.0
2807.2
-311.4999999999998
338.0
-188.5999999999999
1033.0
996.4000000000001
413.0999999999999
688.7
540.0
647.0999999999999
905.8000000000002
-29.199999999999818
2646.4
2288.6000000000004
1056.6000000000004
426.5999999999999
2537.0
2522.0
2261.600000000001
768.5
-94.79999999999995
1286.499999999999
890.9000000000002
2123.4
-467.5999999999999
-32.90000000000009
1241.6999999999998
625.5999999999995
313.7000000000003
-196.50000000000057
-1459.3000000000002
-2689.9999999999995
1163.3000000000002
-5106.800000000001
447.29999999999995
-1291.0999999999995
1038.8000000000002
-1700.6000000000004
740.4999999999993
-478.40000000000055
1999.8000000000002
-1251.1999999999998
657.4000000000001
1032.7000000000007
839.8000000000002
-153.6000000000004
-2301.8
-574.6999999999992
716.6999999999998
1305.6999999999998
2858.4000000000005
636.1000000000004
1065.6
863.6999999999994
2117.2000000000003
1304.7
-3864.8000000000015
-226.79999999999973
1043.7999999999988
1626.2999999999997
739.9000000000015
-190.3000000000001
1082.7000000000003
2592.6000000000004
2741.2
129.60000000000002
1500.5999999999995
1379.6000000000004
1451.6000000000001
943.0
1019.1
2562.3
3153.2
658.9000000000001
-197.80000000000027
25.599999999999973
644.8000000000002
1402.0
1289.5
807.3000000000002
1031.400000000001
943.5
671.7000000000003
-362.9999999999999
453.2999999999997
849.399999999999
511.5999999999999
439.2000000000005
698.0
3039.6
1319.8999999999996
330.0999999999999
648.5
983.1999999999998
712.0999999999999
886.4000000000001
1720.1999999999998
37.80000000000018
930.8000000000002
97.5
686.6000000000004
-508.3000000000002
920.8000000000002
1491.7000000000003
708.5000000000005
1175.1999999999998
989.3000000000002
37.799999999999955
436.10000000000036
1359.0
1259.8000000000002
-343.9999999999999
846.5
1345.9
649.6999999999992
435.5999999999999
2538.6
711.0999999999992
1183.3999999999996
235.79999999999973
35.59999999999991
3142.4
1455.0999999999995
86.29999999999986
-195.60000000000014
-337.9000000000001
2245.6999999999994
2504.2
300.7000000000003
2407.5999999999995
775.8999999999996
237.39999999999964
1406.0000000000005
-1699.8
31.000000000000227
-1777.1999999999994
500.99999999999955
2148.8
787.8000000000002
2407.6000000000004
180.69999999999982
933.7000000000003
205.9000000000001
126.70000000000027
2952.4
359.6999999999998
3057.4999999999995
404.8000000000002
135.19999999999982
2938.4
2811.3
951.5
805.1999999999998
2889.8999999999996
-197.00000000000028
806.7999999999997
24.100000000000364
-590.0999999999999
1088.7999999999993
1071.7999999999997
738.2999999999997
296.89999999999986
391.6999999999998
614.3000000000002
1034.8000000000002
608.3999999999999
505.0999999999999
546.0999999999997
9.0
9.39999999999958
896.3000000000002
871.1000000000004
1571.1000000000004
635.9000000000001
-288.5
-2.200000000000273
911.5999999999999
2676.8
596.0999999999997
698.4
337.0999999999997
127.39999999999964
1394.1999999999998
96.79999999999973
423.1999999999994
-443.20000000000005
783.5000000000001
345.89999999999986
968.2
1289.5000000000005
721.0
960.5000000000005
262.99999999999955
1145.3999999999999
2875.5
1031.1000000000004
3270.0
776.0
861.3000000000002
2766.9
2607.8
1134.6999999999998
536.3999999999999
1435.7999999999997
571.4000000000005
-257.29999999999944
1171.8000000000004
510.49999999999955
1125.5999999999995
1668.1999999999998
1309.5
-94.39999999999986
1961.4
2848.7999999999993
1041.4
397.5000000000002
2852.4000000000005
1343.3000000000002
2997.5
307.3000000000001
894.2999999999997
1367.6999999999998
2403.2000000000003
201.40000000000055
45.600000000000364
286.2000000000003
1383.6000000000004
1063.9000000000005
1063.3000000000002
1063.4000000000005
-6.999999999999915
494.3000000000002
2288.9
-384.4999999999998
491.2000000000007
398.7000000000003
890.6000000000004
883.3999999999996
1093.3000000000002
1100.3000000000002
474.9
779.3000000000002
301.60000000000014
234.60000000000036
2499.1
957.4000000000001
3036.3999999999996
806.5999999999999
405.7000000000003
842.8999999999996
1920.6999999999998
256.10000000000036
2633.8
2961.2
495.4000000000001
-420.5999999999999
861.7000000000007
-612.0
797.5
1155.6000000000004
1154.7000000000003
-1549.6000000000004
2778.8
1461.3000000000002
484.10000000000036
343.2999999999997
1368.3999999999996
2707.3
3003.6
389.9999999999998
912.3999999999996
2776.5
2826.3
670.8999999999996
325.70000000000005
-97.10000000000014
2089.3
699.0999999999999
569.0
1119.6000000000004
1132.0
1403.1999999999998
1429.1999999999998
284.5999999999999
1069.0
2.4000000000003183
916.0
938.6000000000004
1139.0
2892.0
3052.4
1343.6000000000004
911.4000000000001
1188.3000000000002
1376.2000000000003
1537.4
3206.8
591.4000000000001
426.7000000000005
1484.5999999999997
787.8000000000002
961.7999999999997
1144.8000000000002
1560.3999999999999
897.1999999999998
1152.6999999999998
1281.4
-569.9999999999998
1321.1999999999994
1385.8000000000002
1519.9
21.699999999999882
1397.5
2794.8
1325.2000000000005
409.70000000000084
292.5000000000001
2928.0
2009.6000000000004
1138.3999999999999
960.9999999999997
2092.3999999999996
2372.2
986.2000000000007
-410.3000000000001
279.20000000000005
1374.6000000000004
1145.6
1340.1
1330.1999999999998
976.8999999999996
1899.8000000000002
1402.4
556.3999999999999
192.60000000000105
893.6999999999998
868.5
814.9
870.7000000000007
1492.5
1266.1999999999998
1145.1
1104.9
1366.1999999999998
370.60000000000076
1445.1999999999998
3267.6
1110.3000000000002
677.4000000000001
1358.7999999999997
3159.2000000000003
649.6999999999998
1231.5
1480.9
745.7999999999997
895.9999999999999
1232.1999999999998
-580.3
1159.8000000000002
1402.6
1320.9999999999995
2015.3999999999999
1302.999999999999
1526.3000000000002
2802.8
501.30000000000007
2566.2
1027.0
1226.3000000000002
953.5999999999999
1059.0
1478.1999999999998
1525.4999999999995
1345.6000000000004
-124.69999999999982
431.8000000000002
2284.8
1300.0
1020.1000000000004
1392.1999999999998
1014.9000000000001
1731.4
2809.6
509.2999999999997
381.5
992.5999999999999
2214.9999999999995
194.39999999999958
1036.8000000000002
2795.2
1420.4
2399.1999999999994
-635.9999999999999
1291.3999999999999
1421.1000000000001
-688.2999999999993
411.60000000000014
-1092.7000000000003
169.6000000000002
2331.9
2910.0
-362.29999999999995
1216.6
-385.89999999999975
356.0999999999999
1807.8999999999996
1180.1000000000004
666.4999999999999
1497.3000000000006
2475.8
1555.8000000000002
77.50000000000027
913.7999999999998
1476.9000000000005
1007.2000000000005
849.0000000000002
1379.1999999999998
919.2000000000003
2292.0
778.1999999999998
239.1
1215.1000000000008
47.199999999999974
-253.7999999999999
69.89999999999998
44.099999999999966
3043.6
1452.8000000000002
-255.50000000000006
2614.5999999999995
341.09999999999957
1686.2000000000003
-962.1999999999998
228.70000000000005
-1350.3000000000004
486.60000000000014
967.7999999999998
1035.8999999999996
1719.1
2823.5999999999995
2820.8
1493.5000000000002
1256.5
609.6999999999994
1507.2
2241.6000000000004
2872.0
1668.9
386.6000000000002
-704.7999999999994
1202.1999999999998
680.0
1204.7999999999997
1297.5999999999995
902.6999999999994
983.2000000000004
523.7000000000002
867.6000000000004
1306.2
1767.2000000000003
1036.2999999999997
-131.39999999999986
2243.2
1015.7999999999998
2029.6
-403.7000000000001
1552.0
2698.7
3252.0
1027.2000000000007
-19.40000000000056
1082.1999999999996
1356.2999999999997
551.9999999999999
-73.99999999999991
799.0999999999997
2192.7999999999997
487.1999999999998
139.50000000000077
1232.6000000000006
-2759.300000000001
456.6999999999996
-3954.799999999999
-231.40000000000006
323.20000000000016
-1847.2999999999984
327.99999999999966
612.3000000000004
1042.8000000000002
2112.399999999999
1552.400000000001
-2131.199999999999
992.8000000000006
2523.1000000000004
1073.3000000000002
1124.8000000000002
3066.0
-303.4000000000003
1291.6000000000001
2576.7999999999997
3199.2
1263.1999999999996
2629.3000000000006
2495.2
1514.000000000001
-180.10000000000034
-1439.9999999999998
-2698.999999999999
-1536.6999999999996
-2639.6999999999994
-1875.9999999999995
-2051.5
250.20000000000047
2367.0
2030.7
-2171.1
363.8000000000002
2570.7999999999993
-155.19999999999942
544.6000000000001
-629.4999999999993
-748.5999999999996
2100.2000000000003
-550.6999999999998
-1265.6000000000001
96.89999999999986
260.90000000000043
2693.2
1881.1
2525.1000000000004
-542.699999999999
-1204.099999999999
486.2000000000004
154.40000000000012
578.5999999999998
-854.2999999999997
1294.6000000000004
697.5999999999998
943.1999999999999
2792.8
2906.7
2717.8
1138.1999999999998
1798.4000000000005
1468.3000000000002
2766.8
2924.4
-46.40000000000018
2049.1
1695.9999999999998
2898.7999999999993
866.5000000000006
1026.6999999999998
1027.3
777.8000000000006
644.0000000000002
808.0000000000001
96.80000000000018
1259.1999999999996
2596.399999999999
1330.6999999999998
442.8000000000002
1943.8999999999996
2956.8
1257.1000000000001
1032.3000000000002
1455.4999999999993
3130.0
3158.8
1056.3000000000002
561.7999999999997
1535.6999999999998
2765.9
1189.1000000000004
888.5
57.8
1963.9
598.7999999999998
1395.2
1801.1000000000004
999.8000000000006
536.0
1255.4999999999998
470.1999999999998
520.5999999999998
-1122.1999999999998
-177.40000000000032
1621.6999999999998
1027.8000000000006
2786.7999999999997
2848.8
-176.5999999999998
319.29999999999967
661.0999999999999
2579.6
1681.9999999999998
2994.0
1128.4999999999998
-1067.0
1845.2000000000007
1273.9999999999993
455.1999999999997
-113.7999999999999
2875.2
348.5999999999998
922.2000000000007
1722.7
-1097.9000000000003
1751.1999999999996
1070.3999999999996
2390.3999999999996
-443.70000000000033
1896.7999999999997
1257.8000000000006
1116.099999999999
-361.5000000000004
1223.4000000000005
1119.3999999999999
2610.4
-694.8999999999999
492.79999999999995
2828.4
639.8000000000009
676.6999999999997
-2580.6999999999994
758.4999999999995
646.8000000000001
137.60000000000025
-784.5000000000002
2584.0
742.4999999999999
2501.6
1405.5000000000002
146.99999999999983
-1680.499999999999
1166.5000000000002
980.3000000000002
402.80000000000064
35.00000000000044
2509.1
808.6
1131.9
416.20000000000044
1301.8999999999999
840.3999999999997
1775.8
2831.2
873.2000000000005
361.599999999999
2483.399999999999
2859.6000000000004
994.1999999999996
1044.3999999999994
2081.0
1044.1999999999998
1105.3999999999996
1561.4999999999993
5.800000000000274
2637.8
977.0
1845.6
-284.39999999999975
2023.6000000000001
2750.4000000000005
1065.3
1019.4000000000001
1162.1
2884.0
2666.0
-536.2
919.8999999999996
687.5000000000001
1404.6999999999998
1266.8999999999999
-364.6999999999999
263.9
1083.3999999999996
1133.9999999999998
1049.9
489.2000000000002
393.4000000000002
2193.9
1719.1999999999998
1442.2999999999993
1604.0999999999997
-1766.8000000000006
1589.2999999999997
-625.9000000000001
2448.9000000000005
2868.3999999999996
2229.6000000000004
843.0999999999993
1254.4
2441.1000000000004
1729.9999999999995
1987.6000000000001
1948.6000000000004
849.0000000000002
-1394.9999999999995
2515.0
1376.9999999999995
-180.6000000000011
336.90000000000026
2514.4
904.0999999999998
469.20000000000005
1559.5
585.6000000000006
2361.6000000000004
2202.0
2826.8
1149.8000000000002
-178.69999999999874
2116.8
1132.0
1632.4000000000005
1872.6000000000004
3098.8
2276.8
1585.2000000000003
934.5999999999997
1937.6
1954.0000000000002
1106.1000000000004
-359.8999999999999
63.39999999999995
1142.9999999999998
553.4000000000004
222.19999999999948
1684.4
463.3999999999997
1756.0
800.5999999999998
-342.60000000000076
-393.6999999999995
1686.8000000000002
369.9
144.60000000000002
2027.5
1738.4000000000003
2242.8
-2650.3999999999987
1588.4000000000003
1990.8000000000004
128.59999999999903
1883.2
2350.0000000000005
-1764.5000000000007
1948.6999999999998
617.9999999999998
2584.8
1932.6
-2655.7
2427.599999999999
2333.5
-1332.2000000000007
-165.29999999999956
10.900000000000148
-850.1999999999997
206.5000000000003
2611.2000000000003
-1259.4999999999998
119.99999999999974
2867.2
414.60000000000167
-1302.7
191.10000000000042
-283.19999999999976
-137.59999999999962
1709.6000000000004
472.9000000000001
2606.8
1596.1999999999998
147.60000000000014
-2285.4
-1043.1
1967.6999999999994
1606.6999999999996
147.80000000000013
599.8000000000004
1808.7000000000003
-1439.3999999999996
-145.5999999999997
230.99999999999977
-915.4000000000008
-87.50000000000023
1496.2000000000005
19.399999999999977
-162.4999999999999
3274.0
77.70000000000039
112.19999999999999
1057.5999999999995
1678.4000000000003
2447.6
1640.4
3320.0
1690.6
273.8000000000011
1844.6999999999998
342.20000000000044
727.6999999999998
336.7999999999996
2319.1000000000004
588.3000000000002
996.7999999999997
1676.1000000000004
-1792.5999999999995
2045.2000000000003
2222.7
2197.6000000000004
1425.1999999999998
1841.8000000000002
2410.3
2150.7000000000003
341.4000000000001
1834.9999999999998
42.599999999999554
241.70000000000064
704.4000000000002
1727.1
1160.6999999999991
2223.8
408.6999999999996
473.80000000000007
694.5000000000001
302.1000000000001
1254.3000000000002
2586.6
2539.1000000000004
606.4000000000002
325.7000000000002
1541.2000000000005
-255.89999999999995
-502.19999999999965
-310.69999999999936
789.5999999999997
1268.3
1700.8000000000002
3104.0
706.6000000000001
1265.9
833.4000000000004
1247.0000000000007
1919.2000000000003
2842.8
3079.2
487.2000000000003
1214.6999999999998
3035.6
1516.0000000000005
2806.3999999999996
1327.0
1420.1
1210.6000000000004
1748.6000000000004
1158.1999999999994
928.1999999999998
1297.2000000000007
3154.8
1505.6
346.4000000000003
1305.6999999999998
1738.999999999999
1267.9
411.0
1454.1
2930.0
3175.9999999999995
717.6999999999998
1349.8000000000002
3261.999999999999
2945.6000000000004
1322.7999999999995
-1039.8000000000002
429.80000000000035
1243.7999999999995
1021.4999999999999
1678.8000000000006
1244.6000000000001
1353.5
1232.2
1776.3999999999999
-167.99999999999983
1044.8000000000004
1140.5
1045.0000000000007
1194.0000000000002
1193.4
3348.0
2258.8
679.6999999999998
1754.4
3010.4
2773.4
1711.4
3084.3999999999996
294.9000000000001
2607.4
3108.0
3036.7
2448.0
998.0
1585.9
-395.60000000000025
1333.2999999999997
608.0999999999997
-358.4000000000002
2758.7999999999997
1372.0
2238.4000000000005
-424.90000000000003
1485.6
3032.4000000000005
1333.9
380.90000000000015
865.0000000000003
2862.3999999999996
1782.099999999999
816.1999999999995
951.8000000000001
3079.6
1402.6
773.5
49.799999999999955
710.0999999999997
1542.000000000001
1187.1000000000001
938.2999999999995
935.8999999999996
819.6999999999998
-289.1999999999996
1327.9999999999995
820.5999999999998
664.4
624.5000000000005
1334.1999999999998
1352.6
1077.8
1363.5999999999995
3100.4
1317.2999999999997
905.7999999999992
1503.1999999999998
1458.1
1608.6000000000004
2140.5
1474.4000000000005
1517.6000000000004
1366.8000000000002
1492.0
1546.8000000000002
1044.6
1362.0000000000007
2099.0
602.4000000000003
1253.1999999999998
1008.5999999999999
1186.1000000000006
1998.3999999999996
1422.6000000000004
312.5999999999999
1910.3000000000002
1549.0
1369.3000000000002
958.7999999999997
1575.0
1429.0
2047.6000000000008
995.6000000000008
1242.6999999999998
1509.8000000000004
1408.8000000000006
1504.4
-163.19999999999985
355.59999999999997
1375.1999999999998
1086.0000000000007
878.9000000000001
1320.7000000000005
387.20000000000005
1895.5
1534.3000000000009
264.2000000000002
1235.6000000000004
1089.9000000000003
1666.3
1173.1999999999996
1721.6000000000004
1953.1999999999998
2778.4
1630.1000000000001
861.7000000000004
2823.8999999999996
1845.6000000000004
1713.0
3060.0
35.19999999999927
990.8999999999999
2155.6000000000004
1290.4999999999995
212.20000000000016
468.3000000000004
2567.6000000000004
1592.0
718.0999999999996
1494.0
565.4000000000002
1257.6000000000004
748.9999999999995
2261.5
1417.1
2215.2000000000003
1028.699999999999
784.4000000000001
-1339.6000000000004
1231.6000000000004
-759.1999999999996
872.6000000000003
1052.6
-241.4000000000009
3066.8
2270.3999999999996
-391.0999999999998
-1889.0999999999997
1105.5999999999997
2945.6
396.9999999999991
-1460.7000000000003
216.80000000000027
1723.0
-411.1000000000001
-619.2000000000003
1026.2000000000003
44.40000000000029
-1285.7
-475.1999999999999
-337.79999999999984
-221.30000000000106
3062.8
2893.6
557.8000000000001
-40.19999999999992
1584.1000000000001
-54.69999999999969
1989.1999999999994
2822.0
-205.0000000000006
1732.8000000000002
3394.8
2765.4
-1494.7999999999986
-90.50000000000011
2961.6
-302.9000000000001
2258.9999999999995
1820.8000000000004
-1237.0
-863.6999999999997
-507.50000000000034
-1777.899999999999
-1951.5000000000007
697.8999999999994
576.2999999999993
-717.1999999999996
-1548.9999999999995
1891.4999999999998
-140.5000000000006
594.800000000001
1659.5
-942.5000000000006
1447.8999999999996
1838.1000000000001
-236.60000000000085
-225.59999999999957
1454.3
3002.8
114.00000000000054
2254.7
1703.1
850.1000000000006
593.3999999999995
-613.6999999999998
410.40000000000003
-1929.4
-304.29999999999893
-464.0999999999999
-938.9999999999999
525.3999999999994
3206.0
2974.7999999999997
-1001.5000000000002
-271.79999999999995
1802.2999999999997
1059.8000000000006
1023.7999999999997
1312.5999999999997
982.0
130.7999999999999
1955.4999999999998
2392.7000000000003
364.20000000000016
1147.3
2081.6000000000004
931.4999999999997
1003.1999999999991
1806.0
1030.9000000000005
1422.7
2982.0
1887.9999999999995
723.8
1845.1999999999998
3035.8
1506.2999999999995
1262.4
1186.0000000000002
598.5999999999998
3100.0
742.3999999999994
945.5000000000002
1339.4999999999998
1497.8000000000004
1035.9999999999998
146.7999999999996
825.3000000000001
1948.3999999999996
145.4000000000005
1397.9
917.7999999999998
1646.9999999999995
1279.3999999999994
1427.2
391.0999999999995
1333.9
158.20000000000044
1434.3999999999996
-675.0999999999997
1904.8000000000002
2492.0
2207.600000000001
704.8999999999995
1306.0
1423.4000000000003
1950.0000000000005
-295.199999999999
2668.0
1875.9999999999998
250.39999999999986
2149.2000000000007
3193.2
1353.0
2141.4999999999995
2275.2
932.9999999999999
1311.0
755.3000000000004
-738.1999999999994
-124.99999999999878
1524.6000000000001
2657.6
507.7
1874.4
119.70000000000061
2026.0
350.79999999999995
1817.1999999999991
3162.4
2213.6
1487.5999999999997
946.9999999999997
1537.8999999999996
3138.0
-1530.7999999999997
299.0000000000002
366.8000000000002
452.80000000000024
1836.3999999999999
2170.6000000000004
287.69999999999993
632.7
150.50000000000068
205.0999999999997
262.5
1081.2
1333.9000000000003
220.9000000000005
1503.7000000000003
1983.1999999999994
2863.2
2538.0
1328.6
379.8000000000004
2581.2
2831.0
1207.8000000000006
3379.6000000000004
723.8000000000002
1304.4000000000015
1588.4000000000003
623.9000000000002
2752.8
337.5999999999994
2461.2
865.0000000000002
1229.6999999999998
1065.6000000000001
725.2999999999996
1628.7999999999997
3019.6
2918.7999999999997
1325.5999999999997
22.79999999999916
2961.6
1260.3999999999999
-1671.8999999999994
446.0
2319.2
-597.3000000000004
-1379.2000000000005
-1148.1000000000008
50.00000000000047
2935.2000000000003
419.89999999999986
-1179.3000000000002
-609.4999999999995
866.0000000000002
2419.6000000000004
-810.7000000000003
1564.8999999999999
599.0999999999999
-259.7000000000007
2143.6000000000004
-565.3000000000002
109.80000000000061
-430.9999999999996
615.4000000000001
-1419.399999999999
-223.9
2286.4
1483.100000000001
-2658.7
761.5999999999999
1286.7999999999997
-416.999999999999
-361.59999999999917
1144.2000000000003
1933.1999999999998
396.60000000000014
1854.200000000001
55.699999999999946
349.3999999999995
-831.6000000000003
2377.6000000000004
429.70000000000056
1496.8999999999994
100.90000000000053
-1523.2999999999995
1692.0
957.7999999999997
2184.2
-1143.8000000000002
625.2999999999998
2073.4999999999995
1847.2000000000003
1182.1
1069.8000000000015
1009.3000000000001
377.3999999999999
-35.30000000000001
1025.1000000000001
2712.4
1828.2000000000003
773.6000000000003
398.20000000000016
1177.5000000000002
1744.0
-1214.1999999999998
765.9000000000001
1379.9000000000003
2331.8
1674.2000000000003
1454.4000000000005
607.8000000000004
709.3999999999997
635.3999999999999
1329.6000000000001
765.2999999999995
1174.7000000000005
3041.6000000000004
2045.1999999999998
859.7999999999996
39.30000000000051
490.60000000000076
2144.0
1994.4
3057.2
1450.0000000000007
1661.2000000000007
3114.6
1528.4000000000005
825.5999999999992
490.70000000000005
2128.3999999999996
866.1000000000003
1798.1000000000004
-1310.6000000000001
976.2999999999996
1590.100000000001
2394.6
2165.5
945.7000000000004
2745.600000000001
2429.6
943.3999999999999
911.0999999999993
1849.1999999999996
2080.7
2430.2
719.9000000000001
532.3000000000008
3079.1999999999994
1681.4000000000005
1503.0
274.69999999999993
-214.19999999999996
2017.6000000000006
1216.0
1776.4
464.9999999999997
702.9000000000004
1999.5
2008.4000000000005
-353.80000000000024
-497.9000000000001
1476.4000000000003
688.9000000000003
373.00000000000017
2303.2
2386.0
2871.5
-59.30000000000043
-420.8000000000001
908.1000000000001
358.5999999999999
1265.2
3080.8
-1116.0
-609.3999999999996
1851.6
594.900000000001
204.6000000000003
1532.8000000000004
2430.4
545.4000000000003
-1827.3999999999994
596.2
480.9999999999998
189.80000000000064
2689.5999999999995
2326.3999999999996
958.5000000000005
2087.3999999999996
3058.8
178.5999999999994
1830.9
-61.79999999999943
-255.700000000001
3073.2
-1214.4
-9.899999999999878
2996.4
917.5999999999993
389.0000000000002
-1504.5999999999997
-244.00000000000017
741.1999999999999
2239.7
1929.6000000000004
2018.9
793.7999999999996
1826.6
58.900000000000254
-1016.6999999999999
1273.7999999999997
-661.1
-103.19999999999985
745.3999999999999
1332.9999999999993
794.6
-426.80000000000007
1556.6000000000001
-481.90000000000043
2937.8
-718.3999999999996
507.6000000000001
3363.2
-1151.6000000000001
-1658.1
-1301.7000000000003
927.1999999999992
-358.5
49.600000000000406
-226.89999999999998
71.19999999999993
1664.6
-778.8
-439.9000000000001
-1415.8000000000002
2793.2000000000007
-661.4999999999997
196.90000000000035
2958.4
3170.8
1222.0
-1896.8999999999999
2986.3999999999996
2995.6000000000004
1621.9999999999998
-204.19999999999976
1531.7000000000003
2894.0
3061.6
393.49999999999994
215.4000000000002
1467.8000000000004
609.1000000000007
743.0999999999996
1611.2999999999997
2917.6000000000004
481.49999999999994
1147.2
3015.0
897.9
-123.89999999999927
1576.8000000000004
1075.9000000000003
-99.69999999999968
1646.1999999999998
701.4999999999999
1680.6999999999998
1037.2999999999995
1543.7
3061.9999999999995
2180.1000000000004
2114.0
3255.6
1029.4999999999993
994.1999999999995
1106.1999999999998
1094.7999999999995
904.0999999999995
641.3999999999999
1225.8
485.0000000000001
1834.6999999999994
1103.8999999999999
217.5000000000001
1715.6000000000004
1607.5
1918.6
700.6
1538.1
2629.1
1728.8000000000002
98.20000000000039
2925.2
1751.0
2146.4
1344.8000000000004
554.3999999999999
3147.6
3134.4
1064.6
1057.9999999999998
1736.6000000000004
2014.4000000000003
2391.2
2235.8
2826.4
1611.4999999999998
2243.6
1348.7
206.99999999999946
1488.6999999999996
1427.8000000000002
1445.5000000000005
-1247.5000000000005
987.9999999999992
2092.4
2143.2
784.3000000000001
1247.6000000000004
279.80000000000024
-802.8999999999991
1744.8
2343.2
441.3000000000001
737.0000000000006
2071.9000000000005
3034.0
2036.8000000000002
-475.9
2523.6
1871.7999999999997
-378.3000000000003
602.0999999999997
-1210.4
1914.400000000001
214.4000000000001
2356.0
-1621.7
-169.9000000000007
2624.8
2100.4
-414.7000000000003
-331.09999999999974
2678.4
-627.0000000000008
1689.9999999999998
331.60000000000025
2932.3999999999996
2014.8000000000002
1.49999999999946
-514.3000000000002
1453.6999999999994
2257.6
-859.3
150.60000000000008
2624.7999999999997
-906.9
1044.9000000000005
1758.3000000000004
-1929.9000000000003
-1173.0000000000005
-2277.5
-4301.599999999999
-423.2999999999996
-48.599999999999625
2854.8
2850.1
57.100000000000136
-871.5999999999997
784.0000000000001
-457.50000000000045
-386.5999999999995
-1464.0000000000002
1333.1999999999998
-522.7
856.0000000000005
2023.2
445.0
1982.3000000000002
2080.8
53.20000000000002
608.7000000000004
845.0999999999998
245.49999999999983
1240.4000000000008
1920.7999999999997
1357.6000000000006
320.8000000000002
2536.4
1374.0
1466.6999999999996
866.0999999999999
1477.9
1843.1999999999998
1603.7999999999997
1025.2999999999997
1006.3000000000002
3022.0
1638.8000000000002
1318.6999999999994
1269.4999999999998
903.5000000000001
2546.4
1885.8000000000002
1502.8000000000002
1151.7999999999997
1087.8999999999999
415.6000000000001
235.60000000000053
-57.600000000000335
1006.8000000000002
729.7000000000004
575.9000000000004
708.3999999999995
1046.8000000000002
2334.3999999999996
2222.4
1195.3999999999992
1027.4
1714.0
2304.8
1759.6000000000001
3297.6
-548.8000000000003
1438.1000000000008
2009.9999999999995
1667.6000000000001
657.3000000000008
27.60000000000028
2231.6000000000004
1651.8000000000002
1130.7000000000005
1874.0
-978.0000000000003
2107.2000000000003
2433.2
2119.6
843.9999999999994
300.59999999999843
1778.8
556.4
158.599999999999
1761.9999999999993
788.0000000000001
2932.0000000000005
1800.4000000000003
1691.8000000000002
3398.3999999999996
1864.8000000000002
616.8000000000001
695.2000000000003
1403.8000000000002
1017.2
2803.6
2052.2
2269.9999999999995
2716.7000000000003
1041.9999999999995
1316.9000000000008
581.5999999999998
706.8999999999995
1438.1999999999998
1337.6999999999998
958.0000000000005
1750.4000000000005
1675.6000000000004
2061.1999999999994
320.89999999999964
1676.8000000000002
2906.4
854.0000000000001
1558.3999999999999
3094.8
967.4000000000001
1387.0000000000005
1780.1999999999998
2039.2
2131.5
476.6000000000004
2195.6
1907.6000000000004
1624.6999999999998
1489.2
816.5999999999999
1594.8000000000002
3164.0
1858.0
2364.2000000000003
1705.3999999999996
3303.2
1418.7999999999995
673.0000000000002
1148.0000000000005
1798.8000000000002
1913.1000000000004
832.1999999999997
1103.9999999999993
1408.8
1725.6
1040.6999999999998
32.39999999999954
1211.7999999999995
879.4999999999999
1207.5999999999997
1876.2000000000003
2710.8
1161.7999999999995
1551.8000000000002
1457.8000000000002
541.3000000000004
1406.0
734.6000000000004
1376.7000000000003
-334.4000000000005
401.8000000000006
3059.6
1155.0
1994.6
1101.4
1119.2
959.1999999999996
2088.4
3220.7999999999997
1353.8000000000002
1137.6999999999998
3082.0
1804.6000000000004
1086.6
722.9
1972.0
1421.1
1675.5
503.1999999999998
338.89999999999964
924.3999999999997
2573.2
2066.8
226.9
1258.4
2080.3000000000006
1435.5000000000005
916.1999999999998
1370.6
1671.6
1607.6000000000006
1069.3999999999999
993.8000000000002
3117.2
600.4999999999998
1153.1999999999998
161.19999999999985
-5.500000000000227
1397.6000000000001
1296.8000000000004
1442.5000000000002
1247.4000000000005
1057.2000000000003
1248.9
2916.0
358.2999999999997
1343.1
697.9000000000005
982.7999999999998
1484.5000000000002
1244.8999999999999
1375.1999999999998
2043.8999999999996
1306.6000000000008
862.8
1418.0
2792.0
2841.0
3177.2
644.0999999999998
1442.0999999999995
1693.199999999999
2830.399999999999
1527.3999999999996
2560.0
2089.6000000000004
735.0999999999997
2431.5000000000005
1203.6
158.40000000000015
791.4999999999998
152.8000000000008
1998.0
531.4999999999998
2969.6
1872.2999999999997
1219.1000000000006
1236.6000000000001
1367.2000000000007
2884.7999999999997
1770.8000000000002
860.0000000000013
969.5999999999995
1585.6000000000006
1837.9
1751.8000000000002
-333.89999999999986
712.2999999999997
998.7999999999994
898.4
1544.9000000000005
1724.0
562.3000000000006
1543.7999999999995
1620.8
370.3000000000003
313.80000000000024
1001.3000000000004
1162.9999999999998
1432.1000000000001
1871.9999999999995
1418.3999999999996
803.0999999999996
2250.1
1046.1999999999996
2846.7999999999997
1587.5
174.20000000000056
1440.4000000000003
1194.3999999999999
1264.6000000000004
2897.6000000000004
1343.6000000000001
1640.4000000000003
722.9
2230.8000000000006
-39.000000000000526
1816.2000000000003
976.1999999999999
-165.39999999999995
1634.0000000000002
2222.0
2145.6000000000004
-1362.2
1018.4999999999997
2137.6000000000004
1797.2000000000012
1496.9
2653.6000000000004
2272.0
2502.7999999999997
297.59999999999985
-421.99999999999943
108.90000000000029
1932.3999999999994
1483.6
337.6999999999997
-155.70000000000005
51.20000000000016
1931.2000000000003
1919.6000000000004
2453.6
1303.5000000000002
1040.1999999999998
571.1999999999998
1476.4999999999998
1500.4000000000003
1564.1000000000004
1659.0000000000002
1502.8
854.2000000000004
1939.2000000000003
-587.8999999999999
1937.3000000000002
1941.1999999999996
2877.6000000000004
2370.0000000000005
1811.6000000000008
1578.0000000000005
-489.69999999999965
-852.5000000000002
28.299999999999812
2194.8
-1640.8
-834.1000000000001
2776.0
-873.5999999999996
2040.1999999999998
414.4999999999994
-2765.5999999999995
-679.6000000000001
2852.8
2781.3999999999996
-2904.4
-1007.8999999999995
2690.4
2594.0
-2284.2999999999997
2430.000000000001
2179.8999999999996
2773.2
2021.6000000000004
-1249.7000000000003
176.89999999999992
1963.5999999999997
-485.99999999999983
-1180.6999999999998
1661.8
2389.6000000000004
2116.8
2409.8
1901.1999999999994
1848.3000000000002
2640.0
2015.5999999999995
-2076.4
-344.6000000000001
2216.3999999999996
2389.9000000000005
-674.2000000000002
-900.2
2540.0
2888.4
-2621.5999999999995
1227.9999999999995
2280.3999999999996
-629.6999999999989
2588.7999999999997
3289.2000000000007
2247.7999999999997
-1130.5000000000005
-1775.399999999999
-708.7999999999996
-664.5999999999991
-2501.2
2750.0
-370.7999999999994
-277.5999999999997
1067.4000000000008
-973.7999999999993
2353.2000000000007
-1221.1999999999998
2448.8
-3125.3000000000006
-1386.9999999999989
532.5000000000002
985.3999999999999
-2285.0
2478.8
230.80000000000132
-1352.1
509.2000000000001
107.29999999999984
3425.6
1937.1999999999998
-1332.5999999999997
-1210.2999999999993
-274.30000000000035
2326.400000000001
1034.0000000000002
2227.5
2851.0
2122.7
1913.1999999999998
1293.2000000000005
-1738.2
1970.6999999999998
1292.4999999999995
111.9999999999996
766.0000000000005
2411.2
2300.8
-499.9999999999997
745.299999999999
1813.1999999999998
1986.8000000000002
2448.4
1209.3999999999992
1547.2
921.6000000000003
585.9999999999997
3084.7999999999997
1483.9999999999998
2126.4
804.5999999999995
2439.2
2888.3999999999996
152.70000000000147
551.8000000000011
142.99999999999986
718.1000000000005
-604.7000000000002
2570.8000000000006
-301.6000000000009
-1613.6
-351.5000000000002
2939.0
236.50000000000082
2350.000000000001
2341.6000000000004
2433.3
-542.3999999999997
-83.79999999999922
3282.8
2841.6
20.69999999999999
5.600000000000577
1465.5
-806.2999999999997
-90.29999999999946
2633.0
2854.3
2502.5999999999995
-870.3999999999993
41.20000000000083
-1497.1000000000006
-818.6999999999998
-628.4999999999998
-355.1000000000007
1435.7999999999997
1944.0
2970.0
2350.4
2081.2
1627.6
2304.4000000000005
1922.7000000000003
764.7999999999996
2385.6000000000004
1707.1999999999998
1808.2000000000016
3095.6
2688.0
-420.80000000000024
1448.3000000000006
2313.6000000000004
1652.7999999999997
-368.29999999999956
501.50000000000034
-1161.2000000000003
913.7000000000005
2178.0
2440.4
1397.0
2301.1000000000004
2986.8
1786.3999999999996
805.5999999999999
2181.2000000000003
2819.0
523.9999999999995
-710.3000000000002
-1181.6999999999991
2385.2
2112.0
2110.0
-1149.4999999999995
-1750.200000000001
2606.3999999999996
3011.2
-637.9999999999999
2334.2
1899.5000000000005
715.2000000000007
2021.1999999999998
-533.6999999999996
1658.6999999999998
-296.6000000000004
1701.9999999999998
-713.4999999999993
2503.6
1980.1000000000004
2499.2
2185.4
-404.2000000000001
1651.2000000000003
2098.1000000000004
460.39999999999964
3180.8
441.30000000000064
721.5999999999997
2306.4000000000005
3016.0
-149.60000000000022
212.5999999999998
2214.3999999999996
593.8000000000003
63.099999999999454
1217.6000000000008
765.5999999999999
938.8
2718.7999999999997
422.60000000000036
-32.400000000000176
474.8000000000004
1013.4999999999994
425.6000000000004
-257.29999999999995
1541.8999999999996
503.2000000000003
2649.6
1447.6000000000013
1870.4999999999995
2075.0
2349.6000000000004
1670.3000000000002
743.7999999999995
-456.7000000000002
2844.3999999999996
2937.8999999999996
655.0000000000002
2141.6
314.99999999999983
1735.6
734.3000000000009
-134.29999999999993
-172.50000000000014
22.399999999999977
125.40000000000069
1978.4
1578.3000000000004
3100.7999999999997
3102.0
818.1000000000001
-804.2
268.8
1960.7000000000003
169.4000000000009
3171.2
-692.0999999999999
970.3999999999997
-127.19999999999948
3220.8
2941.2000000000007
1660.0000000000002
1289.4999999999995
-629.3999999999996
-149.40000000000074
1129.2000000000003
1672.0000000000002
-279.09999999999934
1605.8000000000002
1072.1000000000001
-1671.3999999999999
3115.2
697.4000000000005
822.9000000000003
-3754.2000000000003
75.70000000000087
1533.2000000000005
2317.2000000000003
-59.40000000000052
937.8999999999995
2707.2
2868.0
314.9000000000006
-46.30000000000034
-637.7000000000002
3009.6000000000004
2081.1000000000004
-91.89999999999979
836.7999999999998
-685.5999999999996
691.4
419.5999999999992
-1795.2
90.10000000000018
-326.19999999999976
1951.000000000001
166.49999999999966
628.6000000000005
997.9999999999999
622.000000000001
1734.6
-27.99999999999973
823.8000000000004
2212.0
1287.5999999999997
520.6999999999996
1709.1
300.7999999999997
1091.2000000000007
2963.6
1332.0000000000005
1019.8000000000002
1585.4
1247.9000000000005
-316.7000000000005
355.6000000000002
-489.69999999999976
2196.0
2470.0
1621.6000000000006
269.6999999999999
1652.799999999999
1982.0000000000002
229.70000000000022
895.0000000000006
3153.6000000000004
1790.8000000000002
2005.2000000000003
-1145.2000000000003
138.39999999999964
2054.4
3101.6000000000004
-102.20000000000003
-1146.3
-4897.599999999999
3093.6000000000004
976.4000000000005
-1918.9000000000008
-1777.3999999999996
-1810.8000000000004
-1256.7999999999995
-3256.4999999999995
-2937.4
1264.000000000001
-2208.0
-953.4000000000002
1578.3999999999996
282.0
2294.800000000001
2357.2000000000007
-50.600000000000946
-723.4000000000003
2202.400000000001
357.200000000001
-674.2000000000003
3217.6000000000004
2230.3
-538.9000000000003
33.59999999999951
2776.7999999999997
197.29999999999967
-463.29999999999984
3157.6000000000004
-673.099999999999
-1242.5999999999992
2354.0
-1509.1
-1064.9
359.5999999999994
2446.7
-2091.6999999999994
-422.30000000000007
2212.3999999999996
468.6000000000001
-66.30000000000031
747.4000000000002
1127.200000000001
2925.6
2102.8
1291.6000000000004
3231.2
3098.4
-843.8000000000001
1044.8
175.79999999999984
2860.0000000000005
1350.7000000000007
1294.6000000000001
196.79999999999947
-557.2000000000014
1102.4000000000005
981.1000000000007
1480.1
819.7000000000004
35.7999999999997
2652.0999999999995
990.6999999999999
1320.0000000000005
3184.8
2177.6000000000004
751.0000000000007
-1136.4
2338.4
2073.6000000000017
481.5999999999992
3336.8
1784.3000000000002
-285.69999999999925
2328.7999999999997
3110.0
2562.8
2827.9
1474.1999999999998
1629.2
94.90000000000067
2221.5
618.1999999999997
2643.2
1881.8999999999996
1804.0000000000007
-423.49999999999955
368.4000000000004
2977.6000000000004
-2186.3
-753.1999999999997
-456.9999999999992
2629.6000000000004
3122.8
-773.7000000000004
500.0999999999991
2396.4
-124.09999999999934
1464.0000000000005
-670.8999999999997
-1036.6000000000004
3022.8000000000006
2942.3999999999996
-620.4000000000008
2898.3999999999996
17.199999999999662
-383.6999999999996
-538.5000000000003
-1670.3000000000006
1905.2000000000003
-1724.3999999999996
-486.5999999999999
-566.5
-123.60000000000008
315.2000000000006
510.10000000000025
393.89999999999964
497.69999999999936
687.0000000000002
402.09999999999945
2281.6
3115.5999999999995
965.1000000000006
72.60000000000049
3116.0
1253.5
741.5999999999999
2713.5999999999995
1707.9999999999998
-348.60000000000105
-466.4999999999996
1124.2000000000005
-7.899999999999807
513.8999999999996
79.99999999999955
1770.8000000000002
232.90000000000003
2928.399999999999
2256.8
-28.600000000000136
472.40000000000066
1386.1999999999994
1434.0000000000005
1627.1000000000004
1122.6999999999998
578.1000000000006
1168.9000000000008
2672.8000000000006
901.6000000000004
-2073.6
313.20000000000016
2899.2
1038.6000000000001
587.1000000000006
2655.8
798.5999999999998
1260.0
592.5999999999995
460.5999999999996
640.2000000000003
963.9000000000001
2617.4999999999995
1308.6000000000001
1553.1999999999998
3054.3999999999996
1173.7
1097.4
1119.6000000000001
2131.6000000000004
1422.0
-124.60000000000012
2348.4
1609.5999999999997
534.5000000000006
988.5999999999992
3093.2000000000003
1387.1000000000001
2725.2
2249.4000000000005
-168.30000000000055
-241.8999999999998
1842.8000000000002
-1958.8000000000002
1898.8000000000002
1304.6
-351.09999999999883
711.5
2475.3
1732.4
2134.8
990.5999999999995
1991.2000000000003
1664.8000000000004
2036.7999999999997
2151.6
2342.0
548.0
2630.0
263.59999999999906
1129.6
-366.29999999999905
2441.2000000000003
1920.8000000000004
954.8000000000008
1881.6
-353.60000000000014
1727.5999999999992
795.1999999999997
1181.1999999999998
1663.0999999999997
-141.39999999999927
1639.9
88.20000000000002
1996.0
1610.8000000000006
2300.7999999999997
942.5999999999996
1094.4000000000003
-112.19999999999963
1677.2000000000003
908.2000000000019
2910.0
-423.9999999999992
-769.4000000000003
37.800000000000665
3201.6
1608.8000000000002
2854.9000000000005
2279.2000000000003
828.0
-71.09999999999978
21.399999999998776
-439.5000000000004
428.2000000000003
1782.0000000000002
916.9999999999999
-1262.6999999999996
1941.6000000000001
1762.7000000000003
613.6000000000009
1091.6000000000006
-77.6000000000006
-148.3999999999989
2115.6
-631.8999999999996
-1162.1999999999998
2192.4
3410.3999999999996
1903.0000000000002
239.9000000000002
712.1
2822.3999999999996
172.20000000000076
-298.0999999999999
-232.30000000000038
-112.8999999999995
511.2000000000002
1296.0000000000002
398.89999999999975
996.1999999999999
-49.799999999999436
818.3
1132.3999999999994
1845.6000000000004
1057.0
3029.2
862.199999999999
531.8
1124.6999999999998
1127.2000000000007
1257.4
2405.6
1316.5
1030.0
3171.2
2990.8
1518.4000000000005
1269.6999999999998
1879.6000000000004
614.4
1024.6
1041.8000000000002
930.7999999999994
946.4
985.6
1296.2000000000007
647.5
725.5
946.7
2218.7999999999997
908.1000000000003
2228.8
3098.4
1469.2
949.7000000000007
1065.0
1161.3999999999996
3057.2
1252.4999999999998
897.0
1320.8
1998.7999999999997
964.7
857.7999999999997
1117.3999999999999
833.4999999999993
783.3
1726.0
321.2000000000003
915.9999999999999
1961.6000000000004
1795.1999999999998
976.6999999999998
1719.0
3206.4
1768.3999999999999
1929.1999999999998
1024.0000000000005
2953.2
1255.2000000000003
2930.8000000000006
3356.8
892.1999999999998
2462.8
2384.0
2477.6
1025.6
1804.4
3186.0
1280.4
890.4999999999997
1236.6000000000004
154.9000000000001
1666.4000000000005
1419.8999999999996
1478.5999999999995
901.1999999999996
1356.1999999999998
1506.8000000000002
1684.8000000000002
1012.3999999999997
2152.8
1471.8999999999996
1254.0000000000002
1883.6
1076.1
1564.0
2714.4
1549.3000000000002
570.8000000000001
1021.0999999999997
1808.2000000000003
1427.8
1055.2000000000003
2737.2
1182.9999999999995
1084.7999999999997
2935.2
749.3999999999999
964.8000000000001
1195.0999999999997
1149.0999999999995
922.6000000000003
1186.6000000000001
1555.4
1155.0000000000002
-726.8999999999997
1102.8000000000002
2157.6000000000004
1444.8000000000002
1365.0
2990.0
790.2000000000003
962.4000000000003
1544.8000000000002
1321.8000000000002
1194.9999999999993
1161.8000000000006
1356.799999999999
1233.9
866.0
1998.8000000000002
932.3999999999997
1214.6000000000001
2333.6
1476.6000000000004
532.2000000000003
2806.8
3267.2
2066.399999999999
-77.20000000000012
609.9999999999989
671.0000000000005
649.7999999999996
966.1000000000003
2024.7000000000003
2410.3999999999996
2594.0
1114.8000000000004
843.4000000000001
447.3000000000003
1626.1000000000001
850.0
2009.4
1486.0
1322.1000000000001
1503.6000000000001
1362.1999999999998
560.4999999999997
1966.6999999999998
1165.9
905.9000000000008
678.1999999999998
1845.6000000000001
1940.0
3187.2
1289.3000000000004
1302.4
2970.0
-217.19999999999987
2317.6000000000004
3392.8
895.0000000000003
1185.7999999999993
2409.2
1961.6999999999998
1454.6
1730.3999999999999
2258.8
498.60000000000014
1577.5999999999992
1111.8000000000006
-646.5999999999999
965.0000000000002
1770.7999999999993
1503.599999999999
112.8999999999998
1921.6000000000004
1930.4
1983.6000000000001
-510.7000000000009
1978.8000000000002
1439.0
1417.8000000000002
978.0999999999998
989.7000000000002
2804.7999999999997
3040.4
776.3999999999999
-72.29999999999984
1203.3999999999996
1995.1999999999998
1831.6000000000004
2495.5
1876.6999999999998
728.1000000000008
1518.5
1354.3999999999996
595.4000000000002
1665.6000000000004
735.0
2239.0
1529.9
7.599999999999497
1692.0000000000005
2103.2
1739.7
318.7
2592.400000000001
1529.2
977.2000000000006
2558.0
1574.2999999999997
1468.3000000000002
2365.6
2041.1999999999998
1422.5
2408.3
1060.6
1925.9999999999998
187.69999999999987
2098.9
1552.3000000000002
-392.5999999999994
2356.7999999999997
653.2
-1340.1000000000001
2456.7999999999997
2332.8000000000006
-694.1000000000001
-855.1000000000005
-1375.1999999999994
-201.60000000000068
2316.8
-279.1999999999995
2437.2000000000003
-1945.9999999999995
484.7999999999986
2400.0
-871.7000000000004
-1657.5999999999997
2495.6000000000004
1826.8000000000006
1786.6
-211.99999999999952
-576.7999999999997
-278.9999999999991
-628.4000000000009
-3596.6999999999994
2017.9
-1329.1999999999991
-606.6999999999998
-1146.2999999999997
2715.2000000000003
-623.7999999999992
2377.6000000000004
2663.6
-750.9
308.09999999999957
2159.999999999999
-207.00000000000074
1901.3
-278.9999999999991
-766.1999999999999
-302.4000000000006
2824.4000000000005
207.20000000000073
2068.8
861.2
1422.4999999999995
27.49999999999961
1669.2
398.99999999999983
1918.4000000000005
1463.6
-1489.7999999999984
-102.10000000000014
2709.2
659.4999999999998
2848.8
255.10000000000053
912.8000000000002
201.19999999999948
1441.6000000000015
-1047.599999999999
1916.1
2132.8000000000006
3096.4
555.1999999999992
-540.5000000000009
-411.99999999999994
2572.4
1830.4
-90.99999999999973
-358.4000000000014
-444.49999999999915
-2411.699999999999
-120.40000000000057
-306.8000000000007
1111.9
-290.7999999999996
2378.0
642.6999999999997
1162.4999999999995
-1247.3
1138.600000000001
1259.5000000000005
807.6000000000007
-545.4999999999997
1913.6
-428.7
1332.800000000001
-112.50000000000001
1020.8000000000004
2586.8
3093.6
2093.2
2514.6
-405.80000000000035
528.8000000000001
-416.0000000000006
-1690.6999999999994
791.2
2022.0
2149.2
150.00000000000043
-1113.8
-201.69999999999933
2463.9999999999995
-1686.3999999999994
1831.6999999999994
35.70000000000056
2435.5
-178.99999999999955
-437.9000000000014
-812.1999999999998
2372.7999999999997
666.1999999999997
-1203.1999999999994
-716.8000000000004
-711.6000000000001
2272.4000000000005
-1092.2
271.30000000000126
2561.7
-941.8999999999994
1817.8
-1006.0000000000011
-2080.6999999999985
-1150.4999999999995
401.20000000000124
716.1000000000005
-704.6000000000005
2595.6
3094.8
3146.4
-438.3000000000006
293.5
350.8000000000001
257.10000000000093
985.8000000000002
3181.9999999999995
-955.5000000000013
889.4000000000005
1062.0000000000005
587.4000000000003
236.5
1259.099999999999
2455.6
997.4999999999998
386.00000000000045
909.5000000000013
35.799999999999955
816.3000000000005
1784.0999999999997
1022.3999999999997
-782.5999999999998
2316.7000000000007
2239.9999999999995
1185.2999999999993
2189.6000000000004
548.0000000000009
2697.2000000000003
2469.5
-127.99999999999977
944.6999999999999
499.99999999999864
1262.6999999999996
2313.5
-2134.1000000000004
-1087.5
870.1000000000008
2093.2
2718.4
13.999999999999673
-674.0999999999989
2311.1000000000004
405.80000000000024
-341.1999999999996
1816.7999999999997
251.19999999999962
2473.8999999999996
1450.4000000000003
815.8000000000006
3333.2
-503.09999999999957
810.5000000000007
927.3000000000001
1365.1999999999998
2733.6000000000004
-490.0000000000006
3342.0
2473.6
-236.5999999999996
-574.8000000000008
-112.89999999999947
175.99999999999972
1561.5999999999995
366.40000000000066
-71.20000000000061
291.2000000000004
317.1999999999999
-2198.999999999999
-118.6
-58.09999999999886
1561.6000000000006
-328.80000000000007
937.8
3075.599999999999
331.39999999999964
16.099999999999824
244.19999999999953
3068.4
2087.600000000001
-431.5999999999998
228.89999999999947
2903.6
3104.8
267.6000000000006
-705.5999999999995
-2.0000000000000426
3049.2000000000003
839.9999999999999
2480.8
631.4
-250.5999999999994
1995.4
760.4000000000001
342.1999999999999
602.9999999999999
382.4000000000005
1066.3999999999996
1080.1999999999998
3020.8
1512.1999999999998
3019.2
1061.3999999999999
929.1999999999995
2851.6
665.5000000000005
1081.5999999999995
3032.4
1047.1000000000008
910.0000000000007
1209.2
-71.59999999999947
395.80000000000024
198.40000000000074
-2592.4000000000005
1985.2999999999997
346.6000000000003
1174.0
216.7000000000001
-918.8999999999996
1298.9999999999998
2615.6000000000004
-205.89999999999992
1402.2000000000005
2488.3999999999996
1242.6
1290.9
1249.0000000000007
2270.399999999999
1026.0
299.7999999999999
1785.5
1420.2
2522.8
1408.4
254.09999999999968
530.5999999999999
2975.2
1096.7000000000007
1931.7000000000003
1322.6
973.8000000000002
1234.3999999999996
1270.0000000000007
376.60000000000014
700.2000000000007
926.6999999999998
2623.8
1098.0000000000002
357.59999999999957
2964.8
3002.3999999999996
1061.5000000000002
1028.9
1322.1
1300.0
2033.5
3094.8
779.3000000000002
1055.0
2321.3999999999996
1302.1
2578.2999999999997
2852.4
3124.4
2207.8999999999996
1105.5000000000005
1165.6999999999998
1016.1999999999998
3007.6000000000004
1415.6000000000004
1216.1
2247.9
1474.2000000000003
1614.2000000000003
1134.6999999999998
784.2999999999993
1512.1999999999998
1439.0
2564.3999999999996
1316.6
998.6999999999998
3026.7999999999997
3063.2000000000003
796.7000000000004
731.5
826.0
1314.8999999999996
990.9000000000005
1014.0000000000005
2673.6000000000004
962.8000000000011
1058.0999999999995
1486.3999999999996
508.1999999999998
920.7000000000003
727.1999999999998
1210.1999999999998
919.5
1209.5
1597.4
3093.2
1155.0999999999995
1071.1999999999998
1420.5
2895.2000000000003
1535.3999999999996
3118.0
1117.3000000000002
2798.0
1607.2000000000003
1478.1
1028.0
1408.7000000000003
1562.0
732.3000000000006
716.8000000000002
705.5
452.4000000000001
1321.0
1460.3000000000002
1503.6000000000004
625.1999999999998
1192.0
1319.3999999999996
1543.8000000000002
717.8000000000002
1520.3000000000002
1447.4
3103.2
1002.6000000000004
1326.5
3522.0
2994.4
386.80000000000035
622.9999999999999
635.6999999999997
1296.5
1081.1999999999996
1242.0000000000005
1417.6
1013.0999999999995
1169.8000000000002
1455.1999999999998
330.1999999999998
659.0000000000005
1110.3000000000002
1317.6000000000001
899.8000000000002
1094.6
1298.2999999999995
-1354.2999999999997
1440.0
1092.6
2951.6000000000004
1272.1
1318.5999999999997
3090.0
889.5
943.2999999999997
3142.8
1885.6
1044.0999999999992
1004.5
1536.8000000000002
-755.9000000000004
1112.2000000000003
1330.4000000000003
-14.099999999999909
1246.2000000000003
991.7999999999996
-94.9999999999996
492.7999999999991
1250.1000000000004
891.4000000000016
1422.8000000000002
1015.3999999999996
1120.299999999999
3161.2000000000003
1096.8000000000006
812.0000000000002
1270.4000000000003
2016.4000000000005
3347.2000000000007
1195.6000000000004
-171.8999999999997
292.7999999999995
1364.0
1923.1
1028.8000000000002
1052.6000000000004
2867.9
1217.9999999999995
-116.5999999999992
546.3999999999999
827.7999999999996
674.9000000000002
1121.2999999999993
869.8000000000002
1544.4
1970.8000000000002
1533.8000000000002
1485.6
841.6000000000004
1352.6000000000004
2835.6
1325.7000000000003
3089.2000000000003
1334.2000000000003
1260.6000000000008
1629.0
1614.5999999999995
1137.0000000000002
1489.3000000000002
3220.0
885.2000000000004
1099.6000000000001
913.9999999999997
230.60000000000014
1449.8000000000002
1323.4000000000003
1080.2000000000003
141.49999999999977
2226.6999999999994
2782.0000000000005
1331.6
395.9999999999998
1350.3999999999992
3038.7999999999993
1640.1999999999994
379.79999999999916
1191.8000000000002
2948.3999999999996
1624.3999999999996
821.5999999999999
474.19999999999993
665.4000000000001
1500.6000000000004
1146.8
1260.8000000000002
1259.4
2773.4
1056.2000000000003
1345.4
204.89999999999986
1127.4
971.9000000000001
1313.6
975.5999999999999
1309.2000000000003
3117.2
1567.8000000000002
1253.1
1069.1999999999998
1362.3000000000002
1462.9000000000005
1468.1999999999998
1573.0000000000005
1100.3000000000002
1227.5
1522.7999999999997
1369.3999999999996
1238.6
1061.2999999999997
1541.0
1102.5
1214.0
707.5
160.9000000000001
1107.6000000000004
3096.8
1545.8000000000002
951.0999999999999
1462.8000000000002
1617.8000000000002
1485.8000000000002
1070.9
1279.6
1476.6999999999998
1575.6000000000004
755.3000000000002
1208.9
967.0999999999999
1525.3000000000002
764.5
-136.79999999999995
383.0
1434.5
796.1999999999998
1021.1999999999998
1303.6999999999998
1052.6000000000004
1172.0
1124.9
232.0
631.3000000000002
882.6999999999998
1155.5
858.2999999999997
804.8000000000009
1666.8000000000002
1596.9999999999995
-261.8000000000001
743.5000000000009
1304.5999999999997
1346.0000000000002
920.3000000000001
2904.4
1177.2000000000003
1101.8000000000002
1611.0
1540.0
931.1999999999998
1805.6
1363.1
905.9000000000001
1163.3000000000006
872.6000000000004
275.6999999999999
907.4000000000005
2158.0000000000005
688.1000000000004
467.0999999999999
1470.6999999999998
155.30000000000007
1147.6000000000001
857.3000000000001
1522.4000000000005
1704.8
2976.8
858.6000000000001
959.2999999999997
1483.1999999999998
1188.9999999999995
818.0000000000003
198.3999999999998
375.9000000000001
1278.0000000000005
795.9000000000008
1173.9
1054.2000000000003
1588.2999999999997
1023.0
1250.8000000000002
244.99999999999977
894.1000000000003
1999.1000000000004
643.1999999999998
1424.7999999999997
1276.4000000000003
2947.6000000000004
2846.8
735.0999999999996
-262.79999999999956
1109.2000000000003
2033.1999999999998
1226.3999999999994
2068.4
798.7
889.9999999999999
2450.4
2347.6
1424.4
642.700000000001
1429.3999999999994
2252.8
500.0000000000007
951.200000000001
413.5
1097.3
2386.000000000001
818.7999999999993
-453.49999999999966
2830.8
1856.0000000000005
1183.6000000000004
939.0000000000003
3159.2000000000003
1414.999999999999
1954.4
1399.2000000000003
1846.1999999999998
1613.3999999999999
1468.6000000000001
1837.4999999999995
472.5999999999998
1034.3999999999999
1468.4
1771.9999999999998
1449.9999999999998
1156.4
1371.8
1116.4
1334.9999999999995
1163.0000000000005
985.6999999999998
2145.0
1142.4
831.0000000000002
2097.2
2576.0
2456.3999999999996
1142.4
1143.5
2488.4
1967.2000000000003
2902.4
3206.0
969.5999999999999
1232.4000000000008
2652.7
1452.6999999999998
2082.0000000000005
956.8000000000003
1430.3000000000006
1567.9000000000005
2834.0
1021.8999999999995
569.7
1245.5
1850.6999999999998
1345.3000000000004
806.4000000000001
1281.4000000000005
2277.1999999999994
2564.8
971.1999999999996
3086.8
825.7000000000003
2121.7
1216.3999999999996
1299.3
1961.1999999999998
1549.5999999999997
1208.4999999999998
882.9999999999995
715.5
1015.0000000000007
1109.5999999999997
1223.2999999999995
990.4000000000001
1297.0000000000002
1052.1000000000001
1213.2
648.4000000000001
1197.2000000000003
2323.6000000000004
1503.4
1668.3999999999996
1229.0000000000002
1519.1000000000004
2790.8
1045.0000000000005
1872.8000000000002
1333.6000000000001
1301.6
2994.3999999999996
3297.6000000000004
-223.80000000000018
509.1999999999997
3117.2
2071.5999999999995
1062.2
1079.1999999999998
859.6000000000001
561.6000000000004
364.7000000000015
1638.8000000000004
26.200000000000095
1381.8
2404.7999999999997
1288.3999999999999
-4.9000000000006025
123.900000000001
2248.0
2559.5
944.5000000000001
2927.6
1202.9999999999998
2275.6000000000004
903.2000000000004
633.9999999999987
1964.7000000000003
1081.3000000000004
423.0999999999999
-239.29999999999984
375.59999999999985
890.1000000000001
1376.8000000000006
1129.9000000000008
1088.2000000000003
934.3
997.1999999999994
939.4999999999991
570.7999999999997
737.5999999999995
1882.1
1407.1000000000001
913.9999999999989
1422.0000000000007
1450.1999999999994
3308.7999999999997
365.8
2007.6000000000001
1515.1999999999994
1590.8000000000009
498.19999999999897
3288.0
-302.10000000000014
1992.4
1496.6000000000004
2364.4
1697.2
2162.0
2587.6
2766.8
2519.4
1193.9999999999998
491.50000000000017
324.20000000000044
1419.1999999999998
1222.1999999999994
-364.89999999999986
1689.6000000000006
1884.7999999999981
2009.1999999999996
475.49999999999983
2590.7999999999997
2501.9999999999995
2946.4
874.2000000000007
193.79999999999927
1364.1000000000006
1508.4
1834.7999999999997
660.5999999999993
1785.2000000000003
1333.4
1033.1000000000008
680.4000000000015
968.2000000000003
2557.8
951.4000000000005
1547.6999999999998
883.5999999999999
618.0000000000008
2507.5
1783.5
466.300000000001
1113.0000000000014
1570.4
1225.9999999999998
2023.9
939.7999999999996
1171.4000000000003
1077.1000000000001
1954.8000000000002
3083.6
929.0000000000005
236.00000000000082
3235.6000000000004
1585.9999999999995
1774.7999999999997
331.9999999999993
574.1000000000005
322.19999999999936
1254.6000000000006
1993.2000000000003
574.5999999999998
1726.8000000000002
3095.6
677.4999999999995
613.3999999999995
3051.6000000000004
1116.6
2866.0000000000005
-107.29999999999995
3025.2000000000003
3072.4
2570.3999999999996
1946.3999999999999
686.4000000000008
3274.3999999999996
-88.90000000000059
-1844.899999999999
-1918.3000000000002
-1506.2999999999995
1606.3999999999983
-1631.4000000000008
-2990.4999999999986
-1247.0000000000014
-715.5000000000009
-586.3
-601.4000000000002
-2026.7
-878.8000000000002
256.29999999999984
2524.8
-1269.4000000000012
533.0000000000006
1073.199999999999
736.800000000001
2233.8
2174.7999999999993
1288.5000000000002
3085.6000000000004
3106.8
3223.2000000000003
429.00000000000045
391.90000000000015
3035.2
1569.5
1156.4999999999998
1151.4
2520.7999999999997
1869.4
2792.0
1087.499999999999
903.3000000000004
1358.7999999999993
1917.6999999999998
583.5999999999999
197.4000000000006
1487.3
1395.3000000000002
2688.8
164.79999999999882
2963.2000000000007
1115.8000000000002
2426.0
1982.4000000000003
895.6999999999995
2175.2000000000007
2873.6000000000004
1765.1999999999998
427.3999999999998
-593.0
2512.4
2081.2000000000007
46.70000000000066
390.4000000000001
1982.2999999999997
600.2000000000005
798.2
-1082.1000000000001
739.3999999999995
-693.6999999999996
132.0000000000001
1992.2000000000003
-982.3999999999996
531.3999999999997
2690.400000000001
2587.8999999999996
546.3999999999997
1097.0
1762.1000000000004
586.4999999999992
517.2000000000004
427.7999999999997
1933.1999999999996
3136.8
2783.2000000000003
542.8000000000011
810.4999999999995
2828.4
2092.8
577.3000000000004
1090.7000000000007
511.7999999999994
414.9000000000003
2654.8
758.3000000000009
691.9000000000001
2324.4
622.2000000000007
3039.2
681.2000000000007
2232.0000000000014
839.3999999999994
2284.7999999999997
792.4000000000003
2026.5000000000005
1798.7999999999993
1359.0000000000002
2322.8
-239.60000000000076
510.7999999999993
1427.7999999999997
2102.8
722.0
862.3
1672.6999999999996
624.0000000000006
594.6000000000005
361.8999999999992
584.3
826.7999999999995
750.8000000000004
1208.4000000000003
1238.4000000000003
1385.7000000000007
1284.8000000000006
2539.5999999999985
11.199999999999115
1177.8000000000004
2720.0
3000.4
3195.6
943.2000000000003
630.7999999999995
186.79999999999959
3326.3999999999996
1185.4999999999998
2153.5
1398.9999999999995
1861.9
1962.3000000000002
489.0000000000009
1379.8999999999992
1462.8000000000006
2140.8
640.6000000000006
-2598.300000000001
854.2000000000006
2585.6
2660.4
1037.1999999999996
2580.8
1439.9999999999995
2372.7999999999993
2350.7999999999997
661.8999999999993
2364.4
1427.3999999999992
1898.7999999999995
597.4000000000001
-156.9999999999999
911.0999999999998
2493.2
1010.3999999999993
802.7000000000003
1455.5999999999995
339.3000000000004
294.29999999999967
410.49999999999966
1058.2999999999997
2008.9
1419.1000000000001
280.8999999999985
1100.8000000000004
1511.1999999999998
1334.1999999999998
2768.0
1238.4
1150.6000000000001
2769.2
-1531.0000000000005
3131.6
28.099999999999454
683.0
2405.6
1412.599999999999
2355.1
1752.7999999999995
913.2000000000002
1661.1000000000008
646.5999999999996
537.2000000000003
454.19999999999993
900.0
1650.4
1169.2999999999995
460.29999999999995
1777.9999999999998
1421.8000000000002
1678.3999999999996
1170.1000000000004
1454.3
1543.6000000000004
1424.8999999999992
1234.6000000000004
1178.0
1315.6
3094.8
732.6000000000005
811.0000000000003
498.0999999999998
1269.000000000001
948.2000000000003
2917.5
636.7000000000003
1201.6999999999998
1225.6000000000004
912.4999999999999
658.0
893.6999999999996
1794.6999999999998
1094.1000000000006
571.9999999999991
1158.8000000000004
2689.9999999999995
1520.5999999999992
1067.3999999999996
-122.39999999999992
1257.8000000000004
1434.6000000000004
2031.1999999999998
3448.0
918.4000000000003
1149.1999999999998
2164.4
1851.6
1346.6
984.4000000000004
2943.6
806.3999999999996
881.2
123.39999999999972
-240.10000000000002
1158.0000000000007
1340.9999999999995
1127.0000000000007
697.8
1398.2000000000007
1613.0
2060.8
-387.00000000000006
1706.0000000000005
2027.200000000001
1554.0000000000002
1005.2999999999994
1287.3000000000006
3171.6
2845.6
1292.0999999999995
562.2
975.2999999999995
1385.9
921.6000000000005
1319.3999999999999
2531.7
1291.4000000000005
1165.0000000000002
1339.4
675.6000000000001
409.4999999999998
1911.5
1266.3000000000006
889.2
1003.1000000000008
2113.6
1596.8000000000002
2768.0
202.3999999999997
2950.0
1557.8000000000002
1185.9999999999998
1989.3000000000002
693.0
1518.0
1578.1999999999994
1531.4
1371.1999999999998
1179.399999999999
1725.5999999999995
1015.0000000000009
1133.4
1113.4000000000005
635.7
1112.2000000000007
1489.7000000000003
1502.6
96.10000000000036
546.5000000000007
1432.0000000000014
1996.0
831.0000000000006
1451.9
1516.0
1569.4
852.4000000000001
1303.1999999999998
1558.6
3218.0
1170.8000000000002
507.20000000000005
655.4000000000001
1502.6000000000004
1210.4000000000005
1184.1999999999998
1280.599999999999
1372.7999999999997
1022.8000000000002
1484.2000000000003
578.2
1173.8000000000002
1049.1000000000004
1334.5000000000005
2745.7
1469.4
2993.6
1579.2000000000003
1285.8000000000002
825.9999999999995
2775.2
1370.8000000000002
1293.3000000000002
3375.2000000000003
952.6999999999998
551.4000000000003
3000.3999999999996
1617.9999999999995
1320.1000000000008
2775.2
1572.0
1066.7999999999997
938.4000000000001
1405.1
293.9000000000003
1344.5000000000005
1441.3999999999996
1537.0
1051.5
1262.8999999999996
1439.9
1501.3999999999996
360.49999999999955
1427.8000000000002
1504.9999999999995
1528.1999999999998
1200.6000000000004
773.2000000000005
2958.0
2728.8
1250.6
-105.60000000000014
791.8000000000002
1563.4
983.8999999999996
1272.6
1767.6
2295.2000000000003
1209.6
1356.0999999999995
712.7999999999997
1121.0
1224.9
1160.5
917.0
1458.3000000000002
1675.7999999999997
1599.9
1417.0
1086.6
1204.3000000000002
1557.1999999999998
1390.8000000000002
1563.6
667.5999999999999
841.9999999999995
1633.2000000000003
1467.1999999999998
1334.9
1435.6000000000004
1506.1999999999998
1116.1000000000004
1204.6999999999998
1116.2000000000003
535.1000000000004
1289.6000000000004
1392.9
1456.1999999999998
665.1999999999998
1355.8999999999996
1593.3000000000002
1498.8000000000002
960.3999999999996
1569.6999999999998
1563.5
1470.6999999999998
1061.4
1169.4
1596.3000000000002
1545.1999999999998
1192.6
831.0999999999999
747.0999999999999
1504.1999999999998
1333.1000000000004
1203.6
502.0999999999999
1209.0000000000005
1113.0000000000005
1433.1
907.8000000000002
746.4000000000003
1189.6999999999998
1313.1000000000004
875.9000000000001
1306.8000000000002
1622.0
1579.6000000000004
1310.5999999999995
1154.3999999999996
1384.0000000000005
1518.6000000000004
1460.8000000000002
1626.2
680.3999999999999
1175.2000000000003
1609.2
1696.4
1264.6000000000004
1285.5000000000002
1958.4
1390.2000000000007
1159.2000000000003
1048.8000000000002
380.2000000000005
1204.6000000000008
1576.4
1483.1999999999998
397.99999999999994
1515.8999999999999
1531.6
1188.3000000000002
482.9999999999998
1866.3999999999996
1454.0000000000002
1584.0
1086.0
1084.8
1656.4
1567.6000000000004
835.1999999999998
240.1000000000006
471.5999999999999
1530.3999999999996
1343.0
1343.6000000000004
1070.3000000000006
598.8000000000002
1103.1999999999998
1157.2000000000007
431.5999999999999
1068.1999999999998
1252.0000000000005
1346.8000000000002
1248.4
1289.6000000000004
1457.4
1058.0
1255.3000000000004
-264.1999999999994
1074.2000000000003
1345.2000000000003
2089.6000000000004
2994.3999999999996
934.4999999999999
971.1999999999997
2277.2
3076.0
1771.6000000000004
545.7000000000003
-441.59999999999997
532.1999999999995
1176.3999999999999
706.6000000000006
-788.3999999999994
776.1999999999999
1049.8
459.8999999999993
584.8
1443.2
526.7000000000008
-886.9999999999997
-998.3000000000003
1750.8000000000002
260.7999999999998
531.6
563.1000000000003
1301.8000000000002
1450.0
218.80000000000052
343.3999999999995
645.1999999999999
-1053.1000000000001
932.1999999999997
518.2
1243.0000000000002
1150.5999999999992
563.5000000000002
1040.6
1264.0000000000005
455.20000000000016
301.6000000000005
272.49999999999966
436.39999999999907
1441.1999999999996
786.5999999999998
-783.2000000000006
1309.3000000000013
2020.7999999999995
755.5000000000001
609.0999999999998
2453.2000000000007
1242.1000000000004
3337.6
791.8000000000003
2613.0000000000005
3215.2
1454.1
-1147.9000000000003
2832.3
2569.5999999999995
2380.0
1107.3000000000002
471.70000000000056
-774.9999999999998
1113.1999999999998
2876.8
756.0000000000016
-2014.1000000000001
958.6
2749.6000000000004
2494.0
280.99999999999943
-1212.0000000000007
-15.19999999999937
468.1999999999999
-1616.7999999999988
-2789.4
958.7999999999988
-50.69999999999894
936.0000000000003
466.20000000000044
-1098.6000000000001
-451.39999999999884
180.79999999999959
369.8000000000014
115.80000000000007
797.2000000000007
-345.20000000000033
308.2000000000006
-270.29999999999984
-2147.1
534.9999999999992
-942.6999999999997
395.20000000000016
530.4999999999995
2960.0
1012.3999999999993
311.1999999999996
627.299999999999
-404.3000000000002
2036.0000000000002
2938.8
706.3999999999995
88.10000000000022
-281.09999999999957
2999.2
-24.700000000001147
1529.199999999999
-75.10000000000032
2937.6000000000004
2408.4
