-27563.0
-18088.0
-22846.0
-15791.0
-23215.0
-24837.0
-27410.0
-22446.0
-19944.0
-18210.0
-22509.0
-22914.0
-26078.0
-19457.0
-24522.0
-22946.0
-23437.0
-16298.0
-24722.0
-40509.0
-23170.0
-16641.0
-22067.0
-23865.0
-18107.0
-22533.0
-33138.0
-22092.0
-19767.0
-24163.0
-17279.0
-26521.0
-22981.0
-20127.0
-15709.0
-14007.0
-29784.0
-13463.0
-12956.0
-16806.0
-14237.0
-11382.0
-19571.0
-24814.0
-14904.0
-19583.0
-22487.0
-19214.0
-12320.0
-24008.0
-27045.0
-17132.0
-29327.0
-14546.0
-18778.0
-14622.0
-22934.0
-16357.0
-20880.0
-15806.0
-15276.0
-11035.0
-13552.0
-17022.0
-24688.0
-22580.0
-14759.0
-18466.0
-17933.0
-20678.0
-13614.0
-17657.0
-22143.0
-21773.0
-24423.0
-17555.0
-15176.0
-15700.0
-15508.0
-15122.0
-23069.0
-30882.0
-26469.0
-19755.0
-18109.0
-14605.0
-20024.0
-16185.0
-14007.0
-24350.0
-6141.0
-13699.0
-25102.0
-20715.0
-13272.0
-12271.0
-22121.0
-14346.0
-17334.0
-10167.0
-16353.0
-12881.0
-28668.0
-16575.0
-12825.0
-18800.0
-24484.0
-19038.0
-14612.0
-7786.0
-26689.0
-14102.0
-19308.0
-13657.0
-13664.0
-13775.0
-18216.0
-7651.0
-15845.0
-23042.0
-19223.0
-17774.0
-10106.0
-16694.0
-16478.0
-12742.0
-20169.0
-19055.0
-20566.0
-14270.0
-17936.0
-16417.0
-23647.0
-17504.0
-8671.0
-13760.0
-15016.0
-11191.0
-10411.0
-17186.0
-11015.0
-13387.0
-12270.0
-23321.0
-16235.0
-12324.0
-23274.0
-25654.0
-11883.0
-17596.0
-15868.0
-19896.0
-22685.0
-9642.0
-16043.0
-11975.0
-13327.0
-18292.0
-10375.0
-13668.0
-18228.0
-11983.0
-13151.0
-18544.0
-14242.0
-18490.0
-8618.0
-9566.0
-17690.0
-23066.0
-8563.0
-16560.0
-17907.0
-13784.0
-7546.0
-12614.0
-15565.0
-14355.0
-14918.0
-16809.0
-9471.0
-23408.0
-17537.0
-12916.0
-8292.0
-12607.0
-9940.0
-13651.0
-7173.0
-6611.0
-7832.0
-6788.0
-14737.0
-13513.0
-5239.0
-10074.0
-9136.0
-12162.0
-11595.0
-12623.0
-14623.0
-8950.0
-17283.0
-11161.0
-5087.0
-13685.0
-12205.0
-8394.0
-8009.0
-10356.0
-11437.0
-6695.0
-6967.0
-9706.0
-10144.0
-15172.0
-6810.0
-7781.0
-13605.0
-15897.0
-18658.0
-13524.0
-9819.0
-13374.0
-7673.0
-12227.0
-18719.0
-15697.0
-14241.0
-8850.0
-11958.0
-18244.0
-11840.0
-8920.0
-11523.0
-8456.0
-18577.0
-8617.0
-7782.0
-9832.0
-9198.0
-6813.0
-10172.0
-14890.0
-7315.0
-11310.0
-15331.0
-6800.0
-11517.0
-15521.0
-13542.0
-16103.0
-25577.0
-15288.0
-8735.0
-9700.0
-8391.0
-16616.0
-12105.0
-10328.0
-15664.0
-7804.0
-7510.0
-9683.0
-14620.0
-17926.0
-5417.0
-10045.0
-11825.0
-13930.0
-16132.0
-6146.0
-6207.0
-12457.0
-9288.0
-13034.0
-8960.0
-9832.0
-13733.0
-13547.0
-8987.0
-10962.0
-9157.0
-9118.0
-4385.0
-5802.0
-8410.0
-9132.0
-8580.0
-7350.0
-7954.0
-3287.0
-10046.0
-19132.0
-6640.0
-5803.0
-7510.0
-8825.0
-6468.0
-12637.0
-7579.0
-11520.0
-16373.0
-9125.0
-8037.0
-9407.0
-6437.0
-6860.0
-3375.0
-8113.0
-5668.0
-6063.0
-6742.0
-8988.0
-14188.0
-8112.0
-5921.0
-5541.0
-10580.0
-17142.0
-13076.0
-6970.0
-10710.0
-5906.0
-7012.0
-7316.0
-6985.0
-6309.0
-16893.0
-5958.0
-8394.0
-10825.0
-11318.0
-8719.0
-4167.0
-4089.0
-7989.0
-3536.0
-3456.0
-5762.0
-5824.0
-5351.0
-7463.0
-14014.0
-7749.0
-9578.0
-8518.0
-7416.0
-4083.0
-5205.0
-4809.0
-7765.0
-9030.0
-9375.0
-5365.0
-6804.0
-7487.0
-5132.0
-5586.0
-4704.0
-8668.0
-3601.0
-4955.0
-8269.0
-6813.0
-6777.0
-4457.0
-4210.0
-6752.0
-7121.0
-7918.0
-3649.0
-6355.0
-5567.0
-3451.0
-9894.0
-7233.0
-5844.0
-9200.0
-9084.0
-9023.0
-11333.0
-8857.0
-7038.0
-4904.0
-3521.0
-5767.0
-4702.0
-3741.0
-6051.0
-3748.0
-2853.0
-5393.0
-5310.0
-5958.0
-4882.0
-4101.0
-8757.0
-3547.0
-9480.0
-4931.0
-5503.0
-12027.0
-4802.0
-3322.0
-9837.0
-4953.0
-4825.0
-5200.0
-8204.0
-10444.0
-2946.0
-5294.0
-6841.0
-5996.0
-11065.0
-2825.0
-2172.0
-3890.0
-8427.0
-6092.0
-5679.0
-4402.0
-5266.0
-4485.0
-4987.0
-10439.0
-1996.0
-7957.0
-8634.0
-6421.0
-8169.0
-6031.0
-4272.0
-4177.0
-4011.0
-7936.0
-5425.0
-3203.0
-5956.0
-5047.0
-5022.0
-5467.0
-9242.0
-2987.0
-4675.0
-10879.0
-4610.0
-2020.0
-10542.0
-8321.0
-8113.0
-9450.0
-7161.0
-5318.0
-3123.0
-7223.0
-4747.0
-4097.0
-5352.0
-5208.0
-4729.0
-2779.0
-5556.0
-5011.0
-6359.0
-6799.0
-2462.0
-4118.0
-8018.0
-4058.0
-3111.0
-4069.0
-5183.0
-2344.0
-3124.0
-5806.0
-2768.0
-4237.0
-3183.0
-5624.0
-6582.0
-2523.0
-3296.0
-2453.0
-4101.0
-3553.0
-3447.0
-2920.0
-3050.0
-2751.0
-2208.0
-3416.0
-5582.0
-4859.0
-4987.0
-8865.0
-6443.0
-4634.0
-7408.0
-4426.0
-5030.0
-5598.0
-4231.0
-3975.0
-3116.0
-4922.0
-3684.0
-2853.0
-2606.0
-5210.0
-1764.0
-3060.0
-2713.0
-5586.0
-7443.0
-1877.0
-1653.0
-4462.0
-2966.0
-6436.0
-3557.0
-2542.0
-4805.0
-2363.0
-6697.0
-3049.0
-4253.0
-6457.0
-3613.0
-4818.0
-7705.0
-4374.0
-3216.0
-5122.0
-2356.0
-4936.0
-5570.0
-2818.0
-3112.0
-2266.0
-2527.0
-3168.0
-5120.0
-2542.0
-2576.0
-4238.0
-7636.0
-3788.0
-2384.0
-4429.0
-3380.0
-6556.0
-6047.0
-4202.0
-3657.0
-3760.0
-6293.0
-3291.0
-5689.0
-5676.0
-2143.0
-4778.0
-2064.0
-2287.0
-5145.0
-2899.0
-2640.0
-4023.0
-9419.0
-3600.0
-3009.0
-4270.0
-5076.0
-3121.0
-3107.0
-2939.0
-2328.0
-5421.0
-3457.0
-3355.0
-4333.0
-3827.0
-1862.0
-3078.0
-1463.0
-3122.0
-2157.0
-1740.0
-2068.0
-2362.0
-1810.0
-3921.0
-4223.0
-1468.0
-2147.0
-3983.0
-1890.0
-1698.0
-1800.0
-4832.0
-3304.0
-5613.0
-2110.0
-2180.0
-2460.0
-4302.0
-3403.0
-1648.0
-1651.0
-3179.0
-2841.0
-2950.0
-2646.0
-2442.0
-2958.0
-1299.0
-2347.0
-3467.0
-6112.0
-4758.0
-1803.0
-3550.0
-6932.0
-1574.0
-2686.0
-2701.0
-2163.0
-3212.0
-2606.0
-3718.0
-3550.0
-1952.0
-2011.0
-2813.0
-2075.0
-3114.0
-2951.0
-2282.0
-2097.0
-2625.0
-1325.0
-2589.0
-3415.0
-2345.0
-2874.0
-2058.0
-3570.0
-1510.0
-1695.0
-2571.0
-2155.0
-3161.0
-3660.0
-2710.0
-2196.0
-3518.0
-1527.0
-2747.0
-1426.0
-4491.0
-2130.0
-3083.0
-1911.0
-2534.0
-5326.0
-2892.0
-1730.0
-3506.0
-6581.0
-2620.0
-3231.0
-2368.0
-1894.0
-1916.0
-2340.0
-2767.0
-2679.0
-2790.0
-2163.0
-3556.0
-2450.0
-2735.0
-2785.0
-1843.0
-1714.0
-2230.0
-1327.0
-1492.0
-3557.0
-1655.0
-1266.0
-3072.0
-3421.0
-1531.0
-2291.0
-2224.0
-2598.0
-2318.0
-3113.0
-2437.0
-1960.0
-4278.0
-1820.0
-1854.0
-2004.0
-3125.0
-2141.0
-2789.0
-2888.0
-4009.0
-2084.0
-2577.0
-3030.0
-2353.0
-4984.0
-1588.0
-3065.0
-3011.0
-3812.0
-3678.0
-3158.0
-4184.0
-3059.0
-2216.0
-2490.0
-2067.0
-1908.0
-5285.0
-5881.0
-2561.0
-2281.0
-2296.0
-1411.0
-1403.0
-1989.0
-1780.0
-2322.0
-1974.0
-1539.0
-2165.0
-2535.0
-3402.0
-2746.0
-1742.0
-1396.0
-2735.0
-1979.0
-1947.0
-2003.0
-2240.0
-1785.0
-3585.0
-2036.0
-2499.0
-2577.0
-2697.0
-2623.0
-3241.0
-1890.0
-1901.0
-1721.0
-3955.0
-2199.0
-2978.0
-3407.0
-1319.0
-914.0
-3862.0
-2686.0
-1478.0
-3611.0
-2142.0
-3078.0
-2562.0
-2542.0
-2608.0
-1006.0
-3484.0
-2607.0
-4068.0
-3592.0
-2454.0
-2415.0
-1722.0
-1774.0
-4396.0
-3304.0
-2143.0
-2468.0
-1842.0
-687.0
-2694.0
-2796.0
-1469.0
-1611.0
-3096.0
-2584.0
-1148.0
-2104.0
-2895.0
-2684.0
-2127.0
-1618.0
-1881.0
-1967.0
-3343.0
-1677.0
-992.0
-2986.0
-2385.0
-1696.0
-1298.0
-2617.0
-2311.0
-2565.0
-744.0
-3238.0
-2697.0
-3551.0
-1973.0
-2209.0
-3280.0
-2798.0
-1711.0
-2707.0
-1540.0
-2154.0
-3417.0
-1822.0
-3294.0
-3068.0
-3641.0
-1595.0
-1209.0
-2324.0
-2536.0
-3093.0
-2697.0
-2200.0
-1679.0
-1494.0
-1924.0
-2392.0
-1058.0
-1262.0
-1790.0
-1409.0
-1181.0
-2049.0
-1898.0
-1920.0
-2160.0
-2143.0
-2617.0
-2311.0
-3986.0
-2008.0
-1485.0
-1767.0
-1511.0
-1312.0
-1855.0
-1000.0
-1529.0
-2620.0
-2699.0
-2844.0
-3383.0
-3688.0
-2374.0
-2197.0
-3151.0
-2138.0
-3485.0
-3399.0
-3135.0
-1916.0
-3344.0
-2647.0
-2950.0
-3954.0
-2289.0
-2018.0
-1321.0
-2346.0
-1946.0
-1394.0
-2075.0
-1656.0
-1845.0
-644.0
-1712.0
-2116.0
-2992.0
-631.0
-2312.0
-2629.0
-2993.0
-4157.0
-3132.0
-2322.0
-4351.0
-1591.0
-2529.0
-2187.0
-2481.0
-2126.0
-346.0
-1681.0
-1690.0
-1712.0
-1842.0
-1931.0
-2606.0
-3209.0
-1154.0
-1410.0
-1642.0
-2097.0
-1822.0
-1045.0
-1864.0
-1909.0
-1804.0
-1858.0
-2918.0
-1521.0
-2461.0
-2545.0
-2302.0
-2442.0
-1276.0
-1549.0
-228.0
-1030.0
-1836.0
-1450.0
-1900.0
-3042.0
-1310.0
-1175.0
-2551.0
-2512.0
-1230.0
-1602.0
-2530.0
-1516.0
-738.0
-1763.0
-2308.0
-2016.0
-3279.0
-1845.0
-1475.0
-1952.0
-1890.0
-1377.0
-1807.0
-869.0
-3144.0
-276.0
-910.0
-323.0
-1847.0
-2553.0
-862.0
-447.0
-2985.0
-2414.0
-2073.0
-3327.0
-1538.0
-2454.0
-2260.0
-1694.0
-1737.0
-1271.0
-2213.0
-3789.0
-4919.0
-4600.0
-2341.0
-1803.0
-1728.0
-738.0
-2786.0
-2092.0
-540.0
-653.0
-1542.0
-4202.0
-4175.0
-1906.0
-94.0
-1373.0
-2148.0
-2164.0
-2500.0
-2222.0
-2071.0
-1385.0
-2928.0
-1101.0
-2210.0
-1449.0
-4266.0
-2720.0
-1639.0
-2126.0
-4962.0
-1183.0
-2085.0
-1161.0
-2001.0
-1951.0
-583.0
-259.0
-1507.0
-1975.0
-2351.0
-1247.0
-1133.0
-2701.0
-1797.0
-3274.0
-2053.0
-1649.0
-1673.0
-1372.0
-2658.0
-2092.0
-1323.0
-1514.0
-1274.0
-699.0
-2029.0
-2633.0
-671.0
-3303.0
-661.0
-1955.0
-1680.0
-2260.0
-68.0
-880.0
-2701.0
-1500.0
-1224.0
-1932.0
-2473.0
-1259.0
-2993.0
-1528.0
-1188.0
-1260.0
-2748.0
-1082.0
-1738.0
-2617.0
-2471.0
-1158.0
-348.0
-524.0
-1831.0
-2287.0
-2527.0
-1499.0
-1684.0
-1992.0
-2087.0
-480.0
-1626.0
-1799.0
-872.0
-1709.0
-1862.0
-2079.0
-1764.0
-2060.0
-2404.0
-2319.0
-1440.0
-2023.0
-132.0
-1127.0
-1418.0
-1272.0
-1850.0
-1413.0
-304.0
162.0
-1467.0
-1650.0
-1259.0
-2600.0
-1416.0
-1990.0
-2390.0
-1644.0
-2727.0
-1498.0
-2680.0
-2377.0
-1746.0
-1904.0
-2976.0
-1153.0
-2803.0
-1283.0
-2258.0
-2641.0
-899.0
-214.0
-5544.0
-5074.0
-1319.0
-1340.0
-1548.0
-1788.0
-2639.0
-1687.0
-1719.0
-2299.0
-1567.0
-1765.0
-1775.0
-1357.0
-1779.0
-1437.0
-2274.0
-2064.0
-1342.0
-1510.0
-198.0
-1170.0
-2667.0
-1288.0
-1077.0
-1701.0
-218.0
-1041.0
-2192.0
-1728.0
-106.0
-2612.0
-1806.0
-1965.0
-1200.0
-2773.0
-2209.0
-3092.0
-2557.0
-1454.0
-486.0
-2315.0
-1772.0
-1235.0
-1440.0
-1372.0
-1870.0
-204.0
-17.0
-1241.0
-1598.0
-2599.0
100.0
-180.0
-1573.0
-2249.0
-2173.0
-390.0
-2054.0
-2081.0
-1741.0
-2046.0
-1960.0
-1169.0
-3262.0
-1224.0
-2768.0
-4078.0
-1817.0
-1810.0
-1936.0
-588.0
-2481.0
-1874.0
-409.0
-2823.0
-542.0
-3094.0
-1840.0
-2441.0
-271.0
-1645.0
-2110.0
-2405.0
-1051.0
-2219.0
-840.0
-1406.0
-1927.0
-1408.0
-1116.0
-1038.0
-2965.0
-1776.0
-823.0
-1205.0
-1851.0
-1069.0
-1044.0
-1784.0
-1647.0
-2264.0
-1856.0
-974.0
-1409.0
-1864.0
-1935.0
-1432.0
-1000.0
-2219.0
-1927.0
-2288.0
-1828.0
-1162.0
-2420.0
-2137.0
-3201.0
-4407.0
-1485.0
-1900.0
-1350.0
-1148.0
-2100.0
-2264.0
-1220.0
-1205.0
-1031.0
-150.0
-1424.0
-1769.0
-1068.0
-122.0
-1055.0
-1665.0
-1068.0
-1653.0
-1930.0
-1646.0
-2210.0
-1336.0
-498.0
-1218.0
-1946.0
-1925.0
-1282.0
-1347.0
-1565.0
-1188.0
-1588.0
-1041.0
-2029.0
-1681.0
-1210.0
-1484.0
-1943.0
-1669.0
-2116.0
-2587.0
-1726.0
-1676.0
-1389.0
-2089.0
-2655.0
-1152.0
-2359.0
-1380.0
-3149.0
-2392.0
-2540.0
-1130.0
-2476.0
-1117.0
-1704.0
-1618.0
-1377.0
-982.0
-1803.0
-51.0
-2022.0
-2146.0
-113.0
-146.0
-2431.0
-724.0
-1439.0
-2203.0
-2171.0
-1400.0
-1633.0
-1822.0
-1365.0
-2203.0
-2993.0
-1269.0
-304.0
-1114.0
-1512.0
-1402.0
-1761.0
-1101.0
-1571.0
-2337.0
-1074.0
-521.0
-1550.0
-1736.0
-1426.0
-1514.0
-1231.0
-2189.0
-1648.0
-2486.0
-1823.0
-1411.0
-2537.0
-2069.0
-2015.0
-1458.0
-1560.0
-1569.0
-1575.0
-1416.0
-2429.0
-1385.0
-1568.0
-1129.0
-1633.0
-1486.0
-1326.0
-1617.0
-2472.0
-1902.0
-2474.0
-1797.0
-1037.0
-2262.0
-2005.0
-2592.0
-2419.0
-1143.0
-1093.0
-557.0
-1519.0
-1109.0
-109.0
-1290.0
-1501.0
-736.0
-785.0
-53.0
-1472.0
-2189.0
-28.0
-955.0
-1515.0
-1703.0
-2110.0
-1044.0
-320.0
-1574.0
-1432.0
-1708.0
-733.0
-1077.0
-1975.0
-1243.0
-2030.0
-2590.0
-1495.0
-1125.0
-211.0
-45.0
-1364.0
-1363.0
-1309.0
-2085.0
-1980.0
-1229.0
-1545.0
-1446.0
-246.0
-738.0
-2055.0
-270.0
-1153.0
-821.0
-1574.0
-2443.0
-2059.0
-1637.0
-1460.0
-2317.0
-3447.0
-2288.0
-1254.0
-1405.0
-1693.0
-1194.0
-1581.0
89.0
-2196.0
-1763.0
38.0
-142.0
-2103.0
-1441.0
-1563.0
-1185.0
-1341.0
-1700.0
-1156.0
-1741.0
-1324.0
-1272.0
-1890.0
-1965.0
-2658.0
-2539.0
-1247.0
-1086.0
-423.0
-545.0
-1243.0
-1344.0
-867.0
-1846.0
-1109.0
-855.0
-1419.0
-1517.0
17.0
-317.0
-1243.0
-1610.0
-1018.0
-1211.0
-1478.0
-1354.0
-1825.0
-1250.0
-1011.0
-1902.0
-2002.0
-1480.0
-63.0
-1035.0
-1378.0
-941.0
-1210.0
-180.0
-1211.0
-1875.0
-934.0
-940.0
-1851.0
-1532.0
-1541.0
-1557.0
-1233.0
-1537.0
-1334.0
-2141.0
-1694.0
-383.0
-1639.0
-1249.0
-2755.0
-2660.0
-1206.0
-1266.0
115.0
-1181.0
-1506.0
-1254.0
-1384.0
-1039.0
-1292.0
-750.0
-1815.0
-1578.0
-1005.0
-576.0
-1388.0
-1438.0
-436.0
-1458.0
-1715.0
-1204.0
-1936.0
-1058.0
-919.0
-1079.0
-2609.0
-654.0
6.0
-1448.0
-1271.0
-1042.0
24.0
-1083.0
-1414.0
-1408.0
-15.0
11.0
-1968.0
-1763.0
-1595.0
-1242.0
-1565.0
-1247.0
-1675.0
-2299.0
-1515.0
-1538.0
-1526.0
-1044.0
-2657.0
-1841.0
-1509.0
-1022.0
-1448.0
-672.0
-1206.0
-1314.0
-1299.0
-222.0
-1474.0
-260.0
-1470.0
-2209.0
-249.0
-929.0
-1684.0
-1270.0
-1150.0
-971.0
-1587.0
-1390.0
-2172.0
-851.0
-655.0
-1776.0
-2950.0
-603.0
-939.0
-1572.0
-1135.0
-601.0
-628.0
-1229.0
-2032.0
-2667.0
-961.0
-1331.0
-1345.0
-1784.0
-1775.0
-1103.0
-1711.0
-2970.0
-1287.0
-2112.0
-1712.0
-1234.0
-1738.0
-2340.0
-2530.0
-2794.0
-1232.0
-1684.0
-1065.0
-1172.0
-1600.0
-1859.0
-1707.0
-1571.0
-712.0
157.0
-2773.0
-2075.0
-1289.0
-2243.0
-1441.0
-1319.0
-1221.0
-3459.0
-2897.0
-1374.0
-2591.0
-1030.0
-1633.0
-1167.0
-2019.0
-1613.0
-389.0
-1136.0
-1536.0
-297.0
-285.0
-350.0
-3448.0
-1375.0
-62.0
-1064.0
-1165.0
-1786.0
-1772.0
-857.0
-379.0
-1707.0
-1562.0
-1259.0
-1524.0
-1375.0
-2395.0
-1487.0
-2020.0
-2323.0
-1476.0
-1068.0
-220.0
-1056.0
-1854.0
-1285.0
-1634.0
-1184.0
34.0
13.0
-1774.0
-1358.0
-1500.0
-94.0
-1606.0
-2172.0
-1276.0
-1426.0
-1560.0
-1210.0
-2355.0
-1293.0
-1276.0
-1238.0
-2398.0
-1100.0
-855.0
-1092.0
-1361.0
-1036.0
-997.0
-1018.0
-1363.0
-1904.0
-259.0
158.0
-1692.0
-1695.0
-1522.0
-1037.0
-1464.0
-1449.0
-1351.0
-1020.0
-2432.0
-1271.0
-1576.0
-1136.0
-2134.0
-2576.0
-1130.0
-1388.0
-950.0
-943.0
-2678.0
-1523.0
-1056.0
63.0
-681.0
118.0
-1743.0
-1380.0
-144.0
-685.0
-1312.0
-1812.0
-923.0
-1308.0
-1675.0
-1308.0
-2731.0
-992.0
-1146.0
-1024.0
-2221.0
-1632.0
-684.0
-1168.0
-1197.0
-976.0
-952.0
-992.0
-1276.0
-2096.0
-518.0
-1223.0
-1568.0
-1436.0
-1413.0
-996.0
-1128.0
-1683.0
-1276.0
-1010.0
-2008.0
-1125.0
-1413.0
-1629.0
-1923.0
-1432.0
-1288.0
-1247.0
55.0
-1192.0
-1285.0
-1507.0
-1575.0
-202.0
-254.0
-798.0
-1700.0
-1353.0
-669.0
98.0
-1879.0
-1274.0
-1015.0
-1255.0
-1690.0
-1533.0
-2431.0
-999.0
-1013.0
-1683.0
-2584.0
-861.0
-1080.0
-1004.0
-1250.0
-377.0
-617.0
-1069.0
-1650.0
-1911.0
39.0
-959.0
-1704.0
-1445.0
-1419.0
-293.0
-1075.0
-1526.0
-1258.0
-1848.0
-1153.0
-1211.0
-1644.0
-1209.0
-2477.0
-1985.0
-1258.0
-1514.0
-243.0
-293.0
-1364.0
-1328.0
-1137.0
-1122.0
-996.0
-137.0
-1396.0
-1112.0
-714.0
-1721.0
-1162.0
-1085.0
-978.0
-1157.0
-1181.0
-1172.0
-2333.0
-873.0
77.0
-1065.0
-2114.0
-675.0
52.0
-1224.0
-1538.0
-992.0
-948.0
-35.0
-1835.0
-2071.0
-214.0
-1021.0
-1823.0
-1467.0
-1434.0
-1049.0
-1225.0
-1312.0
-1419.0
-998.0
-1958.0
-1075.0
-1584.0
-1152.0
-1516.0
-2117.0
-1302.0
-1057.0
-948.0
-964.0
-1527.0
-1172.0
-1028.0
-976.0
-671.0
-1198.0
-1253.0
-1287.0
26.0
-928.0
-1256.0
-405.0
-1023.0
-1495.0
-1316.0
-1299.0
-2169.0
-981.0
-318.0
-1024.0
-2156.0
-1100.0
-47.0
-1154.0
-1402.0
-993.0
-1060.0
35.0
-1298.0
-1580.0
63.0
16.0
-1238.0
-1510.0
-1532.0
-977.0
-1132.0
-1555.0
-1159.0
-1584.0
-2016.0
-975.0
-1662.0
-1397.0
-2251.0
-2042.0
-1516.0
-1265.0
-1672.0
-1041.0
-1616.0
-1536.0
-1457.0
-997.0
-1022.0
-174.0
-1366.0
-1251.0
-871.0
-107.0
-1330.0
-1362.0
-977.0
-1395.0
-837.0
-1089.0
-1941.0
-986.0
-663.0
-1096.0
-1764.0
-1350.0
109.0
-1247.0
-1246.0
-577.0
-51.0
-969.0
-1952.0
-1566.0
-919.0
-681.0
-1308.0
-1731.0
-1775.0
-1029.0
-1116.0
-1593.0
-1378.0
-1485.0
-1587.0
-1399.0
-2173.0
-1568.0
-2242.0
-2260.0
-1060.0
-996.0
-1339.0
-1351.0
-1346.0
-1307.0
-1083.0
-1157.0
-1006.0
8.0
-1345.0
-1633.0
-1083.0
-942.0
-1020.0
-1219.0
-975.0
-1037.0
-1526.0
-1056.0
-1998.0
-1008.0
-947.0
-933.0
-1866.0
1.0
-556.0
-1028.0
-1586.0
-949.0
-939.0
-86.0
-1213.0
-1973.0
-938.0
-990.0
-1481.0
-1663.0
-1386.0
-283.0
-1234.0
-1552.0
-1277.0
-1537.0
-1298.0
-999.0
-1517.0
-884.0
-1614.0
-2464.0
-1423.0
-1026.0
-942.0
-975.0
-1458.0
-1384.0
-205.0
-1057.0
-857.0
-229.0
-1149.0
-1123.0
232.0
-923.0
-826.0
-1236.0
-1094.0
-1186.0
-1453.0
-1215.0
-1578.0
-1098.0
-317.0
-1206.0
-2119.0
-1112.0
-876.0
-872.0
-1381.0
-848.0
-925.0
-756.0
-1584.0
-1795.0
90.0
-814.0
-1343.0
-1888.0
-1710.0
-1011.0
-1230.0
-1806.0
-1165.0
-1364.0
-1539.0
-1009.0
-1562.0
-1210.0
-2106.0
-1871.0
-505.0
-1017.0
-935.0
-382.0
-1639.0
-2707.0
-1022.0
-1032.0
-1417.0
-34.0
-1307.0
-581.0
-828.0
-36.0
-1015.0
-1419.0
-996.0
-1087.0
-1026.0
-1106.0
-1769.0
-927.0
-951.0
-1174.0
-2064.0
-400.0
-156.0
-1047.0
-1350.0
-929.0
-1506.0
-296.0
-1181.0
-1353.0
-1271.0
-933.0
-1117.0
-1506.0
-1532.0
-687.0
-1003.0
-2273.0
-1329.0
-1347.0
-1694.0
-1145.0
-1986.0
-1468.0
-1686.0
-1719.0
-1839.0
-1237.0
-1237.0
-1031.0
-1446.0
-1496.0
-1048.0
-413.0
-909.0
-308.0
-1373.0
-966.0
-993.0
-898.0
-1419.0
-1144.0
-1002.0
-1078.0
-849.0
-1332.0
-1358.0
-1194.0
-431.0
-611.0
-2383.0
-344.0
-1469.0
-577.0
-1330.0
-592.0
-1195.0
-1382.0
-1441.0
-2064.0
163.0
-325.0
-1921.0
-1550.0
-2150.0
-307.0
-795.0
-2707.0
-1197.0
-1332.0
-2184.0
-1080.0
-1564.0
-1517.0
-2026.0
-1419.0
-1366.0
-1366.0
-1129.0
-1053.0
-1281.0
-1237.0
-130.0
-1170.0
-678.0
122.0
-1774.0
-1145.0
126.0
181.0
-266.0
-1284.0
-18.0
-1593.0
-1357.0
-1320.0
-1792.0
-1120.0
-295.0
-997.0
-2910.0
-356.0
-198.0
-1036.0
-1098.0
-957.0
-1049.0
-2761.0
-1350.0
-1662.0
92.0
-13.0
-2831.0
-1511.0
-1413.0
-1627.0
-1077.0
-1635.0
-1098.0
-1405.0
-1832.0
-1019.0
-1555.0
-1735.0
-1907.0
-1426.0
-812.0
-1272.0
-916.0
-1062.0
-1082.0
-1200.0
-472.0
-586.0
-1957.0
35.0
-1378.0
-1755.0
83.0
-1055.0
-1201.0
-1554.0
-972.0
-2043.0
-1369.0
-2943.0
-1501.0
-1072.0
-1211.0
-1128.0
-1690.0
-1136.0
111.0
-1101.0
-1784.0
-1093.0
-938.0
-187.0
-1862.0
-1693.0
-933.0
53.0
-1303.0
-2010.0
-1488.0
-1180.0
-1106.0
-1612.0
-1191.0
-1423.0
-1580.0
-1038.0
-1451.0
-1518.0
-2073.0
-1542.0
-1761.0
-1292.0
-347.0
-1236.0
-1319.0
-1302.0
-478.0
-1315.0
-991.0
150.0
-1263.0
-1267.0
-432.0
-29.0
-1349.0
-1065.0
-920.0
-1141.0
-1694.0
-1115.0
-1421.0
-1088.0
-1025.0
-1066.0
-1803.0
-1108.0
-668.0
-664.0
-1637.0
-908.0
-667.0
-1044.0
-1237.0
-1660.0
-124.0
-967.0
-1264.0
-1388.0
-1287.0
-3141.0
-1137.0
-1724.0
-1103.0
-1216.0
-1620.0
-1059.0
-2128.0
-1384.0
-1752.0
-1749.0
-1369.0
-1042.0
-1264.0
-934.0
-1287.0
-1323.0
-417.0
-1028.0
-1014.0
-897.0
-1228.0
-1322.0
-1509.0
-806.0
-1257.0
-1210.0
-135.0
-1292.0
-1309.0
-1306.0
-2008.0
-1082.0
-957.0
-1040.0
-1910.0
-1094.0
-917.0
-970.0
-1391.0
-513.0
112.0
-896.0
-1393.0
-1520.0
-900.0
-296.0
-1307.0
-1463.0
-2287.0
-1144.0
-928.0
-1993.0
-1401.0
-1720.0
-1864.0
-1418.0
-2224.0
-1221.0
-1911.0
-2322.0
-1062.0
-1136.0
-956.0
-1031.0
-1296.0
-1284.0
-957.0
-1058.0
-1055.0
203.0
-1471.0
-1248.0
185.0
-1116.0
-966.0
-1523.0
-1107.0
-1424.0
-1674.0
-1078.0
-2128.0
-2544.0
-1111.0
-1076.0
-2071.0
-1126.0
-967.0
-1529.0
-606.0
-186.0
-932.0
-942.0
-1680.0
-1842.0
-960.0
-908.0
-1330.0
-1441.0
-1691.0
-1055.0
-1025.0
-1413.0
-1397.0
-940.0
-1975.0
-1084.0
-2184.0
-3171.0
-1870.0
-2878.0
-1219.0
-743.0
-1013.0
-946.0
-1126.0
-1547.0
-1016.0
-928.0
-93.0
265.0
-1347.0
-1503.0
-613.0
-923.0
-1209.0
-1324.0
-210.0
-1337.0
-1481.0
-1106.0
-1947.0
-1000.0
-818.0
-963.0
-2095.0
-1246.0
97.0
-886.0
-574.0
-974.0
-1098.0
-874.0
-1373.0
-1635.0
-815.0
-936.0
-527.0
-1421.0
-2558.0
-1159.0
-1381.0
-1380.0
-1199.0
-1388.0
-1383.0
-1264.0
-1410.0
-924.0
-1865.0
-2554.0
-1523.0
-173.0
-994.0
-993.0
-1406.0
-1300.0
24.0
-1124.0
-1020.0
-965.0
-1164.0
-1678.0
-414.0
232.0
-1669.0
-1278.0
-1102.0
-1158.0
-1320.0
-1161.0
-1976.0
-982.0
-994.0
-1038.0
-2014.0
-1030.0
-929.0
-1063.0
-1155.0
-262.0
-1008.0
-1247.0
-1301.0
-2082.0
-947.0
-184.0
-1274.0
-1548.0
-1445.0
-1103.0
-1015.0
-1430.0
-1130.0
-1495.0
-1311.0
-1100.0
-1673.0
-1239.0
-2240.0
-2008.0
-1179.0
-1088.0
-962.0
-942.0
-1248.0
-1187.0
-1015.0
-337.0
-1041.0
-319.0
-1216.0
-1135.0
-932.0
-975.0
-1237.0
-156.0
-935.0
-1536.0
-907.0
-1073.0
-1387.0
-1148.0
-951.0
-1070.0
-1825.0
-1077.0
186.0
-1050.0
-1196.0
-967.0
-994.0
-994.0
-1288.0
-2023.0
-187.0
-41.0
-1400.0
-1280.0
-1752.0
-1007.0
-1058.0
-1648.0
-1256.0
-1264.0
-1329.0
-1006.0
-1438.0
-746.0
-1810.0
-1477.0
-1202.0
-1202.0
-1145.0
-951.0
-1306.0
-1345.0
-1033.0
-999.0
-830.0
-996.0
-1293.0
-1169.0
250.0
-295.0
-1230.0
-1262.0
-990.0
-565.0
-1062.0
-1178.0
-1643.0
-1063.0
-1049.0
-1039.0
-1995.0
-1067.0
78.0
-153.0
-1141.0
-290.0
-606.0
-227.0
-1335.0
-1832.0
-983.0
-326.0
-1151.0
-1482.0
-1648.0
-1124.0
-184.0
-1334.0
-1385.0
-662.0
-1949.0
-1309.0
-1639.0
-768.0
-2116.0
-2289.0
-1460.0
-1048.0
3.0
-195.0
-1584.0
-1167.0
-1327.0
-53.0
-158.0
218.0
-1768.0
-1180.0
240.0
-135.0
-2216.0
-1270.0
-798.0
-1194.0
-1276.0
-323.0
-1771.0
-979.0
43.0
-1117.0
-1798.0
-1088.0
-370.0
-1527.0
-1313.0
-1037.0
-1047.0
-242.0
-1135.0
-1747.0
-347.0
-7.0
-1169.0
-1914.0
-1411.0
-23.0
-1093.0
-1304.0
-1127.0
-1204.0
-1647.0
-1021.0
-1409.0
-1226.0
-1878.0
-2149.0
-1318.0
-1137.0
-912.0
-966.0
-859.0
-1074.0
-1116.0
-1140.0
-951.0
-596.0
-1458.0
-1733.0
189.0
-1076.0
-1642.0
-1427.0
-990.0
-469.0
-1192.0
-1249.0
-1666.0
-1102.0
-446.0
-838.0
-1795.0
-1190.0
-164.0
-1844.0
-1123.0
-1105.0
-927.0
-3.0
-1207.0
-1672.0
-909.0
-941.0
-1188.0
-1509.0
-1609.0
-1149.0
-1062.0
-1362.0
-1174.0
-1048.0
-1102.0
-1462.0
-1691.0
-554.0
-2134.0
-1952.0
-1433.0
-1025.0
-1038.0
-468.0
-1350.0
-1302.0
-1043.0
-657.0
-1274.0
306.0
-1195.0
-1257.0
-976.0
-898.0
-1113.0
-1030.0
-957.0
-1645.0
-1324.0
-1114.0
-1418.0
-1056.0
-994.0
-1245.0
-2091.0
-617.0
-975.0
-548.0
-1105.0
-573.0
-946.0
-981.0
-1420.0
-1296.0
-391.0
-848.0
-1107.0
-932.0
-1415.0
-577.0
-1017.0
-1348.0
-1165.0
-802.0
-1299.0
-1038.0
-1474.0
-1258.0
-1862.0
-1651.0
-1121.0
-932.0
-1128.0
-972.0
-1117.0
-1229.0
-1085.0
-319.0
-1053.0
175.0
-811.0
-1223.0
-37.0
-948.0
-1182.0
-1198.0
-971.0
-1197.0
-1264.0
-1124.0
-1842.0
-1602.0
-941.0
-1123.0
-1700.0
-2503.0
-945.0
-1076.0
-506.0
-366.0
-953.0
-993.0
-1434.0
-1940.0
309.0
-587.0
-1365.0
-1404.0
-1490.0
-989.0
-1033.0
-1211.0
-1184.0
-1216.0
-1221.0
-1023.0
-1542.0
-1203.0
-2089.0
-1786.0
-1291.0
-1128.0
-1052.0
-1051.0
-1288.0
-1384.0
-1176.0
-578.0
-527.0
23.0
-1341.0
-648.0
-468.0
-31.0
-1010.0
-237.0
-955.0
-1584.0
-426.0
-2980.0
-3038.0
-2040.0
-578.0
-1884.0
-1653.0
-2.0
-1114.0
-828.0
-2072.0
-1493.0
-1258.0
-181.0
-1342.0
-2066.0
51.0
78.0
-1294.0
-1510.0
-1621.0
-1103.0
-1040.0
-1669.0
-1258.0
-1378.0
-1758.0
-959.0
-1480.0
-1304.0
-2129.0
-2846.0
-1189.0
-1553.0
-1529.0
-988.0
-1177.0
-1135.0
-929.0
-212.0
-1478.0
128.0
-1552.0
-1298.0
-379.0
-429.0
-1433.0
-1188.0
-971.0
-1204.0
-1224.0
-1171.0
-1453.0
-1221.0
-1128.0
-1375.0
-2214.0
-125.0
-917.0
-1230.0
-1238.0
-1372.0
-454.0
-26.0
-1295.0
-1672.0
-1249.0
-83.0
-1212.0
-1716.0
-1572.0
-1041.0
-731.0
-1488.0
-1184.0
-1190.0
-1424.0
-995.0
-1589.0
-1165.0
-1871.0
-2089.0
-1642.0
-1098.0
-132.0
-996.0
-1852.0
-1079.0
-1043.0
-66.0
-148.0
181.0
-1241.0
-889.0
-99.0
-79.0
-1351.0
-1373.0
-964.0
-1233.0
-509.0
-1217.0
-1441.0
-35.0
-911.0
-13.0
-1645.0
-1143.0
58.0
-1071.0
-1523.0
-363.0
-933.0
-1340.0
-1549.0
-1730.0
-240.0
-166.0
-1548.0
-701.0
-1397.0
-384.0
-1461.0
-1734.0
-1197.0
-497.0
-1324.0
-981.0
-1657.0
-1226.0
-1818.0
-1647.0
-1212.0
-1168.0
-79.0
93.0
-1193.0
-1519.0
-200.0
-176.0
-45.0
-185.0
-1222.0
-1346.0
-270.0
-401.0
-1106.0
-1931.0
-965.0
-1232.0
-661.0
-1115.0
-1034.0
-995.0
-967.0
-39.0
-1773.0
-1369.0
-154.0
-610.0
-1794.0
-676.0
101.0
-979.0
-1289.0
-1674.0
-1257.0
62.0
-1612.0
-1459.0
-1421.0
-967.0
-1173.0
-1363.0
-1323.0
-365.0
-1278.0
-161.0
-643.0
-852.0
-1597.0
-1915.0
-1109.0
-1155.0
-1170.0
-993.0
-1675.0
-1204.0
-1039.0
-967.0
-1051.0
-922.0
-1237.0
-1522.0
-997.0
233.0
-1181.0
-1128.0
-945.0
-644.0
-1091.0
-1218.0
-1425.0
-986.0
140.0
-993.0
-2698.0
-109.0
-975.0
-596.0
-1414.0
-859.0
-834.0
-301.0
-1165.0
-1791.0
-627.0
-140.0
-968.0
-2600.0
-1866.0
-739.0
-1052.0
-1333.0
-1155.0
-1441.0
-1271.0
-1079.0
-882.0
-1465.0
-1768.0
-1217.0
-1390.0
-1159.0
-930.0
-940.0
-1145.0
-1166.0
-1209.0
-984.0
-654.0
-944.0
-1319.0
-880.0
-221.0
-847.0
-1170.0
-1094.0
-1225.0
-1097.0
-1430.0
-1119.0
-1625.0
-975.0
-291.0
-1099.0
-1773.0
-1144.0
-88.0
-1217.0
-1151.0
-1304.0
-911.0
-1076.0
-1472.0
-1309.0
-250.0
-959.0
-1098.0
-1420.0
-1501.0
-1107.0
-956.0
-1195.0
-1137.0
-1213.0
-1276.0
-1024.0
-1660.0
-1122.0
-1925.0
-2089.0
-1147.0
-1833.0
-948.0
-1003.0
-1232.0
-1310.0
-805.0
-1011.0
-623.0
113.0
-1333.0
-1157.0
-1282.0
222.0
-1081.0
-1188.0
-979.0
-367.0
-1561.0
-1167.0
-1409.0
-341.0
-434.0
-1251.0
-1979.0
-1029.0
12.0
-1164.0
-989.0
-876.0
-944.0
20.0
-1248.0
-1567.0
-945.0
-363.0
-1084.0
-1355.0
-1704.0
-155.0
-1234.0
-1593.0
-1121.0
-1127.0
-1677.0
-1012.0
-1475.0
-1184.0
-1597.0
-2283.0
-1275.0
-934.0
-1423.0
-936.0
-1302.0
-1277.0
-1264.0
-924.0
-1071.0
-956.0
-1306.0
-1219.0
-795.0
-894.0
-1261.0
-1149.0
-939.0
-1196.0
-1434.0
-1083.0
-1337.0
-1015.0
-400.0
68.0
-1983.0
-1173.0
-96.0
-1016.0
-1385.0
-568.0
-967.0
-276.0
-1284.0
-1912.0
-297.0
-919.0
-1286.0
-1621.0
-1611.0
-982.0
-204.0
-1449.0
-1199.0
-1319.0
-1233.0
-1056.0
-2099.0
-1125.0
-1811.0
-1757.0
-1133.0
-1216.0
-927.0
-974.0
-1241.0
-1194.0
-855.0
-991.0
-1106.0
-835.0
-1276.0
-1515.0
-1027.0
-34.0
-1249.0
-1231.0
-1187.0
-1858.0
-2528.0
-2635.0
-1763.0
-195.0
-1047.0
-1575.0
-2053.0
-1104.0
62.0
-1069.0
-1222.0
-1312.0
-1024.0
-949.0
-1467.0
-1436.0
-129.0
-924.0
-1340.0
-1395.0
-1457.0
-1045.0
-1009.0
-1289.0
-608.0
-360.0
-1258.0
-986.0
-1475.0
-1134.0
-1930.0
-2216.0
-1329.0
-1048.0
-217.0
-947.0
-386.0
-1190.0
-319.0
-163.0
-137.0
-424.0
-1245.0
-944.0
-734.0
-214.0
-1151.0
-159.0
-969.0
-1214.0
-1235.0
-1263.0
-1544.0
-999.0
-972.0
-1486.0
-1548.0
-1230.0
-91.0
-1001.0
-1344.0
-647.0
-926.0
-6.0
-1442.0
-1543.0
144.0
-579.0
-1454.0
-1706.0
-1346.0
49.0
-1030.0
-1446.0
-1236.0
-441.0
-1438.0
-1139.0
-1572.0
-1222.0
-1671.0
-1325.0
-1218.0
-1091.0
-1079.0
-961.0
-1238.0
-1219.0
-1020.0
-1014.0
-712.0
39.0
-1491.0
-754.0
-63.0
-919.0
-951.0
-4235.0
-2216.0
-1135.0
-1113.0
-1846.0
-2237.0
-1079.0
-836.0
-1056.0
-2198.0
-1321.0
-350.0
-643.0
-1241.0
-1079.0
-923.0
-1094.0
-1219.0
-1675.0
14.0
-913.0
-1206.0
-1816.0
-1441.0
-214.0
-1289.0
-1580.0
-1940.0
-1351.0
-1303.0
-691.0
-1266.0
-1212.0
-1783.0
-967.0
-408.0
-1084.0
-926.0
-971.0
-1127.0
-1213.0
-1030.0
-414.0
-1150.0
-372.0
-1237.0
-791.0
-366.0
-932.0
-1248.0
-1314.0
-987.0
-586.0
-606.0
-1267.0
-1553.0
-1104.0
188.0
-979.0
-1609.0
-1044.0
-1070.0
-1074.0
-1077.0
-1041.0
-188.0
-1063.0
-1257.0
-1222.0
-188.0
-918.0
-1125.0
-1511.0
-1282.0
-1003.0
-1032.0
-1500.0
-239.0
-938.0
-1314.0
-1064.0
-1646.0
-532.0
-1840.0
-1273.0
-1301.0
-786.0
-889.0
-969.0
-1235.0
-1185.0
-1014.0
-1054.0
-1118.0
-237.0
-1179.0
-1306.0
-1018.0
-358.0
-1249.0
-1045.0
-755.0
-1121.0
-1233.0
-1164.0
-1411.0
-1019.0
-1120.0
-1007.0
-1976.0
-1288.0
112.0
-1121.0
-841.0
-1467.0
-1070.0
-1146.0
-1062.0
-1671.0
242.0
-974.0
-1413.0
-1318.0
-1504.0
-1071.0
-1031.0
-1712.0
-1024.0
-1157.0
-1344.0
-1032.0
-1548.0
-1160.0
-1606.0
-1404.0
-1136.0
-1011.0
-761.0
-926.0
-1249.0
-1212.0
-1028.0
-131.0
-780.0
161.0
-1259.0
-1216.0
283.0
-252.0
-379.0
-1131.0
-1014.0
-1057.0
-1322.0
-1319.0
-1866.0
-964.0
-1028.0
-1075.0
-2503.0
-1068.0
-62.0
-1105.0
-735.0
-971.0
-935.0
-966.0
-1076.0
-1593.0
-202.0
-914.0
-1342.0
-1518.0
-1361.0
-703.0
-1302.0
-1544.0
-1221.0
-1222.0
-1273.0
-1034.0
-1504.0
-1416.0
-1809.0
-1883.0
-2065.0
-666.0
-611.0
-1145.0
-1280.0
-2466.0
-1229.0
-1395.0
-1006.0
-49.0
-950.0
-1335.0
-281.0
-941.0
-1237.0
-448.0
-801.0
-1179.0
-1487.0
-1634.0
-1691.0
-1018.0
-948.0
-1060.0
-1649.0
-1050.0
-892.0
-1170.0
-1178.0
-971.0
-781.0
-495.0
-1285.0
-1377.0
-29.0
-940.0
-1215.0
-1547.0
-1460.0
-604.0
-1036.0
-1412.0
-996.0
-1263.0
-1286.0
-984.0
-1519.0
-1079.0
-1658.0
-1381.0
-1306.0
-1145.0
139.0
-1119.0
-1255.0
-1299.0
-1021.0
-967.0
-599.0
205.0
-1358.0
-1245.0
-629.0
-931.0
-1067.0
-1121.0
-956.0
-1018.0
-1314.0
-570.0
-2320.0
-1002.0
-962.0
-1101.0
-1622.0
-1218.0
-979.0
-1066.0
-1230.0
-1036.0
-728.0
-8.0
-1190.0
-1532.0
-787.0
-1193.0
-1706.0
-1423.0
-1432.0
-966.0
-1249.0
-1933.0
-1410.0
-2149.0
-1330.0
-1035.0
-1490.0
-1181.0
-1592.0
-1509.0
-1357.0
-1109.0
-866.0
-1851.0
-1281.0
-2411.0
-882.0
-999.0
-935.0
-310.0
-1217.0
-1703.0
-826.0
-1178.0
-1246.0
-1552.0
-1281.0
-1078.0
-1148.0
-1017.0
-1389.0
-2598.0
-1040.0
-1113.0
-2156.0
-984.0
-126.0
-267.0
-1087.0
-901.0
-1363.0
-908.0
-1327.0
-1592.0
-398.0
-294.0
-1156.0
-1623.0
-1288.0
-984.0
-968.0
-1264.0
-1169.0
-1295.0
-1337.0
-1247.0
-1745.0
-1141.0
-1575.0
-2098.0
-1141.0
-1068.0
-970.0
-1015.0
-1094.0
-1286.0
-1237.0
-181.0
-1038.0
229.0
-1486.0
-321.0
-972.0
-168.0
-1098.0
-509.0
-933.0
-1030.0
-1265.0
-1023.0
-1411.0
-1008.0
23.0
-1183.0
-1600.0
-1150.0
-416.0
-1070.0
-1250.0
-944.0
-951.0
-406.0
-1671.0
-1713.0
-181.0
-24.0
-1601.0
-1418.0
-1974.0
-288.0
-1228.0
-1447.0
-1161.0
-1532.0
-1355.0
-1040.0
-1520.0
-1230.0
-2038.0
-2040.0
-1128.0
-1103.0
-72.0
-952.0
-1062.0
-1276.0
-70.0
-807.0
-994.0
260.0
-1155.0
-669.0
-922.0
-552.0
-1232.0
-1208.0
-411.0
-284.0
-1344.0
-232.0
-1580.0
-954.0
-447.0
-1049.0
-1870.0
-958.0
-195.0
-1073.0
-1380.0
45.0
-962.0
-346.0
-1137.0
-1609.0
-4.0
-892.0
-1277.0
-1368.0
-1517.0
-1007.0
-1074.0
-1332.0
-1208.0
-1319.0
-1640.0
-1060.0
-1556.0
-1102.0
-2041.0
-2559.0
-1357.0
-1066.0
-508.0
-1169.0
-1169.0
-1415.0
-1081.0
-709.0
-571.0
210.0
-1388.0
-1216.0
-107.0
213.0
-740.0
-1304.0
-1196.0
-1171.0
-688.0
-1217.0
-1528.0
-1160.0
-913.0
-1265.0
-1844.0
-1013.0
-933.0
-997.0
-1120.0
-1278.0
-874.0
-282.0
-1322.0
-1144.0
143.0
-955.0
-1151.0
-1357.0
-1518.0
-1274.0
-1030.0
-1214.0
-1233.0
-1471.0
-1659.0
-1067.0
-1576.0
-982.0
-1772.0
-1586.0
-1454.0
-1051.0
-874.0
-6.0
-1151.0
-1243.0
-975.0
-1053.0
-964.0
-167.0
-1356.0
-1244.0
-906.0
-714.0
-1145.0
-512.0
-910.0
-502.0
-1191.0
-1095.0
-1702.0
-1062.0
-490.0
-1034.0
-1916.0
-977.0
-987.0
-972.0
-1146.0
-974.0
-266.0
-571.0
-1281.0
-1469.0
51.0
-898.0
-1201.0
-1454.0
-1922.0
-989.0
-1052.0
-1400.0
-1040.0
-1217.0
-1428.0
-969.0
-1556.0
-1098.0
-2292.0
-1384.0
-1176.0
-1016.0
-755.0
-982.0
-1151.0
-1420.0
-122.0
-1005.0
-971.0
-39.0
-1234.0
-1141.0
-951.0
-927.0
-1097.0
-585.0
-963.0
-432.0
-1234.0
-1059.0
-2054.0
-386.0
-949.0
-1026.0
-1650.0
-1087.0
-935.0
-1131.0
-1549.0
-1035.0
-120.0
-1034.0
-1210.0
-1565.0
-1137.0
-1112.0
-1310.0
-1274.0
-2026.0
-1272.0
-1107.0
-1422.0
-1269.0
-1706.0
-4352.0
-1089.0
-1671.0
-1734.0
-2139.0
-1586.0
-1070.0
-1082.0
-661.0
-736.0
-1101.0
-1166.0
-314.0
-1115.0
-695.0
121.0
-1228.0
-1407.0
-14.0
11.0
-1492.0
-1213.0
-923.0
-1073.0
-1330.0
-1330.0
-2281.0
-1264.0
-1056.0
-1164.0
-961.0
-2908.0
-913.0
-1139.0
-1218.0
-1139.0
-930.0
-943.0
-1837.0
-1296.0
344.0
-960.0
-1203.0
-1235.0
-1312.0
-1030.0
-1016.0
-1523.0
-1311.0
-1129.0
-1249.0
-440.0
-1504.0
-1043.0
-1716.0
-1609.0
-1409.0
-1199.0
-986.0
-988.0
-1150.0
-1174.0
-256.0
-1014.0
-966.0
-254.0
-1082.0
-790.0
61.0
-955.0
-536.0
-940.0
-970.0
-720.0
-1166.0
-1232.0
-1556.0
-1112.0
-1262.0
-1115.0
-1808.0
-1066.0
-1074.0
-650.0
-1224.0
-188.0
-928.0
-1055.0
-1516.0
-1322.0
-94.0
111.0
-1331.0
-1409.0
-1358.0
-1580.0
-1463.0
-1467.0
-447.0
-1593.0
-1502.0
-1033.0
-1781.0
-2117.0
-1937.0
-1724.0
-1306.0
-1449.0
-1004.0
43.0
-1451.0
-1573.0
-26.0
-1049.0
-1716.0
-1359.0
-1596.0
-1713.0
-1041.0
-986.0
-1397.0
-1413.0
-566.0
-1278.0
-1245.0
-1060.0
-1845.0
-1222.0
-936.0
-1085.0
-1727.0
-725.0
100.0
-968.0
-624.0
-396.0
-934.0
-144.0
-1236.0
-1308.0
126.0
-905.0
-1145.0
-1323.0
-1574.0
-327.0
-1456.0
-1195.0
-1497.0
-1246.0
-1615.0
-1029.0
-1699.0
-1091.0
-1808.0
-1852.0
-1271.0
-1040.0
-274.0
-921.0
-1245.0
-1171.0
-1837.0
-1042.0
-2144.0
-949.0
-1062.0
-1667.0
-993.0
-944.0
-1843.0
-442.0
-1088.0
-2537.0
-1376.0
-1351.0
-1644.0
-1149.0
-974.0
-1049.0
-1772.0
-141.0
-1144.0
-919.0
-1164.0
-44.0
-1132.0
-946.0
-1308.0
-1551.0
-137.0
-926.0
-1230.0
-1317.0
-1933.0
-984.0
-1023.0
-1405.0
-615.0
-1198.0
-1364.0
-1098.0
-1352.0
-1219.0
-1867.0
-1507.0
-1300.0
-1012.0
-114.0
-1020.0
-1320.0
-2062.0
-980.0
-1344.0
-944.0
148.0
-1368.0
-1300.0
-929.0
-500.0
-1103.0
-1112.0
-311.0
-1109.0
-1270.0
-1099.0
-1404.0
-1109.0
-985.0
-1042.0
-1735.0
-1129.0
-64.0
-1088.0
-1120.0
-962.0
-954.0
-975.0
-1060.0
-1630.0
-333.0
-885.0
-1224.0
-1787.0
-1388.0
-962.0
-1145.0
-1245.0
-1158.0
-1258.0
-1259.0
-972.0
-834.0
-1021.0
-1984.0
-1340.0
-1172.0
-1250.0
-922.0
-144.0
-1373.0
-1243.0
-967.0
-1215.0
-980.0
-185.0
-1126.0
-1338.0
-188.0
-31.0
-408.0
-1194.0
-558.0
-556.0
-1227.0
-1058.0
-1491.0
-1001.0
14.0
-965.0
-1706.0
-1065.0
79.0
-511.0
-1188.0
-922.0
-902.0
-1088.0
-1119.0
-1217.0
-634.0
-1124.0
-1111.0
-1439.0
-1423.0
-276.0
-1090.0
-1137.0
-1254.0
-1078.0
-1348.0
-1354.0
-1401.0
-1160.0
-1587.0
-2217.0
-1025.0
-1085.0
-933.0
-984.0
-1259.0
-1276.0
-975.0
-1030.0
-1005.0
-919.0
-1252.0
-986.0
-43.0
202.0
-1336.0
-1077.0
-164.0
-749.0
-306.0
-1122.0
-1737.0
-1013.0
-1078.0
-147.0
-1048.0
-651.0
-1387.0
-440.0
-1045.0
-954.0
-970.0
-1232.0
-1600.0
-1287.0
-895.0
107.0
-1351.0
-1380.0
-1380.0
-985.0
-1085.0
-1200.0
-445.0
-1452.0
-1212.0
-1061.0
-1346.0
-1070.0
-2030.0
-1840.0
-1467.0
-1017.0
-159.0
-969.0
-1223.0
-1314.0
-1051.0
-984.0
-751.0
-161.0
-1235.0
-1179.0
-1012.0
-918.0
-1149.0
-1249.0
-989.0
-1223.0
-1225.0
-1044.0
-1426.0
-1021.0
-970.0
-1126.0
-1706.0
-1123.0
-485.0
-1123.0
-1222.0
-938.0
117.0
-989.0
-1152.0
-1302.0
174.0
-940.0
-1199.0
-1302.0
-1628.0
-172.0
-1100.0
-1251.0
-1159.0
-1226.0
-1292.0
-1047.0
-1476.0
-1153.0
-2040.0
-1925.0
-1360.0
-1309.0
-1081.0
-951.0
-1196.0
-1248.0
-1019.0
-1082.0
-1053.0
-893.0
-1082.0
-1170.0
-896.0
-51.0
-346.0
-1164.0
-1033.0
-1088.0
-1265.0
-1022.0
-1408.0
-954.0
-961.0
-1076.0
-1135.0
-1072.0
-278.0
-948.0
-1235.0
-142.0
-948.0
-903.0
-1189.0
-1419.0
-975.0
-735.0
-1226.0
-1237.0
-1558.0
-1077.0
-1135.0
-1296.0
-1435.0
-1333.0
-1495.0
-1045.0
-1552.0
-1793.0
-1506.0
-2391.0
-1378.0
-1060.0
-1081.0
-987.0
-1582.0
-1515.0
-1092.0
-1033.0
-764.0
-500.0
-1229.0
-1116.0
146.0
133.0
-1237.0
-1193.0
-946.0
-1358.0
-1340.0
-1147.0
-1528.0
32.0
-968.0
-1150.0
-1942.0
-1097.0
143.0
-1052.0
-1167.0
-948.0
-915.0
-885.0
-1200.0
-1517.0
-117.0
-901.0
-1360.0
-1356.0
-1370.0
-1095.0
-1176.0
-1316.0
-1148.0
-1179.0
-1377.0
-1651.0
-1396.0
-1116.0
-1803.0
-2056.0
-1422.0
-1272.0
-946.0
-228.0
-1580.0
-1180.0
-1182.0
-1012.0
-965.0
340.0
-1454.0
-1399.0
-946.0
244.0
-1080.0
-526.0
-1006.0
-802.0
-1261.0
-157.0
-1647.0
-207.0
-694.0
-1093.0
-1942.0
-169.0
-615.0
-30.0
-1555.0
-166.0
-3940.0
-944.0
-1256.0
-1375.0
-341.0
-946.0
-1203.0
-1502.0
-1315.0
-999.0
-1034.0
-1405.0
-1082.0
-1379.0
-1181.0
-978.0
-1425.0
-1157.0
-1538.0
-1945.0
-1175.0
-1121.0
-893.0
-970.0
-1050.0
-1181.0
-1012.0
-1049.0
-790.0
-684.0
-1379.0
-1352.0
314.0
151.0
-1114.0
-1083.0
-992.0
-1162.0
-1353.0
-1048.0
-1545.0
-1063.0
-673.0
-1194.0
-2040.0
-548.0
-961.0
-1036.0
-1370.0
-954.0
-969.0
172.0
-1281.0
-1463.0
-890.0
-77.0
-1252.0
-1363.0
-1416.0
-1011.0
-1053.0
-1311.0
-251.0
-376.0
-1573.0
-1014.0
-1528.0
-1183.0
-1602.0
-1922.0
-1268.0
-1034.0
-950.0
-1203.0
-1319.0
-1096.0
-1086.0
-958.0
-991.0
121.0
-1234.0
-1200.0
-868.0
63.0
-67.0
-1104.0
-397.0
-1143.0
-520.0
-1154.0
-1708.0
-998.0
-980.0
-1191.0
-1887.0
-1089.0
-966.0
-997.0
-1075.0
-533.0
-949.0
-933.0
-1141.0
-1315.0
289.0
-888.0
-1111.0
-1616.0
-1341.0
-118.0
-1055.0
-1250.0
-916.0
-1275.0
-1359.0
-1002.0
-1338.0
-1135.0
-1500.0
-745.0
-1252.0
-1084.0
-901.0
-940.0
-1210.0
-1315.0
-1200.0
-910.0
-965.0
180.0
-1323.0
-1382.0
-173.0
229.0
-1060.0
-1165.0
-998.0
-263.0
-885.0
-1048.0
-1542.0
-1007.0
-263.0
-1188.0
-1689.0
-1146.0
-979.0
-946.0
-1368.0
-894.0
-943.0
-933.0
-1170.0
-1464.0
-980.0
-40.0
-1304.0
-1381.0
-1426.0
-95.0
-1145.0
-1409.0
-1180.0
-1048.0
-1404.0
-1007.0
-1372.0
-1163.0
-1591.0
-1834.0
-1119.0
-1217.0
-76.0
-1076.0
-556.0
-1369.0
-1038.0
-1028.0
-414.0
241.0
-1245.0
-1182.0
-900.0
-822.0
-1084.0
-1175.0
-1151.0
-1154.0
-520.0
-1175.0
-1560.0
-978.0
-1098.0
-1089.0
-1789.0
-1077.0
-27.0
-683.0
-1147.0
-943.0
-1070.0
-256.0
-1137.0
-1473.0
-885.0
-907.0
-1298.0
-1426.0
-1367.0
-991.0
-1099.0
-1295.0
-1259.0
-1202.0
-1497.0
-1155.0
-1439.0
-1064.0
-1910.0
-2402.0
-478.0
-1248.0
-796.0
-1082.0
-1224.0
-1279.0
-1012.0
-985.0
-997.0
-85.0
-1139.0
-1129.0
-888.0
20.0
-1152.0
-1111.0
-992.0
-1059.0
-445.0
-1058.0
-1471.0
-1033.0
-955.0
-1091.0
-1730.0
-1164.0
-387.0
-1042.0
-1215.0
-975.0
-523.0
-138.0
-1664.0
-1334.0
-903.0
-567.0
-1387.0
-2440.0
-1380.0
-448.0
-1056.0
-1504.0
-1281.0
-1295.0
-1666.0
-1016.0
-1418.0
-1248.0
-1868.0
-2334.0
-2352.0
-1106.0
-1060.0
-1042.0
-1335.0
-1438.0
-1325.0
-939.0
-273.0
198.0
-1357.0
-1196.0
-463.0
88.0
-1389.0
-1190.0
59.0
-1022.0
-1207.0
-1237.0
-1525.0
-980.0
-1027.0
-966.0
-1854.0
-1099.0
-238.0
-292.0
-1166.0
-952.0
-535.0
-1187.0
-1309.0
-1742.0
-911.0
-1055.0
-1419.0
-1844.0
-2006.0
-727.0
-1084.0
-1200.0
-1108.0
-1324.0
-1244.0
-983.0
-1465.0
-654.0
-1668.0
-1577.0
-1283.0
-1055.0
-390.0
-1112.0
-1183.0
-1193.0
-478.0
-1211.0
-985.0
119.0
-658.0
-1409.0
95.0
-119.0
-1467.0
-1299.0
-999.0
-1184.0
-311.0
-700.0
-1741.0
-1237.0
-1583.0
-1219.0
-1602.0
-294.0
-402.0
-1420.0
-1616.0
-1493.0
-962.0
-315.0
-1272.0
-1316.0
123.0
-936.0
-1410.0
-1818.0
-1390.0
-606.0
-1128.0
-709.0
-1407.0
-1789.0
-936.0
-660.0
-1751.0
-614.0
-1623.0
-1659.0
-2003.0
-957.0
-999.0
-364.0
-1274.0
-512.0
-771.0
-6417.0
-351.0
179.0
-1459.0
-1376.0
-458.0
-488.0
-1333.0
-514.0
-1029.0
-1264.0
-1546.0
-1460.0
-1675.0
-726.0
-1043.0
-1134.0
-2066.0
-999.0
-1016.0
-281.0
-1226.0
35.0
-1016.0
-123.0
-1928.0
-1309.0
-300.0
116.0
-1410.0
-1417.0
-1575.0
-1049.0
-1132.0
-1169.0
-1227.0
-1161.0
-1292.0
-1047.0
-1393.0
-1783.0
-1425.0
-1897.0
-1214.0
-1092.0
-984.0
-964.0
-1280.0
-1184.0
-1129.0
-969.0
0.0
-348.0
-1206.0
-1162.0
-1002.0
-988.0
-1180.0
-1039.0
-182.0
-1556.0
-452.0
-1986.0
-1390.0
-948.0
-1103.0
-999.0
-1522.0
-1071.0
-907.0
-1015.0
-1160.0
-942.0
-129.0
-930.0
-1243.0
-1296.0
228.0
-899.0
-1102.0
-1537.0
-1348.0
-974.0
-1041.0
-1286.0
-698.0
-865.0
-1172.0
-946.0
-1432.0
-1435.0
-1726.0
-1735.0
-1189.0
-1118.0
-160.0
-970.0
-1255.0
-1197.0
-832.0
-968.0
-257.0
86.0
-1196.0
-1112.0
63.0
-1.0
-390.0
-360.0
-934.0
-817.0
-1199.0
-1101.0
-1498.0
-940.0
-962.0
-1054.0
-1985.0
-1103.0
-154.0
-1020.0
-1274.0
-957.0
-947.0
-27.0
-1156.0
-1318.0
237.0
-913.0
-1388.0
-1294.0
-1310.0
-319.0
-1083.0
-1250.0
-519.0
-1170.0
-1284.0
-1118.0
-1403.0
-1135.0
-2054.0
-576.0
-1199.0
-1184.0
-1012.0
-956.0
-1202.0
-1267.0
-1014.0
-1044.0
-1068.0
-871.0
-1208.0
-1407.0
-794.0
-38.0
-135.0
-1113.0
-926.0
-1379.0
-1505.0
-1092.0
-1526.0
-1029.0
103.0
-1133.0
-1828.0
-733.0
40.0
-1072.0
-1388.0
-942.0
-931.0
-917.0
-1178.0
-1260.0
-799.0
-554.0
-1260.0
-1530.0
-1885.0
-330.0
-1037.0
-1466.0
-1119.0
-446.0
-1766.0
-981.0
-1533.0
-726.0
-1865.0
-1309.0
-1278.0
-1150.0
-331.0
-964.0
-1531.0
-1244.0
-1184.0
-1034.0
-548.0
294.0
-1300.0
-1170.0
34.0
228.0
-1075.0
-1245.0
174.0
-1313.0
