-51630.0
-43182.0
-60040.0
-41227.0
-43271.0
-43752.0
-48959.0
-59028.0
-40410.0
-42832.0
-53922.0
-38228.0
-29833.0
-44790.0
-45573.0
-44351.0
-38177.0
-44064.0
-38209.0
-52146.0
-52726.0
-33474.0
-47733.0
-44579.0
-48941.0
-50451.0
-41645.0
-44817.0
-62155.0
-18584.0
-56533.0
-41846.0
-38131.0
-51909.0
-24601.0
-32823.0
-37954.0
-46574.0
-25929.0
-29568.0
-45172.0
-28026.0
-38472.0
-54482.0
-40598.0
-42989.0
-51016.0
-41153.0
-33554.0
-49348.0
-31005.0
-33547.0
-54064.0
-34228.0
-41224.0
-45376.0
-39422.0
-53812.0
-38373.0
-38130.0
-39593.0
-25949.0
-27437.0
-25410.0
-39843.0
-44144.0
-31554.0
-36945.0
-58163.0
-41348.0
-31756.0
-26514.0
-39296.0
-44229.0
-28108.0
-30779.0
-51249.0
-40546.0
-61216.0
-23803.0
-23177.0
-27304.0
-58040.0
-36021.0
-31794.0
-42030.0
-55062.0
-41422.0
-27981.0
-53140.0
-32383.0
-39927.0
-37051.0
-33397.0
-52516.0
-37389.0
-37694.0
-47915.0
-33035.0
-23812.0
-30756.0
-38164.0
-44251.0
-40228.0
-51871.0
-44606.0
-42769.0
-30732.0
-31439.0
-40714.0
-51091.0
-23421.0
-15715.0
-26982.0
-36498.0
-36266.0
-21866.0
-42594.0
-39466.0
-45786.0
-51379.0
-27629.0
-48748.0
-45978.0
-34218.0
-29055.0
-44504.0
-25069.0
-29491.0
-26880.0
-31402.0
-33535.0
-26433.0
-20348.0
-20746.0
-26908.0
-35943.0
-37751.0
-30842.0
-36711.0
-22798.0
-18207.0
-31279.0
-44134.0
-22755.0
-36952.0
-23907.0
-32549.0
-14263.0
-34970.0
-30122.0
-31188.0
-35637.0
-35062.0
-28479.0
-43668.0
-32727.0
-30900.0
-33442.0
-51082.0
-24829.0
-22115.0
-26159.0
-25776.0
-33492.0
-25136.0
-31980.0
-36605.0
-40676.0
-40179.0
-27768.0
-27150.0
-37960.0
-30429.0
-21539.0
-30103.0
-24788.0
-32319.0
-25934.0
-23635.0
-35969.0
-25687.0
-33177.0
-31257.0
-35012.0
-43223.0
-45468.0
-31698.0
-23093.0
-25490.0
-21239.0
-22054.0
-17925.0
-17825.0
-23408.0
-38800.0
-21781.0
-21928.0
-26483.0
-17550.0
-19588.0
-27192.0
-47483.0
-25547.0
-27869.0
-17627.0
-19379.0
-15816.0
-31200.0
-22539.0
-34974.0
-19529.0
-29001.0
-14199.0
-26135.0
-35509.0
-20555.0
-26924.0
-25073.0
-27199.0
-26083.0
-15523.0
-21111.0
-30946.0
-23220.0
-28657.0
-34042.0
-23808.0
-30157.0
-26542.0
-31048.0
-31465.0
-23096.0
-24943.0
-14957.0
-30225.0
-25622.0
-26651.0
-18442.0
-18639.0
-26434.0
-20752.0
-24790.0
-30798.0
-19262.0
-22787.0
-24727.0
-35203.0
-24584.0
-36442.0
-24462.0
-25063.0
-35724.0
-17983.0
-17978.0
-23803.0
-25205.0
-20249.0
-20681.0
-31267.0
-22553.0
-19961.0
-24429.0
-25209.0
-21300.0
-18297.0
-23489.0
-34335.0
-32391.0
-29236.0
-30105.0
-31281.0
-31541.0
-30154.0
-24081.0
-32396.0
-21971.0
-27909.0
-41643.0
-25074.0
-22669.0
-23816.0
-39068.0
-22022.0
-31899.0
-26487.0
-36341.0
-32472.0
-25803.0
-39326.0
-21661.0
-34779.0
-16254.0
-16217.0
-31952.0
-17788.0
-24398.0
-28926.0
-20103.0
-19420.0
-25284.0
-16786.0
-40413.0
-22571.0
-15878.0
-10381.0
-19906.0
-16086.0
-18100.0
-26613.0
-31861.0
-13705.0
-26713.0
-20015.0
-13320.0
-24155.0
-15475.0
-17358.0
-19449.0
-21914.0
-27551.0
-12436.0
-21344.0
-21005.0
-23503.0
-9992.0
-21784.0
-10662.0
-26790.0
-25343.0
-20487.0
-17271.0
-26566.0
-21903.0
-13892.0
-12239.0
-22567.0
-25163.0
-18104.0
-19411.0
-15929.0
-17605.0
-27439.0
-30933.0
-16190.0
-25091.0
-15066.0
-28623.0
-16210.0
-19713.0
-20906.0
-11068.0
-17921.0
-26622.0
-22539.0
-15405.0
-28600.0
-31026.0
-18616.0
-18196.0
-15894.0
-26783.0
-24506.0
-21369.0
-27253.0
-19451.0
-22945.0
-23967.0
-29501.0
-30463.0
-24693.0
-26568.0
-29380.0
-15147.0
-25223.0
-20227.0
-23311.0
-22365.0
-23796.0
-24924.0
-23959.0
-22468.0
-25175.0
-23928.0
-22631.0
-19844.0
-24712.0
-23759.0
-15520.0
-42346.0
-18879.0
-23184.0
-16824.0
-17483.0
-12077.0
-17244.0
-20498.0
-13469.0
-13206.0
-10050.0
-15407.0
-14366.0
-31066.0
-17205.0
-7222.0
-10843.0
-21155.0
-9577.0
-7591.0
-15330.0
-14973.0
-17338.0
-16803.0
-10297.0
-26587.0
-8711.0
-13879.0
-8308.0
-33711.0
-12879.0
-22612.0
-11693.0
-17622.0
-12204.0
-10023.0
-9604.0
-15087.0
-12665.0
-17278.0
-18869.0
-8866.0
-11810.0
-11225.0
-7152.0
-7818.0
-9067.0
-10507.0
-14234.0
-6099.0
-6890.0
-6545.0
-6566.0
-10546.0
-8535.0
-5765.0
-8250.0
-11297.0
-8120.0
-6337.0
-5854.0
-6558.0
-5945.0
-8336.0
-11148.0
-7963.0
-8970.0
-20402.0
-17585.0
-6514.0
-11154.0
-4812.0
-6762.0
-8651.0
-7233.0
-8101.0
-7358.0
-10893.0
-8071.0
-15972.0
-12452.0
-7695.0
-8218.0
-12302.0
-8816.0
-12190.0
-7993.0
-6244.0
-7817.0
-12227.0
-6334.0
-10253.0
-7405.0
-21461.0
-6266.0
-9574.0
-11939.0
-22352.0
-21078.0
-14429.0
-10931.0
-12548.0
-16307.0
-12390.0
-11134.0
-10043.0
-13733.0
-13435.0
-15774.0
-11097.0
-7571.0
-11592.0
-10045.0
-23196.0
-5924.0
-15723.0
-11392.0
-23676.0
-14541.0
-15321.0
-14765.0
-17364.0
-9370.0
-8289.0
-14659.0
-8240.0
-23997.0
-7205.0
-7697.0
-19345.0
-22100.0
-9154.0
-6878.0
-9844.0
-12611.0
-9815.0
-9492.0
-7676.0
-6758.0
-7457.0
-9571.0
-17610.0
-10930.0
-9726.0
-10737.0
-7551.0
-12207.0
-10879.0
-6581.0
-6913.0
-6254.0
-10366.0
-8749.0
-10690.0
-17414.0
-9079.0
-9097.0
-17048.0
-13289.0
-8224.0
-7569.0
-10746.0
-6733.0
-14863.0
-10414.0
-8029.0
-9044.0
-12654.0
-9434.0
-7980.0
-7711.0
-10078.0
-7240.0
-6361.0
-2248.0
-5822.0
-5501.0
-24613.0
-7703.0
-6904.0
-10998.0
-13719.0
-4947.0
-16891.0
-7141.0
-6662.0
-7474.0
-4526.0
-8915.0
-7254.0
-5093.0
-4268.0
-7427.0
-9980.0
-4688.0
-4483.0
-9463.0
-10319.0
-6819.0
-5262.0
-13517.0
-7511.0
-6140.0
-4866.0
-8145.0
-6699.0
-7996.0
-4452.0
-4122.0
-3953.0
-6146.0
-5424.0
-4738.0
-14857.0
-7646.0
-3772.0
-10133.0
-7541.0
-9675.0
-10023.0
-6369.0
-18310.0
-3801.0
-8393.0
-12129.0
-8241.0
-11217.0
-2869.0
-6144.0
-11746.0
-9569.0
-12393.0
-3881.0
-11218.0
-8143.0
-6560.0
-8628.0
-10000.0
-6305.0
-7539.0
-6361.0
-9318.0
-6053.0
-6802.0
-7083.0
-2879.0
-3755.0
-7154.0
-4550.0
-3418.0
-3957.0
-5829.0
-3746.0
-4734.0
-4460.0
-3109.0
-2922.0
-4954.0
-8004.0
-3208.0
-5139.0
-4727.0
-3116.0
-5952.0
-4611.0
-3575.0
-4423.0
-5612.0
-5879.0
-4546.0
-5925.0
-3579.0
-5299.0
-4323.0
-3815.0
-4729.0
-3712.0
-3586.0
-4949.0
-3148.0
-4979.0
-3846.0
-3482.0
-6353.0
-7739.0
-4428.0
-3922.0
-3783.0
-5335.0
-4519.0
-8581.0
-2786.0
-2471.0
-6462.0
-5501.0
-3799.0
-8829.0
-6530.0
-5070.0
-3236.0
-8276.0
-4065.0
-10007.0
-2394.0
-3037.0
-3648.0
-10146.0
-3795.0
-3549.0
-6542.0
-3482.0
-7429.0
-14331.0
-22953.0
-4437.0
-4027.0
-3254.0
-6603.0
-9718.0
-8349.0
-4750.0
-4207.0
-3224.0
-9525.0
-7080.0
-10907.0
-22174.0
-3404.0
-1729.0
-9039.0
-16522.0
-7922.0
-3156.0
-12807.0
-17008.0
-4494.0
-4609.0
-7180.0
-4370.0
-5645.0
-8507.0
-4733.0
-6906.0
-10161.0
-4344.0
-4535.0
-3328.0
-7464.0
-7888.0
-3902.0
-5278.0
-4555.0
-4482.0
-5785.0
-5337.0
-4710.0
-3845.0
-4840.0
-3849.0
-4150.0
-2673.0
-10403.0
-2756.0
-5856.0
-5221.0
-8577.0
-4194.0
-5553.0
-5036.0
-3859.0
-3822.0
-1852.0
-4548.0
-3977.0
-4384.0
-7984.0
-3025.0
-17017.0
-16615.0
-18982.0
-9989.0
-16758.0
-14662.0
-15258.0
-6605.0
-9514.0
-12875.0
-11310.0
-8125.0
-9182.0
-10816.0
-4753.0
-11869.0
-14580.0
-10883.0
-14804.0
-3835.0
-8013.0
-17708.0
-15390.0
-26812.0
-18778.0
-19097.0
-3009.0
-12954.0
-6943.0
-5530.0
-16263.0
-12536.0
-9794.0
-1414.0
-11429.0
-9409.0
-21290.0
-10738.0
-3000.0
-4546.0
-6012.0
-10566.0
-13048.0
-22590.0
-14080.0
-8347.0
-6068.0
-14178.0
-19762.0
-24482.0
-21331.0
-29855.0
-22071.0
-15088.0
-22999.0
-9428.0
-28673.0
-11173.0
-12119.0
-20169.0
-15191.0
-11521.0
-12165.0
-21324.0
-19945.0
-17262.0
-18180.0
-11447.0
-10313.0
-3066.0
-13208.0
-11114.0
-12263.0
-12987.0
-11355.0
-477.0
-8126.0
-15533.0
-5921.0
-1358.0
-13937.0
-17090.0
-4687.0
-15372.0
-3770.0
-5366.0
-13362.0
-15075.0
-15703.0
-13017.0
-4334.0
-17390.0
-12482.0
-18973.0
-12661.0
-10905.0
-23799.0
-23601.0
-10001.0
-797.0
-19022.0
-18112.0
-26861.0
-15650.0
-14619.0
-12043.0
-18166.0
-20782.0
-13831.0
-17906.0
-9912.0
-14618.0
-18798.0
-12585.0
-11771.0
-4052.0
-13859.0
-10402.0
-17386.0
-24656.0
-24021.0
-21779.0
-14490.0
-8171.0
-15381.0
-16604.0
-10879.0
-8938.0
-17100.0
-4764.0
-16655.0
-7228.0
-5450.0
-15274.0
-12187.0
-10815.0
-15790.0
-6458.0
-4721.0
-5668.0
-17438.0
-6541.0
-5915.0
-8948.0
-9634.0
-1997.0
-10880.0
-8851.0
-11348.0
-16808.0
-9182.0
-11247.0
-12157.0
-18250.0
-10774.0
-15093.0
-10173.0
-10390.0
-11920.0
-12223.0
-8795.0
-11968.0
-13089.0
-10730.0
-8431.0
-7863.0
-7931.0
-8643.0
-4081.0
-7039.0
-12164.0
-6766.0
-16694.0
-6488.0
-6690.0
-6015.0
-9825.0
-18422.0
-4074.0
-3268.0
-16270.0
-8963.0
-19680.0
-4175.0
-3028.0
-14066.0
-18632.0
-13375.0
-5929.0
-26527.0
-4828.0
-13357.0
-12336.0
-22585.0
-19276.0
-12332.0
-21193.0
-19679.0
-7187.0
-20469.0
-22861.0
-24769.0
-14378.0
-3657.0
-27479.0
-13514.0
-25152.0
-23954.0
-4062.0
-16219.0
-3441.0
-18061.0
-22910.0
-17648.0
-10446.0
-4899.0
-25598.0
-2168.0
-11120.0
-16611.0
-12088.0
-17061.0
-11151.0
-13549.0
-17154.0
-22203.0
-10241.0
-12979.0
-10946.0
-15127.0
-1440.0
-10397.0
-3945.0
-2409.0
-13584.0
-9719.0
-13619.0
-10336.0
-7694.0
-9738.0
-15191.0
-4192.0
-3298.0
-9573.0
-12183.0
-13999.0
-7158.0
-8101.0
-14226.0
-9047.0
-10019.0
-8288.0
-13091.0
-14939.0
-8076.0
-9427.0
-3970.0
-4230.0
-3628.0
-4225.0
-13696.0
-2789.0
-4938.0
-6233.0
-6714.0
-3477.0
-3236.0
-6688.0
-2552.0
-3140.0
-4411.0
-4043.0
-1116.0
-2784.0
-2711.0
-3505.0
-5036.0
-1648.0
-5893.0
-596.0
-3320.0
-3780.0
-577.0
-3859.0
-4538.0
-2633.0
-6132.0
-3200.0
-3590.0
-7317.0
-11177.0
-4664.0
-2914.0
-4191.0
-969.0
-2727.0
-9380.0
-4485.0
-6995.0
-6218.0
-3198.0
-14326.0
-3084.0
-4144.0
-3149.0
-2719.0
-9439.0
-4607.0
-11036.0
-11870.0
-3327.0
-8490.0
-2903.0
-16742.0
-1321.0
-9109.0
-20841.0
-10479.0
-10265.0
-9091.0
-13659.0
-5475.0
-1100.0
-18270.0
-10230.0
-10253.0
-9774.0
-12182.0
-14492.0
-10508.0
-10094.0
-8130.0
-17033.0
-584.0
-14953.0
-8006.0
-4426.0
-7651.0
-1495.0
-5449.0
-3645.0
-10323.0
-14528.0
-9550.0
-18763.0
-15734.0
-6769.0
-7381.0
-13921.0
-18317.0
-1467.0
-2567.0
-25152.0
-15626.0
-8673.0
-9472.0
-23247.0
-25547.0
-3350.0
-6329.0
-21120.0
-16235.0
-20824.0
-3348.0
-10417.0
-11909.0
-12997.0
-12039.0
-894.0
-3098.0
-15302.0
-18667.0
-4511.0
-9891.0
-2592.0
-22475.0
-12700.0
-25617.0
-18887.0
-661.0
-15333.0
-20333.0
-16779.0
-14223.0
-2428.0
-19913.0
-12975.0
-18021.0
-4584.0
-9202.0
-14137.0
-12713.0
-5201.0
-4295.0
-6532.0
-12062.0
-10251.0
-424.0
-13976.0
-3466.0
-23045.0
-16385.0
-13042.0
-17651.0
-15811.0
-8821.0
-24936.0
-13248.0
-13854.0
-10718.0
-8830.0
-15869.0
-25480.0
-15155.0
-11902.0
-2668.0
-6526.0
-11490.0
-6839.0
-12356.0
-8053.0
-11441.0
-2363.0
-6633.0
-5246.0
-3622.0
-2949.0
-3041.0
-14831.0
-3993.0
-1613.0
-1169.0
-15111.0
-872.0
-4509.0
-3174.0
-6407.0
-2958.0
-457.0
-4773.0
-5240.0
-3632.0
-776.0
-9350.0
-4078.0
-3742.0
-2977.0
-3463.0
-3365.0
-6588.0
-9890.0
-2611.0
-3824.0
-6718.0
-4471.0
-2721.0
-13615.0
-11011.0
-3332.0
-4819.0
-3922.0
-2852.0
-14139.0
-3447.0
-12008.0
-15758.0
-3760.0
-28724.0
-514.0
-11505.0
-12766.0
-12634.0
-8881.0
-12627.0
-20792.0
-26938.0
-12971.0
-15458.0
-921.0
-12718.0
-17605.0
-12449.0
-17343.0
-14527.0
-18461.0
-13972.0
-15710.0
-9407.0
-695.0
-14199.0
-14290.0
-3925.0
-8272.0
-12410.0
-970.0
-11256.0
-4870.0
-589.0
-1549.0
-2836.0
-5330.0
-13245.0
-6157.0
-22275.0
-2812.0
-891.0
-8036.0
-16453.0
-7867.0
-9271.0
-6848.0
-8147.0
-5437.0
-4401.0
-2172.0
-1377.0
-6536.0
-756.0
-4435.0
-7298.0
-6034.0
-6047.0
-2768.0
-10247.0
-3109.0
-5948.0
-9552.0
-2544.0
-6956.0
-4277.0
-3028.0
-9334.0
-12297.0
-2874.0
-3888.0
-1826.0
-5641.0
-590.0
-1727.0
-2833.0
-3829.0
-16400.0
-12082.0
-18191.0
-13936.0
-723.0
-3833.0
-619.0
-2916.0
-14213.0
-297.0
-830.0
-3090.0
-5841.0
-22526.0
-4949.0
-16342.0
-17815.0
-11695.0
-2492.0
-12480.0
-4114.0
-3963.0
-23031.0
-14003.0
-6027.0
-3775.0
-12825.0
-3258.0
-2760.0
-5256.0
-20171.0
-2646.0
-11933.0
-13152.0
-2871.0
-3226.0
-12594.0
-11951.0
-914.0
-4170.0
-3613.0
-3896.0
-3202.0
-2772.0
-705.0
-4662.0
-2974.0
-2553.0
-16798.0
-3706.0
-7080.0
-5877.0
-3982.0
-2493.0
-4429.0
-13325.0
-2464.0
-4596.0
-2505.0
-3308.0
-3746.0
-4770.0
-17314.0
-4362.0
-11469.0
-14888.0
-1639.0
-3004.0
-13204.0
-2769.0
-7057.0
-3250.0
-3640.0
-2634.0
-3633.0
-4367.0
-2388.0
-3063.0
-3119.0
-6939.0
-9069.0
-2508.0
-7516.0
-2953.0
-3899.0
-2665.0
-2975.0
-4474.0
-3437.0
-2577.0
-2596.0
-2522.0
-1534.0
-3690.0
-2785.0
-5378.0
-2512.0
-1251.0
-2708.0
-3553.0
-9459.0
-2543.0
-2583.0
-2916.0
-2390.0
-8618.0
-679.0
-3245.0
-7241.0
-2394.0
-651.0
-3318.0
-3437.0
-3538.0
-2634.0
-2564.0
-3716.0
-3339.0
-4237.0
-3680.0
-2728.0
-5226.0
-2990.0
-4218.0
-5458.0
-12892.0
-7285.0
-10958.0
-2451.0
-5528.0
-13549.0
-14053.0
-2495.0
-10715.0
-1712.0
-3069.0
-14873.0
-2400.0
-2437.0
-14596.0
-6366.0
-2530.0
-3605.0
-2462.0
-3901.0
-3450.0
-5194.0
-3019.0
-3022.0
-3511.0
-7730.0
-2577.0
-3466.0
-2559.0
-2563.0
-2713.0
-2349.0
-2597.0
-2437.0
-3225.0
-8582.0
-3101.0
-13914.0
-2841.0
-1649.0
-5698.0
-2964.0
-2400.0
-2956.0
-2295.0
-4275.0
-3963.0
-2871.0
-2541.0
-2636.0
-6511.0
-3105.0
-3422.0
-4135.0
-6069.0
-3241.0
-14270.0
-5206.0
-3078.0
-3099.0
-2400.0
-2801.0
-2500.0
-4095.0
-2378.0
-2405.0
-2504.0
-2943.0
-3601.0
-13018.0
-4094.0
-12679.0
-1357.0
-3923.0
-4080.0
-2588.0
-2328.0
-574.0
-2764.0
-2780.0
-651.0
-2258.0
-3698.0
-3908.0
-2275.0
-2297.0
-14108.0
-4191.0
-3596.0
-2489.0
-2477.0
-3687.0
-3264.0
-3054.0
-3764.0
-11364.0
-5450.0
-4045.0
-3913.0
-5424.0
-3530.0
-2917.0
-1332.0
-2386.0
-3481.0
-2855.0
-2512.0
-3237.0
-2627.0
-5374.0
-2852.0
-3892.0
-290.0
-10920.0
-3224.0
-3449.0
-548.0
-3002.0
-2379.0
-5256.0
-3028.0
-21546.0
-11523.0
-3321.0
-14008.0
-3238.0
-2813.0
-3537.0
-615.0
-3618.0
-3506.0
-2256.0
-2677.0
-9989.0
-12382.0
-3019.0
-3469.0
-12267.0
-3551.0
-1013.0
-6175.0
-988.0
-2410.0
-662.0
-3537.0
-14703.0
-2840.0
-10227.0
-13404.0
-1344.0
-20382.0
-264.0
-4714.0
-3502.0
-12434.0
-3532.0
-2386.0
-14611.0
-4144.0
-13620.0
-2310.0
-2609.0
-2817.0
-3752.0
-932.0
-2584.0
-2715.0
-441.0
-6697.0
-4102.0
-9174.0
-18971.0
-9304.0
-2413.0
-4622.0
-4041.0
-2330.0
-2618.0
-3519.0
-164.0
-3476.0
-2235.0
-3655.0
-4378.0
-9750.0
-2276.0
-3748.0
-3610.0
-3439.0
-1252.0
-8851.0
-3503.0
-2861.0
-3657.0
-3796.0
-2620.0
-4727.0
-3301.0
-5239.0
-4180.0
-3254.0
-2599.0
-3253.0
-899.0
-6733.0
-3162.0
-2729.0
-2503.0
-3163.0
-2385.0
-9348.0
-15929.0
-4534.0
-2406.0
-6082.0
-3505.0
-2303.0
-2890.0
-2326.0
-2484.0
-4259.0
-9835.0
-2801.0
-3070.0
-2965.0
-4707.0
-1054.0
-3553.0
-2314.0
-2406.0
-2460.0
-2206.0
-2561.0
-2341.0
-3303.0
-3490.0
-2988.0
-12181.0
-2582.0
-2243.0
-5598.0
-2975.0
-2512.0
-2477.0
-2279.0
-3972.0
-3175.0
-3090.0
-2242.0
-2434.0
-4707.0
-2362.0
-4233.0
-3089.0
-6401.0
-4269.0
-11417.0
-4519.0
-9403.0
-5499.0
-2268.0
-2281.0
-2503.0
-5421.0
-534.0
-2387.0
-2365.0
-2250.0
-3225.0
-2799.0
-4090.0
-2340.0
-257.0
-2683.0
-3778.0
-2526.0
-2387.0
-2476.0
-3464.0
-2704.0
-3791.0
-2249.0
-3363.0
-4365.0
-2249.0
-10295.0
-5582.0
-12957.0
-3276.0
-856.0
-2324.0
-3456.0
-3042.0
-12917.0
-12008.0
-2462.0
-5215.0
-2683.0
-4446.0
-4370.0
-4350.0
-2504.0
-525.0
-11330.0
-3241.0
-2576.0
-2848.0
-12203.0
-795.0
-13343.0
-3240.0
-12903.0
-2270.0
-2268.0
-4237.0
-23476.0
-761.0
-20640.0
-1234.0
-10521.0
-2933.0
-2521.0
-19736.0
-3941.0
-3608.0
-14263.0
-582.0
-3144.0
-2145.0
-2400.0
-2410.0
-594.0
-9081.0
-473.0
-2741.0
-9343.0
-3285.0
-4241.0
-2666.0
-9743.0
-5525.0
-13234.0
-2966.0
-2544.0
-439.0
-4935.0
-10971.0
-2736.0
-579.0
-2348.0
-4728.0
-524.0
-5830.0
-3049.0
-6349.0
-4602.0
-2408.0
-13349.0
-13305.0
-12532.0
-2351.0
-4326.0
-2491.0
-12963.0
-700.0
-2769.0
-2506.0
-2357.0
-3493.0
-2750.0
-4576.0
-2732.0
-4589.0
-2330.0
-4054.0
-2423.0
-2693.0
-2759.0
-3859.0
-382.0
-447.0
-2283.0
-3480.0
-3741.0
-2249.0
-2356.0
-3260.0
-3433.0
-3854.0
-2521.0
-2442.0
-3807.0
-3559.0
-3897.0
-4813.0
-2480.0
-3808.0
-11720.0
-22141.0
-5080.0
-3270.0
-2346.0
-492.0
-12479.0
-2937.0
-10467.0
-14084.0
-2359.0
-15411.0
-394.0
-2650.0
-3054.0
-570.0
-10529.0
-2979.0
-3355.0
-2445.0
-3445.0
-13502.0
-2460.0
-12704.0
-15133.0
-5678.0
-4226.0
-2916.0
-3611.0
-2440.0
-4362.0
-2360.0
-2624.0
-2466.0
-463.0
-13302.0
-1592.0
-10819.0
-3617.0
-4741.0
-11605.0
-11780.0
-22972.0
-12045.0
-23378.0
-7243.0
-2845.0
-3060.0
-7935.0
-2904.0
-12568.0
-2790.0
-2355.0
-10340.0
-8542.0
-3161.0
-5278.0
-6660.0
-5042.0
-2473.0
-16073.0
-4696.0
-3764.0
-2425.0
-2713.0
-2615.0
-3017.0
-476.0
-4103.0
-2487.0
-190.0
-3236.0
-2937.0
-3800.0
-13186.0
-2382.0
-2651.0
-3762.0
-3098.0
-2411.0
-938.0
-2870.0
-832.0
-822.0
-2378.0
-3344.0
-3485.0
-22981.0
-2244.0
-2679.0
-3057.0
-3321.0
-2376.0
-12963.0
-3243.0
-2959.0
-3192.0
-3465.0
-2572.0
-4347.0
-2802.0
-7288.0
-10898.0
-6886.0
-2579.0
-5968.0
-2290.0
-3511.0
-2740.0
-3012.0
-2526.0
-2362.0
-2240.0
-13312.0
-15713.0
-11711.0
-2506.0
-27391.0
-2522.0
-2302.0
-14508.0
-12377.0
-2408.0
-3149.0
-2642.0
-12753.0
-3939.0
-15072.0
-3231.0
-2494.0
-4217.0
-10730.0
-2350.0
-2536.0
-589.0
-2473.0
-2449.0
-4188.0
-5873.0
-3346.0
-13302.0
-3496.0
-12603.0
-4782.0
-12409.0
-2337.0
-878.0
-547.0
-18428.0
-3187.0
-2418.0
-590.0
-805.0
-16111.0
-695.0
-4230.0
-11156.0
-16032.0
-12974.0
-25876.0
-6096.0
-3979.0
-22374.0
-593.0
-12227.0
-12351.0
-15118.0
-1342.0
-867.0
-512.0
-1036.0
-5550.0
-12669.0
-4626.0
-19804.0
-2690.0
-2436.0
-5568.0
-12375.0
-2527.0
-2719.0
-3982.0
-3072.0
-2519.0
-2459.0
-3806.0
-10362.0
-2402.0
-907.0
-4312.0
-3663.0
-2980.0
-819.0
-2745.0
-4978.0
-3409.0
-18290.0
-11604.0
-2941.0
-8948.0
-3083.0
-3850.0
-6280.0
-2746.0
-2491.0
-443.0
-2282.0
-3720.0
-2624.0
-583.0
-2388.0
-655.0
-403.0
-3556.0
-13561.0
-925.0
-2341.0
-3804.0
-12925.0
-380.0
-12370.0
-459.0
-7120.0
-3347.0
-2373.0
-2711.0
-3621.0
-12155.0
-3585.0
-405.0
-5163.0
-2495.0
-2556.0
-2351.0
-2314.0
-3011.0
-2245.0
-2741.0
-4480.0
-3532.0
-3681.0
-2597.0
-2826.0
-6075.0
-12192.0
-3260.0
-2459.0
-2574.0
-10839.0
-3127.0
-2689.0
-2332.0
-3894.0
-3491.0
-365.0
-3812.0
-15528.0
-8145.0
-3190.0
-2333.0
-4596.0
-3025.0
-3932.0
-2212.0
-2403.0
-2425.0
-3129.0
-2214.0
-2257.0
-2330.0
-2229.0
-3330.0
-2470.0
-10550.0
-6161.0
-2292.0
-2620.0
-3490.0
-2498.0
-2417.0
-2833.0
-2826.0
-2280.0
-2339.0
-11752.0
-3134.0
-13476.0
-2223.0
-2189.0
-3043.0
-4070.0
-3622.0
-10659.0
-2975.0
-3444.0
-3018.0
-3609.0
-4021.0
-2399.0
-3529.0
-2760.0
-2039.0
-3872.0
-2947.0
-2671.0
-472.0
-12624.0
-14246.0
-2627.0
-2430.0
-2480.0
-709.0
-2260.0
-3058.0
-13200.0
-2308.0
-822.0
-1337.0
-3193.0
-13204.0
-3160.0
-371.0
-686.0
-3507.0
-2723.0
-792.0
-2966.0
-14396.0
-13593.0
-2649.0
-3462.0
-2784.0
-2284.0
-3151.0
-290.0
-2866.0
-212.0
-15851.0
-3968.0
-12737.0
-5667.0
-14586.0
-2612.0
-7099.0
-3640.0
-2348.0
-12156.0
-2395.0
-9162.0
-11050.0
-3393.0
-5269.0
-2257.0
-4482.0
-2294.0
-3203.0
-4180.0
-5263.0
-3831.0
-2664.0
-6226.0
-4478.0
-3750.0
-2271.0
-2594.0
-2319.0
-3030.0
-2345.0
-2605.0
-2476.0
-2705.0
-4538.0
-2774.0
-4266.0
-4041.0
-2244.0
-2530.0
-3910.0
-2638.0
-2201.0
-9287.0
-3039.0
-2296.0
-350.0
-467.0
-3260.0
-4403.0
-2202.0
-2454.0
-2983.0
-4009.0
-3176.0
-2381.0
-2436.0
-7005.0
-11741.0
-1597.0
-5102.0
-2468.0
-3731.0
-2624.0
-4147.0
-14970.0
-2546.0
-13088.0
-2247.0
-10280.0
-3556.0
-3291.0
-2545.0
-2371.0
-2338.0
-78.0
-3088.0
-14047.0
-371.0
-2404.0
-3225.0
-13261.0
-12235.0
-3210.0
-2327.0
-2329.0
-3691.0
-2673.0
-9665.0
-9222.0
-3098.0
-3114.0
-2950.0
-2971.0
-2266.0
-2340.0
-2550.0
-2211.0
-2580.0
-390.0
-2575.0
-3050.0
-2818.0
-3056.0
-2639.0
-2322.0
-6442.0
-2672.0
-2526.0
-2602.0
-2228.0
-3235.0
-2722.0
-2518.0
-2238.0
-2273.0
-3697.0
-2280.0
-3566.0
-3221.0
-6682.0
-3783.0
-2343.0
-4659.0
-2844.0
-12873.0
-345.0
-2500.0
-2738.0
-3872.0
-2229.0
-1292.0
-672.0
-2202.0
-4198.0
-2556.0
-12451.0
-3753.0
-391.0
-2538.0
-3840.0
-567.0
-462.0
-2483.0
-2749.0
-2258.0
-2231.0
-13086.0
-13035.0
-5736.0
-5481.0
-2197.0
-8733.0
-13594.0
-3585.0
-2312.0
-2515.0
-1437.0
-3832.0
-16526.0
-2628.0
-2460.0
-5093.0
-4947.0
-2351.0
-14557.0
-5009.0
-2431.0
-524.0
-408.0
-3188.0
-2780.0
-520.0
-2429.0
-655.0
-2201.0
-3227.0
-2915.0
-442.0
-24825.0
-3309.0
-2889.0
-338.0
-3435.0
-386.0
-2355.0
-5595.0
-359.0
-2791.0
-3000.0
-3295.0
-3568.0
-521.0
-2810.0
-646.0
-2348.0
-14562.0
-2196.0
-2658.0
-2332.0
-5257.0
-2909.0
-3592.0
-7363.0
-793.0
-2381.0
-5277.0
-2685.0
-2384.0
-2472.0
-2651.0
-4783.0
-2907.0
-2446.0
-2345.0
-2188.0
-3465.0
-2344.0
-3833.0
-3406.0
-6025.0
-5220.0
-2280.0
-6250.0
-3296.0
-3023.0
-2209.0
-2296.0
-2610.0
-3981.0
-337.0
-2291.0
-2305.0
-2309.0
-3173.0
-2643.0
-3359.0
-2488.0
-342.0
-2449.0
-10517.0
-2368.0
-2182.0
-4652.0
-3217.0
-2276.0
-2303.0
-2203.0
-3281.0
-5231.0
-900.0
-353.0
-2727.0
-3225.0
-3118.0
-2390.0
-2637.0
-3803.0
-2838.0
-3152.0
-6639.0
-2451.0
-4422.0
-2806.0
-2075.0
-4917.0
-11362.0
-13126.0
-2239.0
-2230.0
-3993.0
-3315.0
-2487.0
-2309.0
-492.0
-2250.0
-2605.0
-2737.0
-4638.0
-2273.0
-2837.0
-2687.0
-2382.0
-9357.0
-2287.0
-2233.0
-3037.0
-2563.0
-2495.0
-2933.0
-3686.0
-2840.0
-2721.0
-2918.0
-2182.0
-2286.0
-13276.0
-2199.0
-2505.0
-2133.0
-2716.0
-3610.0
-3206.0
-3173.0
-2511.0
-2261.0
-5997.0
-3401.0
-2421.0
-733.0
-2155.0
-4125.0
-3563.0
-2352.0
-2181.0
-2177.0
-3991.0
-2167.0
-4469.0
-3304.0
-6679.0
-3394.0
-2307.0
-4449.0
-2893.0
-2937.0
-2203.0
-2366.0
-2543.0
-3350.0
-2213.0
-2212.0
-2282.0
-2153.0
-3544.0
-3083.0
-3738.0
-520.0
-2280.0
-2422.0
-3731.0
-2883.0
-2172.0
-2743.0
-14135.0
-2178.0
-718.0
-14899.0
-11042.0
-3616.0
-2169.0
-2210.0
-2605.0
-12037.0
-14987.0
-13485.0
-13570.0
-1967.0
-2832.0
-3786.0
-1505.0
-12540.0
-4274.0
-14860.0
-10444.0
-6052.0
-2871.0
-2355.0
-375.0
-522.0
-6089.0
-2946.0
-2307.0
-12572.0
-2309.0
-404.0
-2577.0
-2610.0
-2143.0
-543.0
-2972.0
-3114.0
-2233.0
-2459.0
-2167.0
-455.0
-2979.0
-2373.0
-2262.0
-2781.0
-2966.0
-2824.0
-2372.0
-2847.0
-410.0
-2402.0
-2312.0
-508.0
-2634.0
-301.0
-3035.0
-15057.0
-11381.0
-3252.0
-2569.0
-2175.0
-4553.0
-512.0
-2299.0
-2471.0
-2146.0
-3797.0
-2759.0
-2326.0
-269.0
-2248.0
-3343.0
-2114.0
-3979.0
-17053.0
-5546.0
-2977.0
-165.0
-4936.0
-2709.0
-3481.0
-2200.0
-2546.0
-365.0
-3140.0
-2137.0
-2269.0
-2295.0
-2130.0
-3408.0
-2489.0
-3971.0
-2915.0
-2271.0
-487.0
-3499.0
-2573.0
-2319.0
-2299.0
-2652.0
-2277.0
-2218.0
-2287.0
-3142.0
-4646.0
-306.0
-2178.0
-3239.0
-3124.0
-3438.0
-2323.0
-2507.0
-5691.0
-2982.0
-3015.0
-3523.0
-2409.0
-3924.0
-2662.0
-4502.0
-3595.0
-2768.0
-2440.0
-2186.0
-2479.0
-3172.0
-2840.0
-2457.0
-2374.0
-2339.0
-2179.0
-2885.0
-2889.0
-2252.0
-2254.0
-2755.0
-2736.0
-427.0
-2766.0
-2184.0
-2281.0
-3226.0
-2426.0
-2585.0
-2652.0
-2941.0
-3109.0
-434.0
-3119.0
-2630.0
-2382.0
-2482.0
-2198.0
-3256.0
-2286.0
-2582.0
-2899.0
-3131.0
-3481.0
-2412.0
-2306.0
-5542.0
-3110.0
-2484.0
-2353.0
-2166.0
-4418.0
-2598.0
-2476.0
-11044.0
-2263.0
-8915.0
-2183.0
-3484.0
-2822.0
-6240.0
-3969.0
-564.0
-4156.0
-3021.0
-3438.0
-722.0
-2226.0
-2647.0
-2774.0
-2171.0
-2333.0
-2293.0
-2222.0
-3662.0
-2675.0
-3377.0
-2293.0
-2291.0
-11566.0
-4325.0
-568.0
-2236.0
-2287.0
-3596.0
-2194.0
-2228.0
-472.0
-3503.0
-4344.0
-2230.0
-2202.0
-2702.0
-3329.0
-3544.0
-2341.0
-2439.0
-3505.0
-3024.0
-2945.0
-3909.0
-2276.0
-3841.0
-2692.0
-4536.0
-4320.0
-2611.0
-2833.0
-2241.0
-2381.0
-2666.0
-2753.0
-2574.0
-13075.0
-2325.0
-628.0
-2920.0
-2665.0
-136.0
-2131.0
-2825.0
-2801.0
-2399.0
-3080.0
-642.0
-2556.0
-1264.0
-2744.0
-2514.0
-2937.0
-2889.0
-3007.0
-2508.0
-2897.0
-2733.0
-3486.0
-2696.0
-2605.0
-5066.0
-317.0
-3051.0
-2897.0
-3312.0
-3554.0
-2987.0
-3044.0
-5109.0
-1068.0
-13956.0
-2697.0
-13178.0
-6304.0
-697.0
-3372.0
-269.0
-2187.0
-15421.0
-14012.0
-4273.0
-3047.0
-5877.0
-3695.0
-618.0
-4136.0
-10697.0
-3037.0
-2330.0
-2442.0
-2323.0
-3591.0
-668.0
-2371.0
-2343.0
-275.0
-9791.0
-2714.0
-14014.0
-7880.0
-2217.0
-21357.0
-3886.0
-3142.0
-414.0
-2379.0
-3133.0
-2280.0
-414.0
-10474.0
-17770.0
-4424.0
-12552.0
-11180.0
-2708.0
-3075.0
-10667.0
-428.0
-13919.0
-4310.0
-2753.0
-1470.0
-3955.0
-2458.0
-3750.0
-11407.0
-3772.0
-3646.0
-2682.0
-9895.0
-6105.0
-2273.0
-2782.0
-2869.0
-2311.0
-492.0
-519.0
-2214.0
-2755.0
-3158.0
-2173.0
-4571.0
-3037.0
-885.0
-482.0
-2892.0
-345.0
-2229.0
-3076.0
-2374.0
-2378.0
-2566.0
-2706.0
-2833.0
-2465.0
-3033.0
-2141.0
-2359.0
-2481.0
-2321.0
-2705.0
-2160.0
-2694.0
-3039.0
-3344.0
-3098.0
-2682.0
-2209.0
-4941.0
-2674.0
-2404.0
-2352.0
-2203.0
-3962.0
-3348.0
-2391.0
-2153.0
-2281.0
-3294.0
-2239.0
-4164.0
-2949.0
-5734.0
-4202.0
-2770.0
-3749.0
-2744.0
-3123.0
-2218.0
-2267.0
-2440.0
-3180.0
-7.0
-2262.0
-525.0
-2207.0
-3785.0
-2538.0
-14216.0
-2185.0
-2504.0
-2590.0
-3671.0
-11703.0
-12409.0
-2574.0
-3061.0
-1175.0
-2340.0
-637.0
-13137.0
-13082.0
-1199.0
-2148.0
-4088.0
-13725.0
-3132.0
-482.0
-2673.0
-3163.0
-3228.0
-2956.0
-6331.0
-2289.0
-3827.0
-2934.0
-3436.0
-4704.0
-3118.0
-2575.0
-2160.0
-2255.0
-3817.0
-2681.0
-22567.0
-4418.0
-2221.0
-2159.0
-2568.0
-2583.0
-2151.0
-2345.0
-2641.0
-3352.0
-2171.0
-2631.0
-2247.0
-3322.0
-3411.0
-2264.0
-2528.0
-3263.0
-3142.0
-3237.0
-351.0
-3035.0
-2144.0
-2350.0
-4156.0
-6364.0
-9755.0
-2143.0
-2726.0
-3138.0
-2670.0
-3782.0
-2536.0
-4857.0
-5315.0
-2668.0
-2688.0
-2365.0
-2271.0
-4487.0
-12559.0
-2461.0
-2266.0
-2200.0
-3728.0
-2294.0
-3557.0
-2938.0
-5728.0
-3599.0
-2321.0
-4200.0
-2915.0
-3132.0
-2219.0
-2488.0
-2467.0
-3492.0
-2149.0
-2232.0
-2357.0
-129.0
-3435.0
-2522.0
-3145.0
-2281.0
-2177.0
-394.0
-3695.0
-549.0
-2201.0
-2624.0
-2885.0
-2239.0
-2181.0
-2169.0
-2759.0
-3169.0
-2233.0
-2170.0
-3048.0
-3086.0
-3301.0
-2197.0
-2309.0
-3604.0
-2527.0
-4389.0
-3404.0
-2486.0
-3969.0
-2476.0
-4159.0
-3548.0
-2810.0
-2397.0
-2210.0
-2312.0
-3063.0
-2692.0
-2541.0
-2246.0
-431.0
-53.0
-2878.0
-2772.0
-2189.0
-2211.0
-3183.0
-742.0
-2211.0
-3032.0
-2160.0
-2251.0
-2714.0
-2482.0
-2451.0
-2838.0
-12100.0
-3064.0
-447.0
-2899.0
-393.0
-462.0
-2383.0
-2142.0
-2577.0
-2148.0
-2810.0
-2971.0
-3171.0
-3278.0
-2574.0
-2166.0
-4962.0
-2507.0
-2419.0
-2375.0
-2118.0
-1347.0
-2723.0
-2506.0
-2141.0
-2230.0
-3658.0
-2171.0
-3189.0
-3076.0
-5407.0
-3354.0
-2251.0
-4097.0
-14238.0
-3127.0
-461.0
-2467.0
-2401.0
-3142.0
-351.0
-2472.0
-2320.0
-2167.0
-4147.0
-2647.0
-3213.0
-2486.0
-2141.0
-2353.0
-4224.0
-2750.0
-2291.0
-2385.0
-2710.0
-2270.0
-2261.0
-330.0
-2877.0
-2948.0
-2213.0
-2186.0
-2825.0
-3182.0
-3339.0
-2272.0
-2424.0
-3154.0
-2910.0
-3376.0
-3296.0
-2415.0
-4365.0
-2695.0
-4423.0
-3584.0
-2890.0
-2409.0
-290.0
-2102.0
-3491.0
-2958.0
-2310.0
-2299.0
-2435.0
-2152.0
-2566.0
-2860.0
-743.0
-2185.0
-2653.0
-2697.0
-339.0
-2984.0
-2139.0
-2238.0
-3233.0
-389.0
-2459.0
-2741.0
-2753.0
-3818.0
-2321.0
-3007.0
-2185.0
-2312.0
-2450.0
-290.0
-2403.0
-2169.0
-14187.0
-3052.0
-14183.0
-2971.0
-2549.0
-2236.0
-6223.0
-2474.0
-2969.0
-2396.0
-2185.0
-4359.0
-2441.0
-2505.0
-2245.0
-2196.0
-3827.0
-276.0
-4747.0
-3145.0
-6882.0
-3690.0
-2302.0
-4382.0
-13352.0
-2918.0
-515.0
-2253.0
-2283.0
-3246.0
-2256.0
-426.0
-2231.0
-2130.0
-976.0
-2735.0
-3401.0
-5067.0
-2360.0
-2452.0
-14071.0
-2509.0
-350.0
-2318.0
-2954.0
-11443.0
-10116.0
-2367.0
-2728.0
-11270.0
-357.0
-2228.0
-2977.0
-11981.0
-3063.0
-354.0
-2511.0
-17345.0
-3463.0
-13664.0
-12697.0
-2299.0
-14435.0
-2683.0
-2001.0
-15136.0
-2870.0
-2568.0
-9986.0
-2333.0
-14191.0
-14236.0
-2388.0
-2525.0
-433.0
-2160.0
-2806.0
-2927.0
-2204.0
-2210.0
-2936.0
-15976.0
-2265.0
-2750.0
-2172.0
-2393.0
-14909.0
-13318.0
-2400.0
-2621.0
-2689.0
-3292.0
-2438.0
-3411.0
-2181.0
-2261.0
-2541.0
-2169.0
-2567.0
-375.0
-2727.0
-3003.0
-3052.0
-2878.0
-2592.0
-2196.0
-4643.0
-502.0
-2406.0
-2509.0
-2190.0
-3742.0
-2505.0
-2431.0
-2179.0
-2257.0
-3452.0
-247.0
-3043.0
-2797.0
-5707.0
-3153.0
-2330.0
-4057.0
-2809.0
-3097.0
-2151.0
-2345.0
-2486.0
-3097.0
-2141.0
-2242.0
-2283.0
-311.0
-2794.0
-2518.0
-3299.0
-2287.0
-335.0
-530.0
-3858.0
-661.0
-2159.0
-2308.0
-2708.0
-4250.0
-2185.0
-2157.0
-2668.0
-12113.0
-2137.0
-219.0
-2567.0
-3136.0
-3596.0
-2377.0
-2327.0
-1249.0
-994.0
-975.0
-2948.0
-2502.0
-3316.0
-2619.0
-4229.0
-3385.0
-2623.0
-2500.0
-282.0
-361.0
-2964.0
-3043.0
-2508.0
-2180.0
-2489.0
-180.0
-2655.0
-2724.0
-2412.0
-12461.0
-2661.0
-2550.0
-338.0
-2621.0
-254.0
-2147.0
-2637.0
-3121.0
-576.0
-2490.0
-3266.0
-3103.0
-2490.0
-530.0
-213.0
-3549.0
-2571.0
-2166.0
-2577.0
-194.0
-2755.0
-2875.0
-3314.0
-3496.0
-2396.0
-2161.0
-4674.0
-578.0
-9617.0
-2223.0
-2174.0
-4422.0
-3128.0
-446.0
-2199.0
-2147.0
-3401.0
-2161.0
-4373.0
-2735.0
-5609.0
-3094.0
-2219.0
-3977.0
-2956.0
-3204.0
-784.0
-548.0
-2222.0
-14855.0
-12209.0
-2343.0
-2326.0
-4661.0
-2861.0
-8476.0
-3748.0
-11316.0
-358.0
-2348.0
-15525.0
-2380.0
-2305.0
-465.0
-2637.0
-2251.0
-209.0
-2370.0
-3282.0
-4206.0
-2181.0
-604.0
-2925.0
-13651.0
-3596.0
-2536.0
-2441.0
-1003.0
-2654.0
-3861.0
-3167.0
-2372.0
-3426.0
-2754.0
-4015.0
-3178.0
-2882.0
-2427.0
-384.0
-10018.0
-2979.0
-2812.0
-2467.0
-2296.0
-2410.0
-2129.0
-2965.0
-2698.0
-2225.0
-2175.0
-2603.0
-2660.0
-2350.0
-2880.0
-2193.0
-2460.0
-2872.0
-2436.0
-2653.0
-2750.0
-2933.0
-2767.0
-2484.0
-2856.0
-2170.0
-2277.0
-2399.0
-2220.0
-2441.0
-2173.0
-2538.0
-2934.0
-3067.0
-3206.0
-2529.0
-11525.0
-4879.0
-3006.0
-2492.0
-2600.0
-2167.0
-3275.0
-3220.0
-2408.0
-2152.0
-2318.0
-4773.0
-2592.0
-1806.0
-2862.0
-5871.0
-3119.0
-756.0
-3810.0
-2729.0
-3067.0
-2250.0
-2513.0
-2239.0
-2894.0
-288.0
-638.0
-2282.0
-2290.0
-2589.0
-2609.0
-3095.0
-2247.0
-2320.0
-594.0
-3384.0
-2434.0
-2258.0
-2372.0
-2845.0
-1061.0
-13553.0
-525.0
-16786.0
-2848.0
-301.0
-2129.0
-3018.0
-13486.0
-3233.0
-2198.0
-2372.0
-3239.0
-2726.0
-986.0
-10821.0
-2319.0
-10974.0
-2671.0
-14283.0
-14861.0
-13321.0
-13970.0
-13072.0
-2152.0
-913.0
-2738.0
-2360.0
-2356.0
-12344.0
-2183.0
-2780.0
-2822.0
-2127.0
-208.0
-2891.0
-3150.0
-11962.0
-3394.0
-14156.0
-238.0
-3612.0
-10070.0
-812.0
-3031.0
-2872.0
-3292.0
-2295.0
-3422.0
-2213.0
-2428.0
-2520.0
-2105.0
-2574.0
-2152.0
-2696.0
-3112.0
-3711.0
-3164.0
-2752.0
-237.0
-5181.0
-2707.0
-2438.0
-2684.0
-2118.0
-4206.0
-2803.0
-2387.0
-2131.0
-2195.0
-3532.0
-2216.0
-985.0
-2714.0
-6177.0
-3233.0
-2307.0
-3681.0
-2834.0
-2943.0
-2215.0
-2427.0
-2316.0
-3080.0
-2304.0
-2308.0
-2367.0
-2177.0
-3071.0
-2418.0
-3849.0
-2255.0
-2482.0
-2469.0
-3585.0
-2420.0
-2364.0
-2408.0
-2893.0
-13796.0
-2261.0
-10765.0
-2768.0
-3344.0
-2080.0
-2170.0
-8104.0
-3171.0
-3344.0
-2281.0
-2517.0
-3600.0
-3179.0
-13481.0
-13331.0
-2420.0
-14011.0
-2497.0
-4830.0
-3354.0
-2909.0
-13075.0
-12329.0
-2229.0
-1074.0
-2718.0
-13141.0
-2304.0
-2447.0
-2160.0
-2414.0
-3092.0
-2186.0
-235.0
-2830.0
-2994.0
-310.0
-2763.0
-2217.0
-2209.0
-2721.0
-2516.0
-2399.0
-2604.0
-2815.0
-3099.0
-2501.0
-2766.0
-2206.0
-2384.0
-2484.0
-2111.0
-2656.0
-2191.0
-2557.0
-2854.0
-3149.0
-3957.0
-2533.0
-507.0
-5807.0
-2885.0
-2345.0
-2537.0
-2157.0
-3708.0
-3068.0
-2277.0
-2180.0
-2174.0
-2726.0
-2127.0
-2918.0
-2864.0
-4828.0
-3156.0
-2387.0
-3883.0
-2843.0
-3765.0
-2138.0
-2401.0
-2357.0
-3131.0
-2124.0
-471.0
-2407.0
-2140.0
-3179.0
-2435.0
-12053.0
-2415.0
-2250.0
-2539.0
-3500.0
-2334.0
-14302.0
-2318.0
-2928.0
-2182.0
-2229.0
-2188.0
-3035.0
-3426.0
-2119.0
-2232.0
-2808.0
-3104.0
-3239.0
-2404.0
-2289.0
-1217.0
-2866.0
-2772.0
-2939.0
-2478.0
-3513.0
-2619.0
-4284.0
-3117.0
-2737.0
-2412.0
-2162.0
-398.0
-2558.0
-2813.0
-2498.0
-2182.0
-2212.0
-362.0
-2484.0
-3090.0
-2154.0
-396.0
-2559.0
-877.0
-2233.0
-2551.0
-2202.0
-2223.0
-2686.0
-2579.0
-2297.0
-2843.0
-2755.0
-2958.0
-2571.0
-916.0
-2265.0
-2295.0
-2446.0
-162.0
-2540.0
-2176.0
-2750.0
-2731.0
-2980.0
-2879.0
-2492.0
-2202.0
-5513.0
-2632.0
-2560.0
-2480.0
-2100.0
-3112.0
-2840.0
-2366.0
-2166.0
-2220.0
-3157.0
-2154.0
-1007.0
-2825.0
-4775.0
-2890.0
-2250.0
-3934.0
-2896.0
-3327.0
-2144.0
-2538.0
-2249.0
-2892.0
-2150.0
-618.0
-2292.0
-453.0
-1445.0
-2470.0
-3678.0
-2314.0
-489.0
-2317.0
-3696.0
-2518.0
-2191.0
-2406.0
-2978.0
-4058.0
-2635.0
-2313.0
-3038.0
-4163.0
-2193.0
-2344.0
-2645.0
-13206.0
-3389.0
-8320.0
-13757.0
-9099.0
-3425.0
-3454.0
-6467.0
-14178.0
-4152.0
-2456.0
-13917.0
-5629.0
-4390.0
-2477.0
-338.0
-466.0
-2597.0
-2764.0
-2402.0
-2373.0
-2411.0
-2118.0
-2588.0
-2924.0
-2197.0
-2268.0
-2919.0
-2627.0
-295.0
-2535.0
-2184.0
-2151.0
-2756.0
-2346.0
-2311.0
-2619.0
-2973.0
-2717.0
-2382.0
-2649.0
-2218.0
-2265.0
-2402.0
-2139.0
-2360.0
-2140.0
-2668.0
-3020.0
-2934.0
-3068.0
-2532.0
-2140.0
-4545.0
-2478.0
-2445.0
-2445.0
-2103.0
-3608.0
-2677.0
-639.0
-2149.0
-2201.0
-3210.0
-2167.0
-3641.0
-2785.0
-4474.0
-3181.0
-2278.0
-4022.0
-3059.0
-3071.0
-2188.0
-2261.0
-2385.0
-3074.0
-2149.0
-407.0
-2366.0
-151.0
-2816.0
-2471.0
-3130.0
-2352.0
-2356.0
-2693.0
-3847.0
-1165.0
-4464.0
-3216.0
-3027.0
-2459.0
-2411.0
-2299.0
-3508.0
-3016.0
-2167.0
-2245.0
-2696.0
-3759.0
-3381.0
-833.0
-2325.0
-3542.0
-3138.0
-3649.0
-5823.0
-2575.0
-3356.0
-2826.0
-3447.0
-5145.0
-2616.0
-2677.0
-2355.0
-2351.0
-807.0
-2995.0
-2758.0
-2373.0
-2237.0
-2231.0
-10588.0
-13319.0
-2411.0
-2099.0
-2466.0
-2475.0
-2379.0
-2476.0
-2232.0
-2194.0
-1187.0
-2666.0
-2279.0
-2528.0
-4668.0
-3321.0
-14246.0
-2601.0
-162.0
-2517.0
-2644.0
-13632.0
-2937.0
-2399.0
-2500.0
-14099.0
-2920.0
-3394.0
-13381.0
-2170.0
-4991.0
-3707.0
-2425.0
-2354.0
-2431.0
-3981.0
-2915.0
-5173.0
-2098.0
-2180.0
-5340.0
-2183.0
-2943.0
-11006.0
-5624.0
-17432.0
-2203.0
-3856.0
-2774.0
-4471.0
-2286.0
-2446.0
-2456.0
-8878.0
-2176.0
-444.0
-17820.0
-257.0
-3451.0
-2512.0
-3222.0
-2340.0
-2163.0
-12627.0
-3546.0
-2338.0
-2295.0
-2441.0
-2951.0
-404.0
-2161.0
-2192.0
-2961.0
-11966.0
-2278.0
-2189.0
-2595.0
-3264.0
-3421.0
-2399.0
-2350.0
-1654.0
-2764.0
-1396.0
-3470.0
-2327.0
-3652.0
-2884.0
-2242.0
-3702.0
-2595.0
-2374.0
-315.0
-2178.0
-2732.0
-2767.0
-607.0
-324.0
-2308.0
-506.0
-2908.0
-3302.0
-402.0
-286.0
-11273.0
-581.0
-13345.0
-3055.0
-2334.0
-2576.0
-896.0
-2435.0
-14074.0
-2660.0
-11328.0
-14055.0
-2582.0
-2688.0
-386.0
-14392.0
-2390.0
-193.0
-12210.0
-2257.0
-14544.0
-12101.0
-13536.0
-3220.0
-2402.0
-2167.0
-4150.0
-2571.0
-12545.0
-12223.0
-2233.0
-11555.0
-2694.0
-2467.0
-7182.0
-2226.0
-3337.0
-2164.0
-3965.0
-2896.0
-5736.0
-13914.0
-2333.0
-16727.0
-2957.0
-3195.0
-121.0
-2292.0
-2514.0
-3847.0
-180.0
-2326.0
-2312.0
-2146.0
-3214.0
-13475.0
-13537.0
-2415.0
-537.0
-2892.0
-16796.0
-2399.0
-8543.0
-15252.0
-3549.0
-2303.0
-2297.0
-408.0
-13690.0
-3176.0
-14273.0
-2252.0
-2822.0
-3918.0
-4245.0
-2478.0
-2363.0
-3154.0
-2743.0
-12817.0
-3320.0
-2371.0
-3097.0
-2890.0
-3698.0
-3384.0
-2684.0
-2441.0
-2197.0
-2215.0
-2847.0
-2996.0
-2359.0
-2302.0
-2543.0
-2155.0
-2729.0
-2747.0
-2161.0
-272.0
-2711.0
-3061.0
-2227.0
-2656.0
-253.0
-2211.0
-3948.0
-2748.0
-2416.0
-2845.0
-2967.0
-2845.0
-2776.0
-2990.0
-2147.0
-2712.0
-2906.0
-2191.0
-2547.0
-2193.0
-2721.0
-3074.0
-2950.0
-3846.0
-2697.0
-2190.0
-4730.0
-706.0
-2529.0
-2352.0
-2172.0
-5379.0
-2539.0
-2486.0
-2158.0
-2169.0
-3038.0
-2167.0
-3635.0
-2727.0
-5055.0
-2878.0
-2289.0
-4421.0
-2687.0
-2893.0
-2199.0
-2352.0
-2626.0
-3213.0
-2126.0
-361.0
-2344.0
-2113.0
-2808.0
-2428.0
-3066.0
-2397.0
-2218.0
-2372.0
-3471.0
-2657.0
-2166.0
-2892.0
-2860.0
-2353.0
-2123.0
-365.0
-2809.0
-3251.0
-2125.0
-2152.0
-3122.0
-3215.0
-3138.0
-2251.0
-2354.0
-5036.0
-2770.0
-2947.0
-3668.0
-2384.0
-3110.0
-2783.0
-3654.0
-3559.0
-2779.0
-2363.0
-2208.0
-2184.0
-3311.0
-2743.0
-2351.0
-2343.0
-2433.0
-2170.0
-2724.0
-2808.0
-2161.0
-2149.0
-2553.0
-2703.0
-2344.0
-2557.0
-2169.0
-2290.0
-3771.0
-2514.0
-2466.0
-2710.0
-2908.0
-2605.0
-2633.0
-2701.0
-449.0
-2267.0
-2442.0
-2130.0
-2443.0
-2189.0
-2575.0
-2890.0
-2770.0
-3315.0
-2514.0
-2147.0
-3845.0
-2593.0
-2386.0
-2413.0
-2161.0
-3346.0
-2991.0
-2493.0
-2310.0
-2123.0
-3468.0
-2137.0
-2862.0
-2959.0
-5093.0
-2929.0
-2208.0
-3934.0
-2917.0
-3035.0
-2139.0
-2507.0
-2335.0
-2923.0
-2118.0
-634.0
-2333.0
-2119.0
-3176.0
-2492.0
-3358.0
-2284.0
-2207.0
-2347.0
-3782.0
-2313.0
-2200.0
-2289.0
-2857.0
-2194.0
-567.0
-2155.0
-2954.0
-3092.0
-2083.0
-2171.0
-2948.0
-3298.0
-3545.0
-963.0
-2291.0
-3462.0
-2869.0
-3481.0
-3468.0
-2485.0
-3130.0
-2553.0
-3847.0
-3402.0
-2958.0
-2705.0
-2192.0
-2316.0
-2685.0
-2600.0
-2325.0
-2237.0
-368.0
-201.0
-2836.0
-2723.0
-2166.0
-2144.0
-2555.0
-3144.0
-2225.0
-2855.0
-2181.0
-2213.0
-3188.0
-2512.0
-632.0
-2988.0
-3008.0
-5126.0
-2472.0
-3162.0
-2206.0
-2329.0
-2586.0
-2151.0
-2659.0
-2158.0
-2625.0
-3263.0
-2739.0
-3079.0
-2577.0
-2161.0
-4857.0
-3274.0
-2323.0
-2926.0
-2112.0
-3909.0
-3078.0
-2565.0
-2206.0
-2137.0
-5856.0
-2133.0
-3770.0
-2708.0
-5350.0
-7301.0
-2252.0
-5914.0
-3657.0
-2982.0
-2136.0
-2305.0
-2532.0
-3078.0
-12226.0
-2352.0
-8998.0
-3659.0
-3307.0
-2527.0
-6381.0
-4530.0
-2471.0
-2667.0
-3775.0
-2551.0
-2181.0
-2273.0
-2986.0
-2119.0
-2375.0
-2164.0
-2905.0
-3217.0
-2185.0
-2136.0
-2751.0
-3587.0
-3029.0
-2421.0
-3040.0
-3336.0
-2699.0
-3055.0
-3194.0
-2540.0
-18187.0
-2649.0
-4131.0
-4629.0
-2909.0
-2585.0
-2194.0
-2236.0
-3066.0
-2760.0
-2412.0
-2293.0
-2300.0
-2292.0
-2772.0
-2767.0
-2168.0
-527.0
-2668.0
-2759.0
-2281.0
-2577.0
-2180.0
-2293.0
-2647.0
-2597.0
-2319.0
-2982.0
-2834.0
-2672.0
-2465.0
-2664.0
-391.0
-2535.0
-2423.0
-2300.0
-2390.0
-2156.0
-2889.0
-2711.0
-2902.0
-3157.0
-2520.0
-2194.0
-4544.0
-2887.0
-2427.0
-3944.0
-2144.0
-3440.0
-2675.0
-2344.0
-2222.0
-2654.0
-4054.0
-2273.0
-3372.0
-2736.0
-5284.0
-3318.0
-2216.0
-4404.0
-4102.0
-2988.0
-2296.0
-2395.0
-2484.0
-2826.0
-2096.0
-2217.0
-2303.0
-2115.0
-3046.0
-2823.0
-3114.0
-2427.0
-224.0
-2418.0
-3604.0
-11193.0
-2194.0
-2368.0
-2768.0
-2193.0
-2127.0
-2283.0
-2750.0
-4401.0
-372.0
-2139.0
-2790.0
-3405.0
-3117.0
-2344.0
-2442.0
-4265.0
-2842.0
-2671.0
-3098.0
-6022.0
-3201.0
-2646.0
-3469.0
-3530.0
-2792.0
-2603.0
-2245.0
-2257.0
-2796.0
-2628.0
-2251.0
-2292.0
-2271.0
-491.0
-2741.0
-3072.0
-2168.0
-2291.0
-3108.0
-2823.0
-2275.0
-2541.0
-2243.0
-6149.0
-2994.0
-2506.0
-2377.0
-2666.0
-2895.0
-2888.0
-2535.0
-2784.0
-2201.0
-2294.0
-2574.0
-2084.0
-2408.0
-2173.0
-2537.0
-2884.0
-2738.0
-2946.0
-2502.0
-2150.0
-4947.0
-2859.0
-2475.0
-2353.0
-2179.0
-3892.0
-2964.0
-2406.0
-2193.0
-2131.0
-3290.0
-2114.0
-2900.0
-2717.0
-5310.0
-2870.0
-2306.0
-3612.0
-2919.0
-2862.0
-2246.0
-2414.0
-2277.0
-3083.0
-9.0
-507.0
-2221.0
-2168.0
-2851.0
-2397.0
-3796.0
-2262.0
-2417.0
-2376.0
-3550.0
-3053.0
-13561.0
-2328.0
-3976.0
-2217.0
-2221.0
-2276.0
-2642.0
-5000.0
-2159.0
-650.0
-3231.0
-3064.0
-3176.0
-331.0
-2410.0
-894.0
-3063.0
-2886.0
-3131.0
-2370.0
-3284.0
-2706.0
-3229.0
-4587.0
-3467.0
-2523.0
-308.0
-3573.0
-3506.0
-2823.0
-2330.0
-3051.0
-2754.0
-2551.0
-2982.0
-2726.0
-810.0
-2402.0
-2911.0
-3004.0
-398.0
-2689.0
-210.0
-2315.0
-3027.0
-330.0
-2426.0
-2658.0
-4854.0
-3364.0
-346.0
-2586.0
-434.0
-2604.0
-2649.0
-2337.0
-3264.0
-2216.0
-2714.0
-3662.0
-3333.0
-3353.0
-2477.0
-2126.0
-4298.0
-773.0
-2414.0
-2364.0
-2139.0
-3653.0
-10666.0
-627.0
-2186.0
-2134.0
-3563.0
-2147.0
-3258.0
-2936.0
-6164.0
-3549.0
-497.0
-3811.0
-3214.0
-3144.0
-2314.0
-2518.0
-2303.0
-3626.0
-2362.0
-9705.0
-2333.0
-2154.0
-9993.0
-2467.0
-3062.0
-2382.0
-2237.0
-2376.0
-3543.0
-463.0
-2181.0
-2362.0
-2991.0
-2253.0
-2223.0
-2166.0
-2788.0
-3503.0
-2097.0
-2133.0
-2633.0
-3081.0
-3431.0
-2365.0
-2476.0
-3050.0
-2904.0
-2896.0
-763.0
-2357.0
-3418.0
-2514.0
-3504.0
-4162.0
-2644.0
-2607.0
-2155.0
-2265.0
-2670.0
-2835.0
-2302.0
-2346.0
-2357.0
-2111.0
-2650.0
-2818.0
-2205.0
-2182.0
-2937.0
-2968.0
-410.0
-2664.0
-2236.0
-2371.0
-3504.0
-2430.0
-2429.0
-2849.0
-3402.0
-2826.0
-1596.0
-2975.0
-2189.0
-2288.0
-2498.0
-2278.0
-2463.0
-2186.0
-2630.0
-4572.0
-2828.0
-2779.0
-2549.0
-2184.0
-4873.0
-2781.0
-2374.0
-2425.0
-2126.0
-3377.0
-3072.0
-2340.0
-2129.0
-2190.0
-3095.0
-2138.0
-3391.0
-2923.0
-5443.0
-2991.0
-2286.0
-3499.0
-2736.0
-2935.0
-2140.0
-2205.0
-2403.0
-3200.0
-2211.0
-2356.0
-2236.0
-2094.0
-2767.0
-2842.0
-3366.0
-2243.0
-2273.0
-2400.0
-3355.0
-2378.0
-2224.0
-2382.0
-2608.0
-313.0
-2147.0
-2313.0
-2751.0
-3658.0
-2106.0
-9158.0
-2872.0
-3605.0
-3441.0
-2416.0
-2464.0
-3047.0
-2644.0
-3179.0
-815.0
-2390.0
-3255.0
-2925.0
-4661.0
-2373.0
-2682.0
-2370.0
-2138.0
-2282.0
-3144.0
-2892.0
-2511.0
-2252.0
-2342.0
-2232.0
-2790.0
-2682.0
-2139.0
-286.0
-2557.0
-2986.0
-2321.0
-2799.0
-2394.0
-2448.0
-3077.0
-2566.0
-1150.0
-6121.0
-2731.0
-2690.0
-2774.0
-2734.0
-2184.0
-2281.0
-2607.0
-2170.0
-2589.0
-2146.0
-2664.0
-2961.0
-2845.0
-3074.0
-2443.0
-2166.0
-4135.0
-2790.0
-2335.0
-2432.0
-2187.0
-1870.0
-2714.0
-17146.0
-2233.0
-2150.0
-3384.0
-2192.0
-3025.0
-2721.0
-5241.0
-2916.0
-2262.0
-3607.0
-2681.0
-2743.0
-2081.0
-2376.0
-2553.0
-3059.0
-309.0
-2294.0
-2244.0
48.0
-3229.0
-11012.0
-2995.0
-2484.0
-2213.0
-14221.0
-3988.0
-2226.0
-2191.0
-2395.0
-2685.0
-881.0
-349.0
-278.0
-3339.0
-3051.0
-2331.0
-1503.0
-2491.0
-3448.0
-3192.0
-2336.0
-2428.0
-2755.0
-603.0
-2833.0
-2906.0
-2347.0
-3941.0
-2759.0
-3689.0
-3644.0
-2735.0
-2677.0
-257.0
-190.0
-2669.0
-2583.0
-2367.0
-2210.0
-384.0
-245.0
-2695.0
-2621.0
-301.0
-2191.0
-3010.0
-2978.0
-149.0
-2657.0
-195.0
-2343.0
-2939.0
-2329.0
-2733.0
-2621.0
-10957.0
-2565.0
-2446.0
-2564.0
-136.0
-2444.0
-2552.0
-206.0
-2723.0
-2317.0
-2907.0
-2621.0
-3313.0
-3344.0
-2673.0
-2599.0
-4546.0
-795.0
-2409.0
-2953.0
-2326.0
-3706.0
-874.0
-2514.0
-2425.0
-2282.0
-3994.0
-2182.0
-3395.0
-2818.0
-6617.0
-3413.0
-2283.0
-4247.0
-2877.0
-3309.0
-2317.0
-2632.0
-2576.0
-4087.0
-2151.0
-2426.0
-2380.0
-2287.0
