-4547
-1388
-5323
-2654
974
-2195
-10666
3347
-2826
110
-1464
-3191
-1448
1682
-8543
-4997
2069
-1420
-544
-3311
-6046
-5585
-6754
-2615
5069
3612
-6020
-1826
-3122
-976
-689
-1146
882
-1157
-859
-6114
109
2662
-2327
-3409
-6733
-475
-6167
323
2465
1239
-5894
-1436
1205
3003
-2547
3488
3981
-221
-4371
-7606
3123
1354
-64
-6686
-6110
-8600
-6323
-1028
3059
708
-9419
503
-3157
-3919
-5567
2210
3865
3265
-1565
-2145
3194
929
-3374
-1304
-2281
2777
-4748
1978
856
14
-4303
3522
1282
5244
-414
5003
6016
6359
-2329
-188
7629
4132
-2801
-1839
-5595
5043
-8054
-1256
2008
1915
-6705
2855
-1318
2071
-670
4262
5825
2394
492
-8297
1147
2939
1378
-3208
-3244
623
-4796
3464
-77
1648
-3344
6183
3296
2696
-876
4400
5510
3082
1091
-2521
3332
5437
4456
-963
-3655
-3213
-4427
1465
4940
7259
-591
2012
5241
219
-5055
6978
3740
-583
-2694
-4795
4829
4509
999
-3056
2611
3121
-5395
3283
3503
2040
-884
1356
8467
8541
2307
4706
4801
6431
-3321
2170
4209
3748
1794
-5109
-880
2012
-7070
8367
2334
2942
-1412
5085
4343
5839
-16
6069
4908
5770
1228
-6396
4359
6147
3702
-2070
1684
-2295
-7220
4870
4224
5661
-1873
1984
4845
4055
-7043
7992
5406
5489
4839
-3634
6461
5999
2072
-875
3183
3292
-9382
7787
6403
4699
-838
502
7359
7263
-3027
6038
5451
6958
-144
-4247
8884
6575
-3409
-2187
2711
90
-4274
6186
6470
1278
-2822
3569
4761
6608
1332
8387
3636
6057
-4356
-5954
6317
7360
-363
802
3847
4118
-5370
5650
6991
5533
670
1953
5809
9170
-212
7028
2424
4995
-1010
-2626
5979
7771
4720
1515
2588
3366
-3689
3525
8661
7707
267
3849
9315
8462
-444
8020
9074
6688
3650
-3927
9208
7328
6030
2800
-1089
5352
-3538
7495
6628
6555
-2658
5440
7782
7727
4439
8349
5343
6078
912
791
6373
9716
413
4207
942
7089
4128
4600
8619
5654
1657
6307
6721
7487
1486
5802
6037
10748
2974
1181
5109
8314
2362
3287
5372
3516
-4297
6340
9846
6729
-1571
4626
5525
9197
-602
9448
7200
9244
4010
-937
9240
10101
-2392
-1794
1724
5268
-3015
8587
7187
7583
-962
7310
5491
7061
2644
5976
8646
5986
4229
2424
10882
7519
3058
1665
6395
5052
-1288
7603
5812
4932
288
6951
5451
6336
4040
8054
8067
9788
3796
-315
7239
6065
3016
3105
5802
5794
-1434
5771
7571
8441
2583
7401
8133
8771
6402
5817
8453
11061
4739
-2769
10470
10714
8524
2128
4647
3903
-969
9962
10851
6939
2882
5916
8879
9581
4903
9383
10355
6942
7380
3008
9197
10414
5810
3752
-836
5447
-2534
10328
8554
7445
6807
8989
7362
8218
4159
7066
10057
10347
7933
818
11642
9625
1
2917
526
6756
1622
6774
4084
10741
2323
7527
8780
8200
3220
9680
9437
7692
8275
3206
11213
9861
2841
4718
2864
3850
3405
9570
10290
9340
2923
8269
6074
9848
2390
10591
10542
7337
6749
3840
11113
11511
4063
3913
5313
8872
1636
9000
7894
11825
591
11143
10369
9514
5457
10132
10512
11320
1532
4171
9610
10462
4001
8361
6810
8617
-2706
11113
9689
10010
2133
9203
8974
10136
4707
8909
10747
11059
6200
2517
11197
11392
-1053
8376
7528
3657
10
8929
11092
9677
4487
5950
8577
10116
3916
10163
10523
8674
2773
943
11996
9595
129
6650
2808
6902
1071
9431
10808
8042
4584
9621
8418
10036
8781
10570
10789
11843
7182
-844
10599
11347
2617
4777
8316
8536
6118
10559
11287
10587
4264
9590
11578
9872
6063
10982
10303
9496
8026
5528
10922
12275
6638
7123
5564
6728
-2722
11126
11354
9707
3382
9207
9611
8461
6803
12234
12040
8796
8281
2130
10502
11985
4751
5346
3011
6626
1071
10089
9898
8500
3804
11243
10025
10821
5443
11038
11015
9458
6342
2550
11319
10503
7107
8478
6319
7129
2700
10921
11919
10241
5755
11247
10804
10165
8347
11517
11994
11806
4305
3887
8990
11834
876
6407
6352
8999
6135
6876
12687
12015
5664
11099
11993
8833
6559
11647
11394
11608
8190
3986
11270
11413
10054
6705
7661
9599
5574
11195
11687
9510
7101
10373
11147
11615
8392
11264
12234
11847
8653
3506
11415
11520
9911
8081
4681
9037
3438
6078
12273
11813
5991
11292
9452
11392
8666
12357
11702
10400
6038
4559
11625
12198
4019
5805
7225
10808
865
9859
6846
11465
8861
10924
11826
11466
7898
11759
11232
11694
6221
5696
12270
11037
7866
6499
9681
10891
583
10059
11183
10725
6887
10726
11831
11681
9775
11604
12466
10335
4924
6352
12345
11058
7401
6034
5405
8547
4968
10356
11738
11373
4981
11534
12102
11381
8375
10572
11988
12163
8957
7320
12833
11598
9552
5438
7647
9280
6041
10358
10775
11591
3541
12124
12458
10205
7326
10629
11579
9990
8038
7127
12446
12095
9208
8722
11309
8505
6829
10367
11341
10270
7897
11561
12289
11068
7720
12609
12514
11439
9332
7645
12290
12325
9386
8949
9317
8674
2373
11163
12055
9070
3789
10461
12015
11610
9026
12875
12141
12097
5802
5442
12092
12656
8440
4837
10406
9015
5144
11653
9249
9973
4903
10549
12991
12821
9041
12031
11349
10435
7364
5760
12448
10482
10786
6766
8123
10286
2968
8478
12101
10471
6767
11395
9972
12104
7666
12323
11448
12080
8578
5816
12796
12361
9267
5217
7590
7216
3883
11291
11844
10180
3654
10665
12576
12449
9393
12159
12663
10721
9205
8298
12641
10951
8530
6887
9827
10394
4437
11297
12418
11053
7035
10169
10346
12140
6119
12324
12453
12463
9942
7750
12640
12261
10366
6920
5179
9865
2781
12806
11590
11858
7049
11232
12395
11338
7860
12063
12565
12468
7710
9016
12593
12956
7788
7534
9460
10818
6927
10657
10051
11632
3284
11749
12424
11460
9008
12280
12516
10803
7949
3620
12903
10720
8313
8423
9689
9653
-4517
10950
12409
12154
9709
10349
12771
12335
10245
13096
11704
11828
8592
8364
12609
13172
8991
7482
7411
6655
640
11084
10467
11389
8103
12050
12135
12855
9043
11859
11567
11790
7309
6522
12117
12083
11477
4337
11260
8601
6068
10870
12435
10052
6568
10193
11692
12765
8231
12854
12452
11702
9072
7671
12107
12032
8730
8393
10322
8328
2955
10115
11283
12114
3996
11728
12193
12594
7863
12667
12536
12085
9777
3298
12460
11814
10441
7617
10472
10224
4707
9450
12882
10765
10084
11136
11732
11017
8798
12168
13033
12278
7760
5223
11777
12939
8229
6274
9413
8672
4060
11928
12694
10851
7829
10907
11840
10899
5736
13173
10341
12422
8217
6449
13176
13000
9009
5626
10097
10618
6982
10610
11875
10951
7806
10865
11845
11074
8374
12708
10893
11380
9233
6360
12052
13156
7914
6651
8707
10525
5790
11130
11433
12320
8072
12325
11765
11640
5300
12830
12405
11470
5794
4085
12850
12327
10190
5307
7689
9856
2052
11786
12145
12150
6506
12417
12321
12509
9909
11712
12425
12515
8899
8141
12926
12784
10353
7953
9409
9201
-362
11468
12654
11438
7498
12141
12786
11836
8056
12675
11511
13026
9982
10128
12824
11989
7442
7521
11679
10731
1513
11045
11840
11654
8545
12483
13162
12234
6147
12747
12465
12439
8601
5487
13078
12610
10461
8269
10460
9349
3949
10615
11693
12397
4731
12656
12267
12259
6607
12840
12249
13036
8572
8107
11826
11940
11215
5979
6772
10109
8027
11068
11925
11348
9141
12535
12660
12686
7198
12531
12035
12769
9695
7912
13074
12704
10832
7438
10648
11280
1318
11801
12943
13019
7645
12084
11396
12871
9404
11700
12644
12143
8900
8706
13133
13071
10358
8553
10203
9508
997
10773
11043
12777
5997
11781
13280
13318
9534
12469
12370
12754
9148
9747
12925
12663
9347
8556
9411
10084
7423
10096
13191
12219
5803
11326
12133
13467
9132
13009
11310
12629
9781
10425
13137
12185
10200
4983
9961
8901
6244
11247
12172
10421
6401
12346
12986
12842
9568
11945
11063
12800
9653
7590
13121
12589
9699
8912
10857
9446
6389
11384
11085
12123
8445
11556
12058
11777
9351
11320
11775
11966
8383
9173
12606
12219
10261
8617
9836
9989
5738
11007
13007
10727
9254
11789
12665
13020
7104
12642
12335
12553
6716
8540
13131
13042
8735
7500
10873
9368
2543
11422
12362
12819
7635
12171
12375
12638
6667
12583
12888
12696
8313
6435
13103
12852
10359
8579
10567
9818
8106
11541
12499
10988
6450
12950
12214
13225
10654
13402
12077
12927
9284
7338
13099
12801
10624
6989
10807
9410
9645
11597
12768
11014
6720
12148
12607
12546
8962
12623
13008
12914
8504
6571
13497
12987
11347
8448
11180
9759
351
10656
12496
12341
9299
10253
12633
11905
10221
13057
12802
12852
9271
10092
13096
12996
10393
8497
10187
9941
876
10508
11847
12672
4397
11184
12203
12568
9208
12865
11909
11735
10168
9282
12518
12830
11468
8621
10311
11568
8917
11695
13085
12984
8744
12204
13385
11985
8499
10576
12271
11809
9247
8564
12990
12761
10044
10215
9130
10741
6862
11169
12793
11510
7793
11836
12951
12628
10333
13007
12622
12474
9196
8598
13322
12179
11569
7394
10628
9994
7515
10719
12978
12810
7290
12779
12870
12817
10035
13217
12938
12879
8703
9181
12531
13171
11115
8065
9537
9824
8901
11263
12782
11204
4472
12321
12778
12536
9217
12885
12107
12352
9853
10466
12902
13050
10053
6824
11697
10811
7919
10639
12110
12619
7480
11244
13512
12578
8543
13107
12169
12817
8268
10637
13506
13162
11133
8593
10014
9871
5319
11532
12472
11462
8857
10743
12854
12073
9174
12893
11864
13129
10070
10515
13642
12843
10676
9052
10010
10270
6667
11682
12646
11706
7921
11866
13235
12517
9202
13210
12426
12424
8921
8758
13250
12831
11817
6059
8745
10645
6647
11027
12997
12873
9437
12174
13096
12557
8594
12904
12612
13119
10410
9926
13145
13032
11468
6985
10967
11109
9207
10984
12895
12532
6789
12258
13041
12685
9259
13018
13228
13134
9584
8350
13363
13499
11738
8360
10573
10131
8534
11201
13019
12604
8541
12358
13263
12116
8599
13216
12345
12893
8917
6494
13061
13747
9748
8870
9839
10074
4602
11028
12838
12173
6853
12655
13403
13107
10603
13590
13169
13209
9630
7671
12195
13529
11722
9230
10919
10220
4205
11912
13130
12655
7929
11883
13190
13077
10154
12790
13076
13464
8673
10327
13440
13070
11235
8946
10786
8935
8599
11165
12628
12355
8363
12828
13298
13098
9305
13670
11696
12954
9131
8982
13461
13243
9488
8863
10910
11901
8173
11960
13305
12193
7451
11979
13381
12894
8865
12730
11716
13626
10182
9709
13518
12404
10936
8019
8609
9826
4538
11888
12689
12875
7073
12116
13584
12935
9374
13642
12748
12822
10038
9993
13032
13191
11191
8089
9858
10589
7437
12306
13383
10805
6637
12227
13017
13123
9083
13263
12119
13262
9524
9006
13469
12955
11706
8441
8897
9123
9331
12134
12924
11431
8011
12877
13160
13264
9017
13514
12730
13269
8670
9501
13572
13335
12087
8749
11281
10462
7332
11379
12626
11881
5857
12837
13202
13236
10049
12812
12856
13239
10276
7817
12483
12966
11185
10204
9030
10185
7310
12123
12671
12242
6320
12161
12928
12502
9123
12918
12965
13345
9453
10055
13409
11984
11506
9243
10426
10475
5727
11588
13209
12755
7138
12742
13177
13205
10740
13536
13487
13635
8659
10521
12666
12640
10455
8788
10701
11417
8890
11432
12828
12232
7079
13172
13072
13092
8630
13528
13249
12570
9613
10480
13532
12860
9884
8493
8259
9776
8965
11447
12443
12243
7394
13212
12236
13361
10321
13440
13035
13304
8447
11193
13473
12921
10627
8919
9617
9683
9538
11207
12310
12744
7979
13004
12413
13130
7327
13424
13359
12941
9369
10646
13385
12692
11620
9255
10471
10156
6353
11160
12475
11961
8611
13183
12546
13052
9834
13250
13272
12718
10018
10711
13298
12696
10350
9525
10707
10316
7983
11889
11822
12306
5000
13350
12549
13022
10053
13402
11972
13349
9300
11123
13216
12279
11678
10036
11090
10093
4914
11707
12939
13016
7831
12634
13153
12857
9991
13847
13195
13127
10076
6176
13273
13344
10682
9426
10414
10536
7803
11861
12865
11681
6079
11562
13244
12717
9765
11705
13278
13479
9594
10637
13530
13300
9433
10281
11352
10358
7169
12042
12928
12492
8237
13073
13324
12663
11267
12188
12502
13310
10142
8575
13835
13768
10183
10481
10745
10478
8283
11883
13085
12401
8501
12634
13355
13298
9450
13575
12344
12586
9195
11265
13524
13266
10008
8519
11584
10269
9005
11689
11607
12252
9226
13005
12870
13117
10133
13264
13517
13471
9705
9112
13278
13240
11133
10439
11437
10568
9956
11743
13439
13212
8111
12290
12079
13544
9731
12530
13258
12930
9428
10097
13556
13318
11643
9374
7524
10583
9327
11127
13234
12143
8420
13405
12685
12848
9754
12720
12958
13354
10464
10521
13821
12941
10398
8192
11537
11006
8058
12368
13321
12312
8347
12456
12898
13516
11101
12845
12907
13484
9873
10556
12990
13088
12074
9993
10136
11150
9936
11885
13434
12941
8470
13058
13342
12641
10224
13032
12217
13213
10512
10683
13678
13750
12522
7962
10636
10576
9275
12310
13303
12923
9523
11204
13500
13131
9272
13515
12629
13275
9381
9737
13266
12967
11146
8358
9658
10626
8559
11044
13220
11585
9662
13164
12633
12919
8984
13237
13151
13146
10068
9213
13547
12587
11672
8245
11972
11221
9455
12292
12778
11560
8827
11873
12808
13232
9254
13647
12967
13349
9658
10182
13313
13000
11718
8564
11546
10853
9910
12022
12056
12922
5707
11980
12785
12900
11128
13346
12784
13146
9866
11187
13281
13237
11277
8469
11247
10907
9382
11849
13307
12227
9307
12752
12241
13008
9531
13082
12612
12486
9653
10962
13339
12895
11378
9284
10706
10508
10175
11541
12868
11710
6098
13229
13186
13017
9713
13434
12534
13296
10149
7970
13190
12867
11783
9400
11909
10439
9154
11785
12607
13029
9490
11883
13009
12962
11284
13158
13145
13404
9633
9787
13551
12940
12343
10119
10730
11225
9524
11469
13684
13491
8930
13523
13237
12426
10811
13241
13481
13322
9697
11402
12980
12395
11719
8663
9648
10763
8876
11697
12828
11666
8522
13316
13199
13007
10304
12764
13218
11974
9540
11223
13074
12211
11908
8941
11680
10409
9113
11437
13139
12085
8864
13651
12792
13067
10592
12958
13094
13513
10378
10578
13285
12229
12150
9006
11051
10769
8806
12081
13368
11660
9210
12593
13204
12491
8567
13289
12348
13622
9058
10605
13634
12495
11592
8890
12029
9677
8666
12403
13050
10702
7679
12167
13666
13172
9933
13314
12516
12675
9931
9314
13763
13218
12080
9035
9125
11571
9231
12075
13035
12757
5377
12857
13038
13053
9918
13764
12289
13269
9733
10449
13483
13671
11556
10032
11964
10684
10192
11923
13122
12826
8271
13257
13293
13502
10013
13454
13029
12924
10225
10760
13495
13581
11354
9750
9795
10875
10060
11382
12713
12816
7888
13378
13509
13310
10500
13763
13705
13511
10523
11058
13684
13192
11213
10291
10194
10417
8246
11430
13347
13004
8986
13582
13254
13361
10035
13290
13354
13959
9323
9896
13911
13479
10061
9456
8583
10309
8813
11649
13139
12348
7922
13391
13163
13548
10967
13713
13735
13290
9366
10779
13446
13699
10468
10137
10926
10331
9125
11900
12844
12995
7507
12802
12874
13361
9951
13401
13008
13373
9210
10529
13336
13236
11235
9602
10774
10000
8523
12386
13009
12669
7467
12842
13347
13224
11361
12604
13219
13605
8406
9747
13531
12738
8843
10417
11714
9596
8962
11284
12550
12231
8071
13226
12613
12744
10015
12583
13227
13315
9342
11235
13480
12623
11476
10302
11261
10730
8789
11780
12910
12212
6069
13398
12892
13090
10519
13100
13392
13238
9146
11726
13409
13262
10482
10184
11442
9661
8809
11887
13102
12709
8019
13096
12937
12707
9022
13132
12809
13494
9899
10311
13720
12877
11029
8242
11580
10705
9274
11502
12962
12061
8053
12663
12541
12905
10240
12613
13082
13212
9530
9993
13614
13020
10818
7739
11703
10848
6720
12038
12733
11444
7828
12503
13028
13274
10385
13072
13131
12846
9899
10919
13787
12820
11429
9308
10827
10974
9208
12139
12817
12844
10000
12044
12995
12868
8864
13347
13614
13129
10128
10900
13670
12116
11729
7061
12022
10928
8343
12037
12858
11754
8634
12936
13240
13275
10335
13736
13455
12074
9953
11168
13713
13039
11758
8412
11343
10919
9411
12107
13538
11424
9718
12692
13519
12864
10530
13287
13159
13368
9478
9282
13327
13362
11577
8181
11172
10278
9698
11985
12963
11922
9082
13021
12790
13528
10447
13007
13326
13112
9786
10784
13505
13672
9491
8383
11323
10525
7613
11456
12836
12539
9544
13076
13315
13016
11384
13428
13374
13365
9654
9886
13242
13150
10689
9958
12303
10757
8089
12058
13190
13075
9546
12591
13487
13105
10873
13276
13635
13205
9866
10454
13591
13144
10371
10044
10821
11200
9045
11961
12999
12378
9061
13141
13237
12404
10385
12930
13682
13249
9930
9435
13706
12355
11862
9473
9153
10552
6994
12160
13436
12403
9248
13205
13172
12088
10198
13201
13343
13013
9475
8972
13281
12150
11831
10292
9807
10914
7912
12307
11950
12997
8099
13188
13488
12925
10295
13548
13442
13304
10016
7534
13321
13337
10776
9967
11196
10648
7288
11900
13122
13239
10442
13171
13428
13552
10008
13504
13205
13295
9795
9790
13421
13626
11539
11055
10292
10635
7202
12158
13313
12361
8602
13334
13400
13034
11518
13252
13636
13115
9946
9826
13538
13796
10318
9188
5966
10716
6962
12417
13057
13131
6184
12782
13402
11888
10919
12827
13232
13439
9245
9795
13150
13167
10424
9475
11372
11116
7689
11932
13278
13082
7831
12693
13453
13090
10501
13304
13105
12865
10464
11482
13815
13150
10844
10071
10512
10333
8303
11913
13326
13027
6352
13125
13413
13087
11005
13670
13368
13258
9242
9118
13871
13574
9795
9453
10725
10246
8289
11772
13164
12154
8775
13132
13668
13216
10453
13441
12553
13123
10102
10408
13980
12878
10279
8753
11599
10348
8092
12046
12612
11872
8237
12795
13427
13791
10752
13555
12926
13580
10035
5008
13611
13219
10042
10433
10763
11194
8318
11975
12932
12673
8767
12978
13466
13720
10989
13574
13603
13146
9966
11190
13988
13314
10404
10718
10794
10663
9179
11765
13593
13244
5373
13049
13119
13643
10785
13387
13381
13383
9841
10702
13696
12957
9977
10170
10230
10944
10241
11483
13038
12684
9166
13262
13126
12823
11229
14005
13927
13696
9809
9683
13902
13425
10880
8433
9832
10943
7927
12022
13412
12803
7979
13546
13266
12639
9665
13074
13950
13368
9489
8978
13913
13864
10571
8881
11099
10903
8672
12139
13060
11938
9932
13124
13370
13404
10549
13610
13797
13856
9294
10182
13860
13864
9889
10882
8823
10950
8740
11544
13165
12661
8894
12644
13560
13011
11753
13527
14081
12722
9478
10028
13680
13986
11549
9736
11444
10879
5522
12011
12895
12778
9054
12574
13740
13340
9889
13041
13141
13367
9516
8385
14066
13684
10754
9473
9129
10780
8177
12089
13403
13413
8448
12219
13281
12484
11008
13464
13811
13288
10117
9104
13823
13794
10004
10146
11181
9740
6927
12033
13112
13044
5232
13347
13228
13558
10614
13646
13102
13467
9311
9262
13725
13584
10657
9998
8805
10694
7640
12405
13185
13495
8648
12765
13859
13486
10343
13631
13447
13429
9749
10919
14099
13389
12037
10090
11082
10755
7459
12078
13126
12492
9398
13396
13567
13227
10085
13728
12906
12858
10645
9733
13927
13536
11056
9648
11182
10961
8115
12123
13536
11964
8822
13063
13045
13159
9545
13542
13067
12691
10076
9949
13399
13756
9974
9722
11518
10775
8203
12588
13417
12820
9461
11688
12957
13468
10036
13570
13729
13492
9411
10763
13780
13681
11209
9331
10942
11263
9524
11340
13355
12847
8488
12696
13117
12959
10399
13615
13034
13619
10149
10852
13907
13663
11131
10757
11907
11223
8818
12212
13546
12479
9031
13352
13411
13434
9156
13706
12960
13442
9810
8930
13702
13573
11052
9986
10215
10852
9583
12049
13025
13452
8808
12696
13925
12991
11489
13553
13669
13545
9913
10040
13867
13139
11201
10269
11593
10823
9592
12148
13670
11556
9096
13034
13849
13523
10403
13618
13482
13428
10058
9611
13929
13628
12725
9578
8358
10888
8970
11945
13269
12597
8921
13551
13838
13173
9750
13762
12866
12972
10055
9793
14153
13835
11714
9726
12079
10951
9627
12117
13376
12600
9300
13340
13631
13077
10643
13926
13841
13391
10128
6115
13385
13673
11577
9661
11114
11328
8401
12468
12983
13057
6553
13513
12317
13562
9756
13462
12862
13146
9698
10043
13768
13492
9315
9605
11755
10839
7997
12161
12519
12832
8742
12987
13444
13035
11464
13749
13277
13661
8930
10253
13996
12950
10572
10167
11588
11154
8817
12156
12407
12555
8519
13513
13430
13183
10226
13240
12971
13378
9995
11117
13775
13641
10447
8785
11428
10877
8347
12236
12772
11599
8043
13280
13005
13735
11028
13871
13565
13463
9945
10476
13905
13593
10847
9313
11373
10974
8741
12051
12718
12697
8734
12967
13145
13272
9841
13962
13490
13869
10355
9698
13071
13225
10957
10556
11474
10966
8382
12160
12913
13312
8363
12163
11803
13447
10236
13193
13502
12924
10000
10543
13919
13622
12201
10109
11864
10865
9653
12071
13189
12640
9007
13595
12718
13148
9799
13339
13967
13082
10012
9946
13682
13664
11101
9781
10046
10888
8617
12576
13228
12817
9581
13406
13649
13261
10115
13732
13640
13055
9979
9740
14160
13787
11357
9107
10100
11061
7896
12114
13224
12721
8696
13311
13741
12629
10493
13654
13398
13462
10042
10545
13675
13422
12179
9191
9735
11062
8900
12151
13209
12374
8568
11977
13892
13360
10948
12733
13514
13190
10223
10894
13705
13712
12050
9544
9363
11146
9649
12193
13525
12381
8877
12358
13508
12732
9674
13578
13328
13423
10032
9566
13512
13567
10616
9564
9317
10817
7786
12020
12985
12812
9371
12263
13247
12972
9849
13149
12972
13308
10385
5933
13268
13359
9992
9280
9092
10890
9109
12155
12897
12224
8839
13150
13234
12615
9690
13591
13330
13590
10046
11130
13589
13708
11749
9764
7596
11015
8323
12121
13301
12139
9283
13793
13124
13093
11006
13311
13912
13164
10070
10005
13530
13922
11315
10027
8418
11124
7804
12103
13348
12797
8478
13600
12743
12684
11421
13439
12758
12654
9983
10851
13042
13405
10140
9708
10318
10993
9159
12235
13206
12809
9525
12234
13769
12987
9193
13257
13681
13254
9974
10699
13557
13494
11647
9752
9215
10072
9011
12177
12645
12868
9456
13362
13033
12446
10363
13093
13360
13433
9941
10347
13772
13800
11002
9670
10034
10924
8547
12198
13551
13985
6621
13170
13308
13359
9556
13332
12903
13022
9812
9476
13176
13308
11657
9579
8679
10965
9540
11961
13286
12810
9021
13176
13116
13105
9965
13361
13732
13392
9926
10933
13568
13965
10470
9519
10755
11114
8327
12112
12755
11907
8644
12890
13131
12816
10068
13760
13240
13411
9901
7199
13991
13171
11426
9879
10781
10899
8264
12172
12976
12735
7807
11969
12890
13313
8921
13544
13477
13103
9734
9082
13545
12684
9911
8494
9745
10725
8981
11693
12707
11768
8465
12883
12818
13181
9723
13394
13761
12808
9984
8993
13619
13127
9698
9402
11142
10946
8147
12189
12783
12240
9085
13162
12432
12796
9947
12938
12786
13350
10094
9787
13829
13408
10180
9319
10576
10987
8531
12097
13281
12412
4999
13083
13429
13219
9259
13411
12594
12586
10097
10479
13584
13176
10462
9726
10116
11236
9511
12127
13672
12010
9055
13310
13018
13013
8724
13579
13306
13326
10006
10280
13461
13604
10838
9151
8479
10723
6797
12208
13145
11497
9254
12979
13445
13188
9163
13281
12989
13108
10350
9471
13313
13570
10014
9730
9595
10980
7582
12226
12971
12728
8428
12659
13277
13161
9562
13274
13150
13502
9725
10039
13270
13425
10607
8656
10454
10933
8384
12100
12565
12624
8911
13574
13581
12602
9285
13593
13426
12924
8830
10040
13841
13318
11867
8871
9668
10926
9076
11669
12803
11984
8320
12680
13632
13075
9517
13494
13155
13179
9960
9737
13951
12945
10801
8584
11191
10574
7625
11843
12784
12210
8673
12986
13252
13153
9931
12965
12961
13070
10017
9651
13562
13920
10086
8694
11584
10906
8319
12141
12758
11932
8693
12098
12690
12980
9597
13647
13077
12712
9870
6580
13474
13224
10098
8734
11068
10949
8645
12023
13119
12659
8530
12804
12755
13134
10258
13596
13394
13302
10050
10181
13756
13903
10040
9849
11190
10915
8849
11992
12548
13095
5967
13279
12879
13638
10307
13641
13472
13199
10066
9346
13910
13476
12068
9538
9989
10993
8329
12223
13006
12398
8675
12975
13650
13199
9829
13140
13431
13344
10063
9878
13627
13578
11184
8894
10937
10913
9608
12122
12963
12754
8705
13319
13256
13354
9684
12792
13020
13340
9917
10196
13585
13935
12729
9122
10924
10975
9368
12131
12759
12322
8879
13208
12837
13372
9144
13455
13354
13363
9994
10293
13745
13998
12272
9533
10854
10907
9972
12235
13324
12684
9191
13286
13149
13158
10550
13763
13582
13329
10552
9068
13709
13705
11290
9610
10065
10885
4815
12473
13072
13368
8703
13090
13530
12833
10091
13320
13920
13417
10007
9984
14020
13494
11235
9705
11064
10924
10350
12131
13018
12742
9179
12957
13726
13268
10838
13666
13543
13730
9911
9123
13860
13338
11471
9874
10771
10904
8794
11984
13242
13102
9348
12767
13696
12847
10215
13541
12582
13277
9875
9939
14039
12704
10188
9273
10989
11062
9304
12032
12918
12229
9031
13807
13478
13113
10521
13193
13239
13763
10306
11281
13490
13214
10982
10224
11835
10693
8824
12554
13151
12597
8431
12485
13753
12239
10337
13247
12913
13775
10364
10061
13988
13600
10162
9441
9255
11140
8926
12140
13497
13082
6691
12819
13275
13396
10527
13238
12956
13769
10035
9556
13548
13920
11192
9853
9812
10797
9211
12011
12957
13109
8939
12994
13561
13499
11543
13633
13436
13609
9986
10200
14031
13911
10619
9236
10335
11223
8221
12252
13547
13114
9459
12846
13552
13675
10063
13752
13469
13517
9893
9481
13929
13711
10991
10140
9519
10882
9523
11763
13310
12831
8950
12926
13704
13136
10229
13544
13187
13191
9830
9353
13847
13998
10161
9387
9619
10914
7141
12184
13140
13293
8977
11482
13332
12512
10340
13858
13041
12974
10032
8897
13950
13818
10711
9427
8276
10926
7863
12175
13163
11791
8977
11953
12670
13608
9916
13528
13228
13628
9974
10497
14051
13299
10447
9239
9615
10493
5705
12177
12906
12839
9344
13327
13446
12599
9842
13386
13226
13304
9983
7422
13798
13543
10187
10206
10407
11045
8722
12224
13124
12926
9147
13451
13605
13408
9846
13238
13204
13900
9973
9403
13577
13528
10209
10744
9425
10941
8781
12125
13192
13031
9413
13581
13543
13677
9586
13926
13077
13132
10018
10461
13619
13905
10177
9408
11383
10915
8815
12444
11923
12331
9759
12987
13236
13485
10140
13645
13395
13103
9974
10106
13910
13882
10739
9797
10050
10986
8366
12041
13012
12169
8008
13712
13721
13726
9184
13832
13596
13549
10003
9832
13540
13766
10480
9322
9241
10610
9164
12236
12960
12638
5740
13592
13151
13064
10016
13831
13517
13339
10206
10163
14035
13526
10628
9156
9577
10922
9555
12257
13077
12195
8293
13680
12774
13882
9246
13645
12564
13561
10353
10198
13597
12998
11766
9184
10660
10804
8499
12003
12520
11985
7938
13209
13525
13552
9405
13572
13325
13375
9663
9807
14211
14036
11949
8388
10613
10906
8357
12188
13078
12819
8064
12834
13691
13206
10317
13661
13269
13660
9876
9441
13895
13655
11599
8977
9468
11155
8583
11770
13185
12465
7892
13661
13514
13472
9243
13603
13000
13065
9970
9867
13860
13376
9870
8739
8928
10880
7957
12197
12013
12338
7946
13136
13550
13835
9151
13789
13438
13406
10317
9025
13692
13582
11312
9296
9749
10747
8428
11746
12946
12385
8326
13730
13383
13214
10727
13719
13432
13458
9917
8996
13747
13323
11561
7964
8883
10829
8722
11649
12979
12624
5949
12792
13435
13427
10192
13788
12803
12771
10026
10171
13457
13690
10388
8520
10181
11022
8909
12114
13249
12624
5328
12356
13420
13354
9221
13547
13230
13250
9936
10053
13372
13455
11625
8869
10455
11239
9242
11510
13104
12059
3989
13303
13505
13542
10253
13802
13082
13152
9923
10515
13876
13460
12551
8624
10384
10095
8712
12369
12546
12387
8390
12543
13596
13498
9874
13538
13338
12892
10055
9738
13680
13721
10405
8703
11622
10574
9005
12248
12960
12615
9172
13153
13237
13509
10661
13241
13421
13336
9923
9940
13918
12938
11830
9684
10486
10520
8980
12604
13236
11802
7651
13838
12625
13525
9103
12957
13057
13112
9366
10152
13639
13518
11116
8775
11039
10399
10060
12072
13162
11783
4563
13307
12948
13179
9340
13412
13246
13623
9959
9897
13767
13666
10338
9180
9912
10903
5374
12220
13107
11984
8369
13797
13500
12899
8954
13601
13341
13288
10033
9863
13309
13466
10383
7996
9865
10881
7477
12146
13098
12332
8046
13401
13040
12012
9956
13679
13004
13006
9944
8366
13728
12244
9491
9393
9448
9993
8345
12052
12496
12355
8290
13081
13120
13304
8956
13509
13215
13081
10241
9678
13782
13403
10885
9768
9339
10947
7867
12213
12992
12383
8479
13055
13776
13195
9426
13048
12636
13142
9443
10137
13943
13553
9833
9185
9339
10976
8044
12180
13079
12640
8190
13370
13224
13400
10625
13467
12946
13618
10614
9425
13419
13571
10197
9289
9385
10855
8390
12271
12843
12386
6558
12902
13402
12963
10455
13381
13158
13239
9951
9717
14069
13874
10158
9549
9261
10858
8129
12262
13155
12443
8913
13708
13744
13248
8685
13668
13514
13329
9900
10341
13548
13544
10449
9217
8882
10959
8191
11628
13203
12657
8476
13019
13489
13221
9047
13584
12953
13550
9858
9890
13992
13938
11001
8962
10310
10954
8548
12210
12743
12543
8716
13682
12980
13257
10609
13356
13291
13089
9882
9708
13500
13763
10907
9619
10448
11494
8013
12223
12985
12229
5819
12869
13459
13255
10422
13378
13018
13291
9882
11040
13534
13579
11083
10591
9300
11114
8451
12257
13027
12819
8336
12828
13627
13202
10049
13604
13767
13292
9897
9885
14087
13765
10878
10234
10521
10869
8556
12190
13206
12877
8828
13565
13342
13196
9887
13659
13624
13143
9927
9814
13993
12975
11216
9738
10396
10734
8698
11755
13104
12190
8137
13822
13473
13443
9348
13611
13124
13568
9945
8380
14109
13055
10905
7965
10626
10914
8665
12105
13201
12352
8102
13400
13189
13463
10821
14041
13403
12970
9894
10207
13879
13468
10833
9664
9925
11010
9329
12260
12997
12811
8709
13161
13405
13682
10587
13666
13493
13517
9921
10235
13553
13669
11139
9886
11232
10961
8677
12119
13524
12471
8536
13220
13439
13351
10566
13256
13601
13676
10190
9669
13703
13567
11129
10236
10308
10904
9008
12192
13596
13038
8425
13201
13249
13144
11476
13646
13829
13050
10279
11047
13753
13874
12018
9472
9280
10927
9192
12206
12758
12921
8270
13701
13250
13758
10039
13563
13242
13889
9934
11102
13336
13661
12690
9092
