-27578.0
-27255.0
-32517.0
-26296.0
-31918.0
-28008.0
-28069.0
-32259.0
-21532.0
-16431.0
-27465.0
-20716.0
-17732.0
-25102.0
-28280.0
-24922.0
-20174.0
-14470.0
-25235.0
-35279.0
-25447.0
-15821.0
-25283.0
-27630.0
-23294.0
-26061.0
-22017.0
-21258.0
-19176.0
-17526.0
-26256.0
-26212.0
-24020.0
-21749.0
-17700.0
-18493.0
-25623.0
-26104.0
-22067.0
-18532.0
-17314.0
-20937.0
-16787.0
-23760.0
-16467.0
-21149.0
-19305.0
-32413.0
-14890.0
-32746.0
-33875.0
-14650.0
-21592.0
-25911.0
-26875.0
-25639.0
-27643.0
-28379.0
-24896.0
-26103.0
-24088.0
-25784.0
-18539.0
-21267.0
-25935.0
-21868.0
-15364.0
-20834.0
-25632.0
-26104.0
-31668.0
-17519.0
-13210.0
-23037.0
-27543.0
-27959.0
-23509.0
-17006.0
-34044.0
-17023.0
-26005.0
-24250.0
-23987.0
-14502.0
-16757.0
-14001.0
-12255.0
-25927.0
-21045.0
-17467.0
-11235.0
-14941.0
-17785.0
-20289.0
-17010.0
-13896.0
-23052.0
-15741.0
-14067.0
-19490.0
-22268.0
-21623.0
-25523.0
-16502.0
-18350.0
-22725.0
-26029.0
-25416.0
-15361.0
-19523.0
-17577.0
-17267.0
-17735.0
-16875.0
-19396.0
-19624.0
-15304.0
-16008.0
-30252.0
-20114.0
-29973.0
-17188.0
-12257.0
-33216.0
-22075.0
-24361.0
-15585.0
-18055.0
-26229.0
-21093.0
-21579.0
-24526.0
-27453.0
-14080.0
-10944.0
-15335.0
-21958.0
-22507.0
-16710.0
-18023.0
-21787.0
-13768.0
-17655.0
-21647.0
-15615.0
-12504.0
-21173.0
-14533.0
-13432.0
-16307.0
-15657.0
-17313.0
-22249.0
-13757.0
-18277.0
-21785.0
-26425.0
-17742.0
-15321.0
-15270.0
-19944.0
-20266.0
-11606.0
-17093.0
-22864.0
-19878.0
-14533.0
-17001.0
-12940.0
-19547.0
-23547.0
-15072.0
-21909.0
-23180.0
-14203.0
-23487.0
-20418.0
-13998.0
-20546.0
-15016.0
-21841.0
-17963.0
-23062.0
-19875.0
-8027.0
-16628.0
-22063.0
-14324.0
-12870.0
-15683.0
-12809.0
-15467.0
-16523.0
-20707.0
-11891.0
-12614.0
-17902.0
-15002.0
-13741.0
-19979.0
-15315.0
-15356.0
-24225.0
-10601.0
-11009.0
-16597.0
-30607.0
-17590.0
-18583.0
-15466.0
-16961.0
-20909.0
-18780.0
-19753.0
-13686.0
-10759.0
-16037.0
-15274.0
-18358.0
-20227.0
-15730.0
-10949.0
-18687.0
-16523.0
-17236.0
-17846.0
-18655.0
-7813.0
-20982.0
-15898.0
-24396.0
-18226.0
-20903.0
-10941.0
-9767.0
-15677.0
-17601.0
-16610.0
-6555.0
-15384.0
-8778.0
-11152.0
-16860.0
-15792.0
-13439.0
-8674.0
-17330.0
-17867.0
-11923.0
-22700.0
-15820.0
-16322.0
-29245.0
-21267.0
-22148.0
-13974.0
-16847.0
-14676.0
-17714.0
-14018.0
-27833.0
-9215.0
-11197.0
-13412.0
-12614.0
-25314.0
-8167.0
-11438.0
-20806.0
-18802.0
-13470.0
-15801.0
-16045.0
-9951.0
-12007.0
-11921.0
-16323.0
-15779.0
-16133.0
-15021.0
-11355.0
-17009.0
-22244.0
-12620.0
-11237.0
-10092.0
-16103.0
-14658.0
-10522.0
-13682.0
-14922.0
-11614.0
-12419.0
-9833.0
-7152.0
-9230.0
-16451.0
-13723.0
-12319.0
-18526.0
-14199.0
-15407.0
-22973.0
-13820.0
-14546.0
-7385.0
-12359.0
-20208.0
-9065.0
-5523.0
-14074.0
-11844.0
-9762.0
-11390.0
-12309.0
-19296.0
-7844.0
-13622.0
-15782.0
-15675.0
-12941.0
-11528.0
-7215.0
-9652.0
-9082.0
-17686.0
-14993.0
-9579.0
-17563.0
-15505.0
-11247.0
-13795.0
-12769.0
-7989.0
-9901.0
-8644.0
-16736.0
-9056.0
-9128.0
-9986.0
-7308.0
-9825.0
-7994.0
-15384.0
-10062.0
-10407.0
-14529.0
-13843.0
-12014.0
-12002.0
-12824.0
-11972.0
-20101.0
-7656.0
-12765.0
-10347.0
-14002.0
-6523.0
-7232.0
-9866.0
-11511.0
-7567.0
-16874.0
-9920.0
-9525.0
-16113.0
-13920.0
-4503.0
-16962.0
-19760.0
-9269.0
-6182.0
-10674.0
-15228.0
-7755.0
-9464.0
-10217.0
-9041.0
-13741.0
-12630.0
-12390.0
-20653.0
-10702.0
-11026.0
-14009.0
-8447.0
-20475.0
-9342.0
-8355.0
-20492.0
-15378.0
-8177.0
-7106.0
-14113.0
-9784.0
-10188.0
-13913.0
-12748.0
-10423.0
-10287.0
-9366.0
-6681.0
-21605.0
-12339.0
-8159.0
-9570.0
-7404.0
-8777.0
-10696.0
-7850.0
-12397.0
-9225.0
-10776.0
-9758.0
-7029.0
-21373.0
-7546.0
-6336.0
-13964.0
-12307.0
-8130.0
-8082.0
-14371.0
-10700.0
-7078.0
-8594.0
-7810.0
-6086.0
-8631.0
-8084.0
-8086.0
-18427.0
-22138.0
-8283.0
-6903.0
-9351.0
-10299.0
-7080.0
-8555.0
-6851.0
-6510.0
-6565.0
-11101.0
-15905.0
-5345.0
-6425.0
-12068.0
-11186.0
-9158.0
-9550.0
-8592.0
-9284.0
-24792.0
-7048.0
-8726.0
-6714.0
-7540.0
-6883.0
-11287.0
-6441.0
-8448.0
-7811.0
-6639.0
-6991.0
-9691.0
-12424.0
-10229.0
-5576.0
-10364.0
-7879.0
-6930.0
-12273.0
-13728.0
-10560.0
-8535.0
-5115.0
-8913.0
-5888.0
-12919.0
-10467.0
-8776.0
-12639.0
-8376.0
-4852.0
-6237.0
-6242.0
-7777.0
-7242.0
-5653.0
-10351.0
-8774.0
-6870.0
-5141.0
-14948.0
-4954.0
-5757.0
-14234.0
-10553.0
-6271.0
-12683.0
-14314.0
-10885.0
-14142.0
-8424.0
-5263.0
-6300.0
-10680.0
-6507.0
-6772.0
-9063.0
-7823.0
-7041.0
-4909.0
-5473.0
-9131.0
-10823.0
-5713.0
-9375.0
-10346.0
-8519.0
-9855.0
-9189.0
-9677.0
-6162.0
-6661.0
-7664.0
-7691.0
-6026.0
-13652.0
-5705.0
-13141.0
-16218.0
-9805.0
-7521.0
-7754.0
-4846.0
-5685.0
-12619.0
-6690.0
-7143.0
-8247.0
-5889.0
-6222.0
-10987.0
-7338.0
-6063.0
-7975.0
-11065.0
-5873.0
-6118.0
-11040.0
-10245.0
-11544.0
-6192.0
-5140.0
-5856.0
-7762.0
-6936.0
-5629.0
-5614.0
-7138.0
-4708.0
-5710.0
-6920.0
-9309.0
-8561.0
-5432.0
-4285.0
-8090.0
-6765.0
-5938.0
-7097.0
-13959.0
-6204.0
-5663.0
-5926.0
-7130.0
-5309.0
-12486.0
-6992.0
-7014.0
-9126.0
-8970.0
-5045.0
-4947.0
-6311.0
-5844.0
-6130.0
-5506.0
-5440.0
-4127.0
-4193.0
-7027.0
-7386.0
-4741.0
-4131.0
-6579.0
-5828.0
-4418.0
-5706.0
-7724.0
-10059.0
-10895.0
-4793.0
-5209.0
-4885.0
-7212.0
-5510.0
-4888.0
-3900.0
-6448.0
-5406.0
-4220.0
-5336.0
-6920.0
-9848.0
-4949.0
-4950.0
-8768.0
-10503.0
-6736.0
-5321.0
-5824.0
-7069.0
-5523.0
-6410.0
-6397.0
-4717.0
-6366.0
-7984.0
-6204.0
-7282.0
-7046.0
-5414.0
-4749.0
-5855.0
-7701.0
-5035.0
-5581.0
-5471.0
-5326.0
-4804.0
-5513.0
-6209.0
-5287.0
-4347.0
-5203.0
-6779.0
-4602.0
-7398.0
-5951.0
-7827.0
-8461.0
-4139.0
-4621.0
-5398.0
-7050.0
-5034.0
-10697.0
-7018.0
-7378.0
-5470.0
-5015.0
-5326.0
-7669.0
-9364.0
-4558.0
-5964.0
-8656.0
-6718.0
-5661.0
-6945.0
-10005.0
-9816.0
-6363.0
-6117.0
-7287.0
-4768.0
-8438.0
-5277.0
-9442.0
-9974.0
-8668.0
-7009.0
-5744.0
-4750.0
-14493.0
-4320.0
-3814.0
-5756.0
-5066.0
-4119.0
-4957.0
-10697.0
-4685.0
-5919.0
-5019.0
-7163.0
-4409.0
-9340.0
-4816.0
-4915.0
-18165.0
-4611.0
-6366.0
-4673.0
-9238.0
-4209.0
-4194.0
-4061.0
-5633.0
-5068.0
-5205.0
-5258.0
-5535.0
-7332.0
-3780.0
-5162.0
-4792.0
-6252.0
-6334.0
-5400.0
-6947.0
-4825.0
-5645.0
-5342.0
-5384.0
-4613.0
-7442.0
-4261.0
-6270.0
-7940.0
-5131.0
-5733.0
-3660.0
-4374.0
-5693.0
-5225.0
-4537.0
-4605.0
-4071.0
-4266.0
-4566.0
-5745.0
-4182.0
-3960.0
-5950.0
-5003.0
-4003.0
-5507.0
-4970.0
-5962.0
-8758.0
-4565.0
-4785.0
-4044.0
-6553.0
-4271.0
-4904.0
-4802.0
-4938.0
-3956.0
-4332.0
-4358.0
-5821.0
-7245.0
-4986.0
-4081.0
-8267.0
-5657.0
-5532.0
-5571.0
-5278.0
-4971.0
-5453.0
-4851.0
-5340.0
-4871.0
-6725.0
-4773.0
-5593.0
-7386.0
-5453.0
-4859.0
-3551.0
-5271.0
-7687.0
-4421.0
-3988.0
-4142.0
-4257.0
-3772.0
-5160.0
-4921.0
-4890.0
-4104.0
-4846.0
-5777.0
-4717.0
-6425.0
-5145.0
-5301.0
-7538.0
-3419.0
-4003.0
-4024.0
-7396.0
-4593.0
-5756.0
-4291.0
-8140.0
-4304.0
-5530.0
-4312.0
-4890.0
-5516.0
-4098.0
-4018.0
-6925.0
-5035.0
-4461.0
-4122.0
-4489.0
-6420.0
-4654.0
-4424.0
-4366.0
-3879.0
-4616.0
-4582.0
-8271.0
-6357.0
-5651.0
-4380.0
-5245.0
-4846.0
-4400.0
-4377.0
-3876.0
-4712.0
-3601.0
-3301.0
-3998.0
-5270.0
-4895.0
-3822.0
-5745.0
-5345.0
-4151.0
-4399.0
-4932.0
-5559.0
-6756.0
-4549.0
-5226.0
-4352.0
-4930.0
-4405.0
-4079.0
-4135.0
-5328.0
-3814.0
-3454.0
-6780.0
-5116.0
-6808.0
-5189.0
-4089.0
-4920.0
-5050.0
-5054.0
-4160.0
-4181.0
-5250.0
-3738.0
-4609.0
-4076.0
-3760.0
-5071.0
-5055.0
-5975.0
-5886.0
-4604.0
-4515.0
-3559.0
-3665.0
-5401.0
-4537.0
-4730.0
-3853.0
-3367.0
-3693.0
-3972.0
-5706.0
-3338.0
-3608.0
-5160.0
-6483.0
-3486.0
-6366.0
-6363.0
-6750.0
-6020.0
-4532.0
-3740.0
-3418.0
-5547.0
-4673.0
-5148.0
-4835.0
-4604.0
-3462.0
-3757.0
-4706.0
-4235.0
-6791.0
-3475.0
-3505.0
-3530.0
-4247.0
-5415.0
-3907.0
-4600.0
-4302.0
-5135.0
-4458.0
-4390.0
-3358.0
-5872.0
-4291.0
-5412.0
-5067.0
-3894.0
-5026.0
-4022.0
-3379.0
-4463.0
-3677.0
-3290.0
-3466.0
-4393.0
-3120.0
-5804.0
-4377.0
-3379.0
-4041.0
-4253.0
-4441.0
-3641.0
-4768.0
-4565.0
-5076.0
-8351.0
-4379.0
-4096.0
-3684.0
-5633.0
-3515.0
-3564.0
-4757.0
-6372.0
-3768.0
-3432.0
-3270.0
-4038.0
-6062.0
-4136.0
-3605.0
-4935.0
-4019.0
-4362.0
-4882.0
-3426.0
-5008.0
-4476.0
-4858.0
-6404.0
-4622.0
-6642.0
-3682.0
-6963.0
-4866.0
-4836.0
-3752.0
-3498.0
-3586.0
-6198.0
-4484.0
-3789.0
-4028.0
-3520.0
-3534.0
-4299.0
-5287.0
-3248.0
-3837.0
-4910.0
-4416.0
-3601.0
-3878.0
-4986.0
-3758.0
-5187.0
-4507.0
-4776.0
-4051.0
-5772.0
-5145.0
-3609.0
-3326.0
-4441.0
-3421.0
-3855.0
-3720.0
-5305.0
-5474.0
-2981.0
-3401.0
-8327.0
-4207.0
-5586.0
-3517.0
-4921.0
-5028.0
-3693.0
-4319.0
-5039.0
-3579.0
-5277.0
-4128.0
-4200.0
-4381.0
-4077.0
-3283.0
-3745.0
-3689.0
-4111.0
-3512.0
-3779.0
-3603.0
-3132.0
-4072.0
-3784.0
-5259.0
-3058.0
-3914.0
-4201.0
-4614.0
-3254.0
-5023.0
-3912.0
-3958.0
-4817.0
-4363.0
-3525.0
-3294.0
-4008.0
-3427.0
-3395.0
-3099.0
-3585.0
-3406.0
-3109.0
-3807.0
-3982.0
-5370.0
-3092.0
-3106.0
-4383.0
-4389.0
-4066.0
-3449.0
-3666.0
-4499.0
-3614.0
-3782.0
-3672.0
-3512.0
-3836.0
-4666.0
-4766.0
-3899.0
-4985.0
-3302.0
-3223.0
-3258.0
-4061.0
-3267.0
-3018.0
-4077.0
-3206.0
-3101.0
-3929.0
-5065.0
-3279.0
-3389.0
-3458.0
-3417.0
-2940.0
-4402.0
-4086.0
-3686.0
-5016.0
-3629.0
-3425.0
-3678.0
-4236.0
-3541.0
-3095.0
-3137.0
-4117.0
-2998.0
-4145.0
-3645.0
-5178.0
-4826.0
-3154.0
-3634.0
-3840.0
-6809.0
-5446.0
-3256.0
-3762.0
-3940.0
-4310.0
-4074.0
-5271.0
-4327.0
-4310.0
-3855.0
-4320.0
-3898.0
-6065.0
-3616.0
-3008.0
-2957.0
-4846.0
-3382.0
-3328.0
-3281.0
-3256.0
-3564.0
-3891.0
-3718.0
-3259.0
-2830.0
-3593.0
-3532.0
-3249.0
-3579.0
-4401.0
-3437.0
-4524.0
-3436.0
-3051.0
-3246.0
-4915.0
-3678.0
-2958.0
-3276.0
-3948.0
-2917.0
-3106.0
-3269.0
-3375.0
-3510.0
-3022.0
-3263.0
-3953.0
-3739.0
-4233.0
-3496.0
-3371.0
-3728.0
-4116.0
-4364.0
-3817.0
-3774.0
-3954.0
-3679.0
-5249.0
-4242.0
-3830.0
-3376.0
-3511.0
-3252.0
-3378.0
-3934.0
-3179.0
-3136.0
-2972.0
-3059.0
-3700.0
-4046.0
-3409.0
-3377.0
-4534.0
-3334.0
-3100.0
-3383.0
-3669.0
-3370.0
-4049.0
-3038.0
-2951.0
-3291.0
-4422.0
-3210.0
-2992.0
-3096.0
-3650.0
-2997.0
-3739.0
-3172.0
-4148.0
-4155.0
-2829.0
-2761.0
-3387.0
-4373.0
-3629.0
-2948.0
-3417.0
-4038.0
-3811.0
-4507.0
-3565.0
-3105.0
-4196.0
-3656.0
-4457.0
-4424.0
-3459.0
-3202.0
-2804.0
-2888.0
-3481.0
-4111.0
-2932.0
-3110.0
-3149.0
-2899.0
-3245.0
-3589.0
-3335.0
-2820.0
-4300.0
-3719.0
-3178.0
-3610.0
-4064.0
-3412.0
-4606.0
-3470.0
-2904.0
-4234.0
-4942.0
-2972.0
-3171.0
-3318.0
-4488.0
-3391.0
-3241.0
-2925.0
-3500.0
-6258.0
-3217.0
-3152.0
-3732.0
-3999.0
-3875.0
-2887.0
-3378.0
-4687.0
-3077.0
-4222.0
-3327.0
-3478.0
-3697.0
-3848.0
-4537.0
-3666.0
-3380.0
-3530.0
-2883.0
-3247.0
-3451.0
-3457.0
-3245.0
-3107.0
-3025.0
-2709.0
-3822.0
-3931.0
-2766.0
-3047.0
-5067.0
-3476.0
-3320.0
-3131.0
-4197.0
-3322.0
-4854.0
-3034.0
-3058.0
-2863.0
-5219.0
-3376.0
-2967.0
-3164.0
-3902.0
-2709.0
-2988.0
-2834.0
-3264.0
-4287.0
-3183.0
-3229.0
-3357.0
-3756.0
-4154.0
-2908.0
-3073.0
-4001.0
-3528.0
-3267.0
-3639.0
-3254.0
-4882.0
-3953.0
-4444.0
-3883.0
-3856.0
-2927.0
-2906.0
-2790.0
-3959.0
-3160.0
-2920.0
-3272.0
-3103.0
-2840.0
-3296.0
-3610.0
-3332.0
-3054.0
-3328.0
-3168.0
-3725.0
-3163.0
-3712.0
-3465.0
-4082.0
-3044.0
-2896.0
-3139.0
-4278.0
-3229.0
-3518.0
-3214.0
-3229.0
-3067.0
-2816.0
-2941.0
-3070.0
-5390.0
-4349.0
-2942.0
-3500.0
-4428.0
-3535.0
-2967.0
-3551.0
-4151.0
-3366.0
-3703.0
-3166.0
-3329.0
-4741.0
-3656.0
-4620.0
-3437.0
-3966.0
-3012.0
-2841.0
-3247.0
-4007.0
-3470.0
-3135.0
-3745.0
-3060.0
-3152.0
-3390.0
-3308.0
-2962.0
-2793.0
-4014.0
-3278.0
-2813.0
-3580.0
-3563.0
-3047.0
-4838.0
-3111.0
-3135.0
-3171.0
-4387.0
-3621.0
-3799.0
-3160.0
-5226.0
-3072.0
-3095.0
-2984.0
-3327.0
-5164.0
-3898.0
-2987.0
-3628.0
-3976.0
-3237.0
-2986.0
-3661.0
-3541.0
-3241.0
-3675.0
-4350.0
-3119.0
-3624.0
-3520.0
-3882.0
-4027.0
-3344.0
-3429.0
-3412.0
-2837.0
-5394.0
-4115.0
-2944.0
-2919.0
-3154.0
-2977.0
-3291.0
-3697.0
-2356.0
-3654.0
-2486.0
-3524.0
-3642.0
-3236.0
-3670.0
-3094.0
-4483.0
-2762.0
-2853.0
-3030.0
-6008.0
-2956.0
-3489.0
-2988.0
-4115.0
-3109.0
-3001.0
-2713.0
-3555.0
-4350.0
-2839.0
-2776.0
-3654.0
-3865.0
-3677.0
-2785.0
-3103.0
-3638.0
-3584.0
-3707.0
-3294.0
-3274.0
-4015.0
-3594.0
-4678.0
-4339.0
-3605.0
-2803.0
-1835.0
-2782.0
-3031.0
-3169.0
-3438.0
-2772.0
-2723.0
-2688.0
-3173.0
-3742.0
-2604.0
-3335.0
-2817.0
-3850.0
-3849.0
-3469.0
-4206.0
-3073.0
-6442.0
-3125.0
-2983.0
-2995.0
-4703.0
-2727.0
-3138.0
-2966.0
-3217.0
-3471.0
-2485.0
-5142.0
-3560.0
-4442.0
-3063.0
-3636.0
-3219.0
-3647.0
-3543.0
-2867.0
-3187.0
-4613.0
-3092.0
-3441.0
-3784.0
-2854.0
-3638.0
-3605.0
-4621.0
-3761.0
-3506.0
-2930.0
-3454.0
-2783.0
-3248.0
-3661.0
-2212.0
-2846.0
-2794.0
-2303.0
-3013.0
-4202.0
-3213.0
-2918.0
-3143.0
-3718.0
-3567.0
-4035.0
-4240.0
-3428.0
-3869.0
-4080.0
-3151.0
-3792.0
-4163.0
-3157.0
-2714.0
-2729.0
-3796.0
-2729.0
-2765.0
-2868.0
-4275.0
-3523.0
-2650.0
-3383.0
-3095.0
-3796.0
-3366.0
-3422.0
-2909.0
-4964.0
-3684.0
-3874.0
-3912.0
-2914.0
-3641.0
-3105.0
-3658.0
-3418.0
-3696.0
-3163.0
-3647.0
-3094.0
-3224.0
-3424.0
-2766.0
-2982.0
-2734.0
-2930.0
-3722.0
-3831.0
-2656.0
-2903.0
-3100.0
-3520.0
-3061.0
-3141.0
-3138.0
-3186.0
-3837.0
-3897.0
-2782.0
-3690.0
-4424.0
-3193.0
-2966.0
-2742.0
-3913.0
-2901.0
-2879.0
-2858.0
-3008.0
-3606.0
-2828.0
-2667.0
-3232.0
-3676.0
-3302.0
-2863.0
-3068.0
-4385.0
-3281.0
-3704.0
-3377.0
-2974.0
-3552.0
-3152.0
-3917.0
-3391.0
-3249.0
-3166.0
-2770.0
-3055.0
-3905.0
-3088.0
-2956.0
-2880.0
-2984.0
-2566.0
-3218.0
-4251.0
-2766.0
-2989.0
-3514.0
-3327.0
-3119.0
-3698.0
-3006.0
-3222.0
-3894.0
-3269.0
-2799.0
-2816.0
-3957.0
-2993.0
-2929.0
-2936.0
-3034.0
-2768.0
-2991.0
-2652.0
-3337.0
-3493.0
-3162.0
-2685.0
-3085.0
-3170.0
-3682.0
-2438.0
-3052.0
-3033.0
-3003.0
-3306.0
-3130.0
-2680.0
-3622.0
-3294.0
-4501.0
-3025.0
-3052.0
-2705.0
-3242.0
-2729.0
-3332.0
-3795.0
-2901.0
-2724.0
-2703.0
-2764.0
-3007.0
-3768.0
-2619.0
-2947.0
-3200.0
-3025.0
-2138.0
-2982.0
-2876.0
-3069.0
-4468.0
-3131.0
-2971.0
-2634.0
-3716.0
-3878.0
-2670.0
-2887.0
-3515.0
-2704.0
-3488.0
-2412.0
-3191.0
-3651.0
-2754.0
-2722.0
-3783.0
-3423.0
-3254.0
-3209.0
-3015.0
-3664.0
-3085.0
-3257.0
-3706.0
-3367.0
-3480.0
-3566.0
-4398.0
-3372.0
-3413.0
-2876.0
-2866.0
-2856.0
-3481.0
-3119.0
-3198.0
-2791.0
-2699.0
-2542.0
-2992.0
-3235.0
-2878.0
-2713.0
-3120.0
-3464.0
-2669.0
-2798.0
-2897.0
-2901.0
-3851.0
-2646.0
-2933.0
-2581.0
-4180.0
-2767.0
-3058.0
-2642.0
-3239.0
-2596.0
-3699.0
-2791.0
-3026.0
-3621.0
-2576.0
-2597.0
-3142.0
-3357.0
-3302.0
-2727.0
-2700.0
-4704.0
-3032.0
-3232.0
-3540.0
-2834.0
-3511.0
-2845.0
-4120.0
-3689.0
-3243.0
-2814.0
-2801.0
-2784.0
-3006.0
-3024.0
-3054.0
-3622.0
-2808.0
-2810.0
-3010.0
-3388.0
-2648.0
-2853.0
-3106.0
-2826.0
-3432.0
-2926.0
-2889.0
-2915.0
-3173.0
-2823.0
-2890.0
-3092.0
-4218.0
-2963.0
-2836.0
-3016.0
-2966.0
-2641.0
-2683.0
-2593.0
-2770.0
-4369.0
-2560.0
-2674.0
-2816.0
-3337.0
-3581.0
-2745.0
-2976.0
-3553.0
-3351.0
-2974.0
-3122.0
-2862.0
-4331.0
-3080.0
-4012.0
-3661.0
-2873.0
-2899.0
-2706.0
-2678.0
-2957.0
-3105.0
-2944.0
-2876.0
-2773.0
-2745.0
-3135.0
-3182.0
-3018.0
-2609.0
-3175.0
-3122.0
-2047.0
-3046.0
-3431.0
-3014.0
-3724.0
-3003.0
-2756.0
-2723.0
-4810.0
-2657.0
-2618.0
-2708.0
-3087.0
-2483.0
-2605.0
-2064.0
-2844.0
-3982.0
-2818.0
-2635.0
-3009.0
-3357.0
-3334.0
-2699.0
-2897.0
-3386.0
-2456.0
-2798.0
-3249.0
-2921.0
-3533.0
-2909.0
-4039.0
-3220.0
-3256.0
-2801.0
-2150.0
-2672.0
-3007.0
-3865.0
-2915.0
-2770.0
-3233.0
-2005.0
-3325.0
-4647.0
-2826.0
-4812.0
-3211.0
-3877.0
-3260.0
-3598.0
-3238.0
-2718.0
-3654.0
-2958.0
-2681.0
-3350.0
-4135.0
-2718.0
-3362.0
-3749.0
-3089.0
-2809.0
-2554.0
-3545.0
-3077.0
-3683.0
-2534.0
-2572.0
-3796.0
-2992.0
-3333.0
-2798.0
-2721.0
-3266.0
-2814.0
-2859.0
-3658.0
-3338.0
-3510.0
-2747.0
-3770.0
-3771.0
-2911.0
-2826.0
-2814.0
-2851.0
-3177.0
-2899.0
-3373.0
-2656.0
-3289.0
-2802.0
-3069.0
-3364.0
-2588.0
-2721.0
-3007.0
-3072.0
-2393.0
-3130.0
-3108.0
-2806.0
-3729.0
-2787.0
-2687.0
-2631.0
-3671.0
-2703.0
-3037.0
-2683.0
-3241.0
-2910.0
-2555.0
-2862.0
-3100.0
-3641.0
-2546.0
-2516.0
-2771.0
-3221.0
-3094.0
-2850.0
-3063.0
-3653.0
-3049.0
-3394.0
-3063.0
-3064.0
-5088.0
-2885.0
-3606.0
-3515.0
-3335.0
-2684.0
-2688.0
-2630.0
-3077.0
-3087.0
-2626.0
-3108.0
-3290.0
-1798.0
-3016.0
-3857.0
-2685.0
-2423.0
-3135.0
-2882.0
-2564.0
-2915.0
-3073.0
-2841.0
-3467.0
-2663.0
-2786.0
-3178.0
-3954.0
-2726.0
-2544.0
-2896.0
-3115.0
-2561.0
-2614.0
-2823.0
-2828.0
-3572.0
-2590.0
-2558.0
-3064.0
-3119.0
-3600.0
-2707.0
-2775.0
-3442.0
-4032.0
-3477.0
-3282.0
-3261.0
-3577.0
-2969.0
-4333.0
-4190.0
-4138.0
-3538.0
-1833.0
-2697.0
-2939.0
-3821.0
-3033.0
-2800.0
-2729.0
-1683.0
-3176.0
-3028.0
-2650.0
-1899.0
-3154.0
-2993.0
-3298.0
-3473.0
-3925.0
-3022.0
-3391.0
-2930.0
-2931.0
-2755.0
-4429.0
-3482.0
-3163.0
-2796.0
-2827.0
-2898.0
-2558.0
-2431.0
-3029.0
-3603.0
-2555.0
-2954.0
-2953.0
-3214.0
-3378.0
-2852.0
-2867.0
-4497.0
-2825.0
-4141.0
-3492.0
-2907.0
-3695.0
-3641.0
-3889.0
-4024.0
-3007.0
-2898.0
-2698.0
-2729.0
-2999.0
-3003.0
-2922.0
-3109.0
-2728.0
-2727.0
-3013.0
-2940.0
-2853.0
-3426.0
-3704.0
-2764.0
-3011.0
-3227.0
-2964.0
-2732.0
-3571.0
-2839.0
-3004.0
-2776.0
-3835.0
-2941.0
-3461.0
-3412.0
-3473.0
-3034.0
-2906.0
-2798.0
-3443.0
-4965.0
-3130.0
-3139.0
-2839.0
-3863.0
-3726.0
-3207.0
-3418.0
-3777.0
-3601.0
-3911.0
-3069.0
-2920.0
-3173.0
-2923.0
-3620.0
-3405.0
-2960.0
-2927.0
-3146.0
-2689.0
-4820.0
-4607.0
-2887.0
-2711.0
-2785.0
-2044.0
-3132.0
-3337.0
-2964.0
-1980.0
-3383.0
-2852.0
-3651.0
-3207.0
-3596.0
-3459.0
-4536.0
-2927.0
-2698.0
-2713.0
-3765.0
-3040.0
-2568.0
-2724.0
-3788.0
-2574.0
-2571.0
-2652.0
-3052.0
-3280.0
-2541.0
-2662.0
-3005.0
-2968.0
-3216.0
-2566.0
-2912.0
-4551.0
-2757.0
-3173.0
-3257.0
-3117.0
-3585.0
-3068.0
-4375.0
-3148.0
-3168.0
-2834.0
-2922.0
-2833.0
-3011.0
-3414.0
-2851.0
-2801.0
-2971.0
-2646.0
-3508.0
-3842.0
-1933.0
-2887.0
-3015.0
-2842.0
-2973.0
-3542.0
-3145.0
-2970.0
-3827.0
-3103.0
-2496.0
-2632.0
-4121.0
-2997.0
-2983.0
-2802.0
-3653.0
-2736.0
-2608.0
-2538.0
-3004.0
-3372.0
-1901.0
-2497.0
-3105.0
-3045.0
-3177.0
-2611.0
-3093.0
-3739.0
-3077.0
-2784.0
-3146.0
-2688.0
-3536.0
-2805.0
-3561.0
-2961.0
-2939.0
-2681.0
-2485.0
-2530.0
-3163.0
-2981.0
-2920.0
-2592.0
-2266.0
-2563.0
-2995.0
-3185.0
-2634.0
-2602.0
-2842.0
-2713.0
-2989.0
-2761.0
-3694.0
-2972.0
-3505.0
-2878.0
-2629.0
-2734.0
-3543.0
-2741.0
-2511.0
-2675.0
-3511.0
-2764.0
-2059.0
-2704.0
-3789.0
-3507.0
-2876.0
-2584.0
-3324.0
-3100.0
-3344.0
-2933.0
-3572.0
-3574.0
-2809.0
-2907.0
-3478.0
-3058.0
-3446.0
-3104.0
-4017.0
-3529.0
-3291.0
-2772.0
-1218.0
-3088.0
-3011.0
-3572.0
-2778.0
-3035.0
-2585.0
-5174.0
-3057.0
-3474.0
-2713.0
-2553.0
-2777.0
-3903.0
-2582.0
-3915.0
-3029.0
-2949.0
-3644.0
-2616.0
-2648.0
-2709.0
-4036.0
-2676.0
-2542.0
-2557.0
-3211.0
-2526.0
-2524.0
-2897.0
-2795.0
-3628.0
-2569.0
-3004.0
-3004.0
-2988.0
-3476.0
-2558.0
-2681.0
-2906.0
-5893.0
-3489.0
-2930.0
-2660.0
-2960.0
-2672.0
-4537.0
-2969.0
-2913.0
-2856.0
-2796.0
-2743.0
-3238.0
-3169.0
-2713.0
-2980.0
-2677.0
-3972.0
-2835.0
-2933.0
-2597.0
-2606.0
-2735.0
-2676.0
-2538.0
-2985.0
-2993.0
-2756.0
-3570.0
-2869.0
-2706.0
-2642.0
-3859.0
-2740.0
-2653.0
-2654.0
-3234.0
-2596.0
-2416.0
-2494.0
-3021.0
-3075.0
-2518.0
-3242.0
-2593.0
-3093.0
-3893.0
-2638.0
-2551.0
-4495.0
-2925.0
-3169.0
-3292.0
-2648.0
-3246.0
-3833.0
-4383.0
-3441.0
-2963.0
-3176.0
-2928.0
-2745.0
-3433.0
-2917.0
-3374.0
-2718.0
-2633.0
-2766.0
-2933.0
-4227.0
-2814.0
-2589.0
-2968.0
-2892.0
-2082.0
-3001.0
-2744.0
-2888.0
-3446.0
-2611.0
-1930.0
-2689.0
-3433.0
-2568.0
-3123.0
-2717.0
-2877.0
-2959.0
-3108.0
-2501.0
-3074.0
-2855.0
-2662.0
-2651.0
-2734.0
-3103.0
-3507.0
-2683.0
-2678.0
-3803.0
-2950.0
-3291.0
-2963.0
-2902.0
-3316.0
-2919.0
-3766.0
-3191.0
-2926.0
-2859.0
-2602.0
-2677.0
-2821.0
-3035.0
-2927.0
-2859.0
-2637.0
-2618.0
-3441.0
-3575.0
-2728.0
-2972.0
-2992.0
-2846.0
-3111.0
-2940.0
-3309.0
-3135.0
-4095.0
-2849.0
-1649.0
-2737.0
-3771.0
-3052.0
-2554.0
-2665.0
-3540.0
-2509.0
-2663.0
-2548.0
-2846.0
-3132.0
-2652.0
-2804.0
-2961.0
-3159.0
-3466.0
-2561.0
-2707.0
-3806.0
-2732.0
-3276.0
-3103.0
-2776.0
-3494.0
-2748.0
-3956.0
-3462.0
-3026.0
-2821.0
-2282.0
-2953.0
-3305.0
-3576.0
-3301.0
-3401.0
-2952.0
-2344.0
-2924.0
-2898.0
-2270.0
-2845.0
-3214.0
-3379.0
-2758.0
-3275.0
-2981.0
-2818.0
-3139.0
-2731.0
-2874.0
-2608.0
-4274.0
-2828.0
-2012.0
-2646.0
-2776.0
-2598.0
-2820.0
-3216.0
-3029.0
-3342.0
-2582.0
-1652.0
-3034.0
-3191.0
-3868.0
-2514.0
-3684.0
-3206.0
-2975.0
-2715.0
-3470.0
-2707.0
-3843.0
-3089.0
-4920.0
-3209.0
-3541.0
-3668.0
-1127.0
-2691.0
-3551.0
-3215.0
-2842.0
-3437.0
-2169.0
-2291.0
-3062.0
-3938.0
-2721.0
-2710.0
-3332.0
-2683.0
-2773.0
-3473.0
-3018.0
-3035.0
-3504.0
-3025.0
-2558.0
-2722.0
-4900.0
-3040.0
-2786.0
-2786.0
-3134.0
-2571.0
-2518.0
-2554.0
-2834.0
-3890.0
-2543.0
-2866.0
-2890.0
-3138.0
-3816.0
-2718.0
-2796.0
-3515.0
-2612.0
-3097.0
-3255.0
-3014.0
-3314.0
-2884.0
-4429.0
-3213.0
-3251.0
-3307.0
-2781.0
-3014.0
-3386.0
-3218.0
-3991.0
-2677.0
-3042.0
-2609.0
-3276.0
-3681.0
-2774.0
-2855.0
-2879.0
-3322.0
-2347.0
-2938.0
-2850.0
-2787.0
-3156.0
-3052.0
-2560.0
-2756.0
-3575.0
-2779.0
-2560.0
-2601.0
-2944.0
-2827.0
-2890.0
-2570.0
-2749.0
-2928.0
-2660.0
-2051.0
-3126.0
-3426.0
-3569.0
-2666.0
-2798.0
-3360.0
-2711.0
-2823.0
-3488.0
-2821.0
-3237.0
-4909.0
-3608.0
-3198.0
-3147.0
-2688.0
-2875.0
-2529.0
-3847.0
-4005.0
-2665.0
-2631.0
-3061.0
-2663.0
-3125.0
-3532.0
-2645.0
-2448.0
-3313.0
-2911.0
-2781.0
-3052.0
-2774.0
-3273.0
-3112.0
-2673.0
-2600.0
-2708.0
-4042.0
-2705.0
-3031.0
-2681.0
-2971.0
-2891.0
-1841.0
-1813.0
-2917.0
-3255.0
-2631.0
-2497.0
-2659.0
-2940.0
-3169.0
-2627.0
-2753.0
-3009.0
-2755.0
-2800.0
-3204.0
-2872.0
-3108.0
-2797.0
-4011.0
-2836.0
-2887.0
-2852.0
-2523.0
-2724.0
-2809.0
-2977.0
-2963.0
-2479.0
-2511.0
-3078.0
-2714.0
-3078.0
-2534.0
-3051.0
-4195.0
-2681.0
-2768.0
-2792.0
-2891.0
-2735.0
-3006.0
-2601.0
-2450.0
-2607.0
-3801.0
-2618.0
-2486.0
-2621.0
-2979.0
-3893.0
-2691.0
-2500.0
-3007.0
-2978.0
-2793.0
-2586.0
-3261.0
-3023.0
-3614.0
-3208.0
-2764.0
-4681.0
-2964.0
-3324.0
-2944.0
-3476.0
-3217.0
-3649.0
-3575.0
-3157.0
-4259.0
-3162.0
-2584.0
-2823.0
-2860.0
-2857.0
-2872.0
-2694.0
-2506.0
-2692.0
-3420.0
-2753.0
-2502.0
-2490.0
-2930.0
-2771.0
-2588.0
-2679.0
-3186.0
-2724.0
-3398.0
-2697.0
-2832.0
-2725.0
-4621.0
-2670.0
-2008.0
-2608.0
-2770.0
-2520.0
-2499.0
-2511.0
-3473.0
-3064.0
-1830.0
-2876.0
-2727.0
-3085.0
-3343.0
-2766.0
-2701.0
-3100.0
-2720.0
-3035.0
-3547.0
-2856.0
-3214.0
-2779.0
-3625.0
-2906.0
-3338.0
-2716.0
-2788.0
-2628.0
-3039.0
-3561.0
-2636.0
-2701.0
-2975.0
-2175.0
-3007.0
-3067.0
-2656.0
-2284.0
-3104.0
-2890.0
-2753.0
-2998.0
-3209.0
-3055.0
-3112.0
-3379.0
-2533.0
-2757.0
-3553.0
-2972.0
-2366.0
-2644.0
-2668.0
-2788.0
-2596.0
-2805.0
-2898.0
-3364.0
-2592.0
-2716.0
-2822.0
-3596.0
-3163.0
-2762.0
-2969.0
-4094.0
-3231.0
-2818.0
-3584.0
-2695.0
-3367.0
-2746.0
-4917.0
-2993.0
-2839.0
-3438.0
-3013.0
-3027.0
-2997.0
-3352.0
-2730.0
-2581.0
-2622.0
-1519.0
-2767.0
-4105.0
-2530.0
-3458.0
-2918.0
-2705.0
-2798.0
-2970.0
-3199.0
-2678.0
-3543.0
-2837.0
-2572.0
-2581.0
-5882.0
-2577.0
-2524.0
-2616.0
-3108.0
-2949.0
-2718.0
-2772.0
-3002.0
-2818.0
-2663.0
-2534.0
-2943.0
-3087.0
-3313.0
-2776.0
-2960.0
-2808.0
-2862.0
-3317.0
-3196.0
-2684.0
-3298.0
-2771.0
-3956.0
-2726.0
-3137.0
-2642.0
-2569.0
-2791.0
-2802.0
-3309.0
-2779.0
-2653.0
-3064.0
-1569.0
-3600.0
-2862.0
-2621.0
-2530.0
-2885.0
-2794.0
-3332.0
-2995.0
-3646.0
-2779.0
-3347.0
-2711.0
-2646.0
-2665.0
-4422.0
-2557.0
-2612.0
-2633.0
-2719.0
-2673.0
-2501.0
-2442.0
-2869.0
-3019.0
-2520.0
-2715.0
-2791.0
-3127.0
-3865.0
-2652.0
-2700.0
-3386.0
-2836.0
-2618.0
-3309.0
-2594.0
-3693.0
-2702.0
-3530.0
-3525.0
-3026.0
-2674.0
-2596.0
-2570.0
-2677.0
-2803.0
-2711.0
-2625.0
-2691.0
-2089.0
-3055.0
-2827.0
-2617.0
-3881.0
-3254.0
-4601.0
-2224.0
-3370.0
-2986.0
-2895.0
-4143.0
-2676.0
-2596.0
-2643.0
-4030.0
-2645.0
-2629.0
-2699.0
-2652.0
-2637.0
-3020.0
-2609.0
-2984.0
-3177.0
-2455.0
-2572.0
-2950.0
-2965.0
-3479.0
-2608.0
-2687.0
-2929.0
-2799.0
-2764.0
-2929.0
-2747.0
-3452.0
-2805.0
-4241.0
-3385.0
-3239.0
-2652.0
-3247.0
-2567.0
-2742.0
-2963.0
-2721.0
-2116.0
-2646.0
-2669.0
-2965.0
-3466.0
-3007.0
-2545.0
-2888.0
-2689.0
-2108.0
-2969.0
-3080.0
-2790.0
-4237.0
-2730.0
-2856.0
-3699.0
-4300.0
-3057.0
-2763.0
-2650.0
-2738.0
-2902.0
-2583.0
-1464.0
-3421.0
-2797.0
-2597.0
-2713.0
-3157.0
-2987.0
-3065.0
-2568.0
-2925.0
-3258.0
-2822.0
-3617.0
-3646.0
-3360.0
-3825.0
-2817.0
-3849.0
-2945.0
-3400.0
-2601.0
-2241.0
-2598.0
-2705.0
-2872.0
-2958.0
-2965.0
-3254.0
-1258.0
-3491.0
-2763.0
-2666.0
-2620.0
-3265.0
-2936.0
-1472.0
-3025.0
-2776.0
-2701.0
-3522.0
-2677.0
-2613.0
-2682.0
-3335.0
-2614.0
-2655.0
-3357.0
-2813.0
-2632.0
-2589.0
-3116.0
-2928.0
-2896.0
-2594.0
-2755.0
-2730.0
-3204.0
-3743.0
-2682.0
-2809.0
-3284.0
-2763.0
-2804.0
-2868.0
-3032.0
-3362.0
-3332.0
-3555.0
-3357.0
-2866.0
-2757.0
-2584.0
-2501.0
-2844.0
-3012.0
-3462.0
-2589.0
-2796.0
-1326.0
-4098.0
-2961.0
-2479.0
-3458.0
-3846.0
-3339.0
-2728.0
-3044.0
-3199.0
-2958.0
-3243.0
-2704.0
-2458.0
-2770.0
-3800.0
-2815.0
-2572.0
-2920.0
-3922.0
-2690.0
-2427.0
-2930.0
-2743.0
-4016.0
-2599.0
-2632.0
-2950.0
-3031.0
-3824.0
-2779.0
-2827.0
-3354.0
-2679.0
-3437.0
-3927.0
-2615.0
-2880.0
-2805.0
-3473.0
-3241.0
-2905.0
-3534.0
-2760.0
-2643.0
-2811.0
-4270.0
-2778.0
-2868.0
-3212.0
-2802.0
-2832.0
-3175.0
-2630.0
-2691.0
-3327.0
-3232.0
-4476.0
-3095.0
-3251.0
-2906.0
-3492.0
-3066.0
-2855.0
-3792.0
-4098.0
-3416.0
-2755.0
-3119.0
-3219.0
-2935.0
-2675.0
-2726.0
-2875.0
-2969.0
-2546.0
-2760.0
-3314.0
-3263.0
-3365.0
-3052.0
-5218.0
-3419.0
-2903.0
-3200.0
-3126.0
-2834.0
-3221.0
-3058.0
-3453.0
-3177.0
-3853.0
-3643.0
-2576.0
-2739.0
-2726.0
-3008.0
-2780.0
-2888.0
-2764.0
-3731.0
-3219.0
-3110.0
-3603.0
-2589.0
-2882.0
-3711.0
-2669.0
-3443.0
-3294.0
-3001.0
-3285.0
-2689.0
-2715.0
-2732.0
-3584.0
-2978.0
-2599.0
-2599.0
-2915.0
-2487.0
-2806.0
-2571.0
-2809.0
-3878.0
-2578.0
-2667.0
-2886.0
-3186.0
-4377.0
-3148.0
-2773.0
-4043.0
-3200.0
-3618.0
-4261.0
-2845.0
-3486.0
-3295.0
-4667.0
-2872.0
-3058.0
-2857.0
-2622.0
-2857.0
-3052.0
-2960.0
-2763.0
-2816.0
-2873.0
-1381.0
-3069.0
-4165.0
-2670.0
-2619.0
-2816.0
-3030.0
-2785.0
-2954.0
-3042.0
-2933.0
-3480.0
-2935.0
-2865.0
-2723.0
-3681.0
-2569.0
-2672.0
-2473.0
-2830.0
-2563.0
-2790.0
-2564.0
-2913.0
-3357.0
-3517.0
-3082.0
-3084.0
-3045.0
-2895.0
-2888.0
-2782.0
-3026.0
-2893.0
-2557.0
-2925.0
-2522.0
-3202.0
-2863.0
-3675.0
-2861.0
-3196.0
-2831.0
-1704.0
-2363.0
-2976.0
-3083.0
-3803.0
-2671.0
-4248.0
-2546.0
-3236.0
-3503.0
-2768.0
-2929.0
-2965.0
-3428.0
-3105.0
-3408.0
-3475.0
-3117.0
-3585.0
-2633.0
-2822.0
-2965.0
-3775.0
-2764.0
-2877.0
-2523.0
-3148.0
-2776.0
-1298.0
-2769.0
-3040.0
-2806.0
-2358.0
-2603.0
-2913.0
-3514.0
-3537.0
-2539.0
-2886.0
-3238.0
-2757.0
-3092.0
-3134.0
-2625.0
-3175.0
-2810.0
-4121.0
-3263.0
-2819.0
-2994.0
-2449.0
-2638.0
-2944.0
-3238.0
-2913.0
-2852.0
-2656.0
-2584.0
-2900.0
-3020.0
-2585.0
-2833.0
-2966.0
-2635.0
-2671.0
-2883.0
-2857.0
-3024.0
-3651.0
-2832.0
-2520.0
-2678.0
-3594.0
-2766.0
-2578.0
-2759.0
-3302.0
-2664.0
-2582.0
-2615.0
-2754.0
-3300.0
-2581.0
-2507.0
-2856.0
-2881.0
-3243.0
-2302.0
-2671.0
-3561.0
-2535.0
-2664.0
-2760.0
-2726.0
-4103.0
-2861.0
-4113.0
-4625.0
-2879.0
-2943.0
-2841.0
-1881.0
-2588.0
-3338.0
-2734.0
-2732.0
-2509.0
-1948.0
-3232.0
-2990.0
-2542.0
-3566.0
-2805.0
-2663.0
-2508.0
-2875.0
-3252.0
-3550.0
-3701.0
-2763.0
-2585.0
-2740.0
-3512.0
-2895.0
-2886.0
-2783.0
-2953.0
-2600.0
-3227.0
-2586.0
-2967.0
-3816.0
-2543.0
-1816.0
-2996.0
-2864.0
-3139.0
-3380.0
-2739.0
-3390.0
-2867.0
-2827.0
-3336.0
-2579.0
-3364.0
-2895.0
-3407.0
-2830.0
-2906.0
-2635.0
-2612.0
-2690.0
-2901.0
-2845.0
-2747.0
-2731.0
-2889.0
-2558.0
-3248.0
-2864.0
-2746.0
-2536.0
-2976.0
-2729.0
-2262.0
-2855.0
-3106.0
-2633.0
-3197.0
-2642.0
-2706.0
-2673.0
-3642.0
-2635.0
-2620.0
-2519.0
-3059.0
-2651.0
-2584.0
-2701.0
-2974.0
-3265.0
-2568.0
-1346.0
-2912.0
-3190.0
-3154.0
-2620.0
-2847.0
-3304.0
-2937.0
-2878.0
-3762.0
-2597.0
-3149.0
-2798.0
-3714.0
-3240.0
-2824.0
-2954.0
-3298.0
-2726.0
-2724.0
-2911.0
-2636.0
-2718.0
-2551.0
-2544.0
-2935.0
-2702.0
-2779.0
-2630.0
-2987.0
-2681.0
-2543.0
-2875.0
-5347.0
-2739.0
-2909.0
-2540.0
-2936.0
-2659.0
-3016.0
-2693.0
-2549.0
-2587.0
-2922.0
-2459.0
-2613.0
-2590.0
-2716.0
-3000.0
-1451.0
-2420.0
-2743.0
-2986.0
-3114.0
-2159.0
-3137.0
-3358.0
-2906.0
-2649.0
-3048.0
-2570.0
-3424.0
-2671.0
-3331.0
-2648.0
-3096.0
-2716.0
-2529.0
-2823.0
-2711.0
-3076.0
-2773.0
-2584.0
-3205.0
-1275.0
-2900.0
-3491.0
-2533.0
-2797.0
-3164.0
-2644.0
-2641.0
-3515.0
-3273.0
-3599.0
-3540.0
-2880.0
-2397.0
-2727.0
-5189.0
-2934.0
-2610.0
-2764.0
-3840.0
-2680.0
-2533.0
-2285.0
-2826.0
-3158.0
-2747.0
-2510.0
-2820.0
-2960.0
-3257.0
-2677.0
-2757.0
-3334.0
-3220.0
-3069.0
-2815.0
-2761.0
-3194.0
-3208.0
-3618.0
-3315.0
-2805.0
-2948.0
-2166.0
-1484.0
-2803.0
-2994.0
-2897.0
-3304.0
-2642.0
-2722.0
-2944.0
-3304.0
-2626.0
-3294.0
-2791.0
-2860.0
-1441.0
-3080.0
-3000.0
-3017.0
-3980.0
-2786.0
-2709.0
-2889.0
-3883.0
-3169.0
-2609.0
-2707.0
-2934.0
-2542.0
-2758.0
-3607.0
-2726.0
-2982.0
-2356.0
-2556.0
-2929.0
-3308.0
-3202.0
-2975.0
-2959.0
-3035.0
-2941.0
-2983.0
-4254.0
-2923.0
-3085.0
-2710.0
-5889.0
-3122.0
-3503.0
-2731.0
-2517.0
-2899.0
-3090.0
-3727.0
-2947.0
-2840.0
-2875.0
-2443.0
-2780.0
-2995.0
-2475.0
-2572.0
-2937.0
-2641.0
-2521.0
-2759.0
-2853.0
-2611.0
-3222.0
-2625.0
-2500.0
-2524.0
-3464.0
-3123.0
-2437.0
-2565.0
-2831.0
-2712.0
-2431.0
-2689.0
-2787.0
-3765.0
-2553.0
-1867.0
-3160.0
-2917.0
-2912.0
-2575.0
-2616.0
-3672.0
-3569.0
-3017.0
-2925.0
-2613.0
-3953.0
-2764.0
-3674.0
-3141.0
-2944.0
-3599.0
-2910.0
-2674.0
-3815.0
-3078.0
-2729.0
-2998.0
-2652.0
-2706.0
-2968.0
-2914.0
-3396.0
-2601.0
-2808.0
-3180.0
-2054.0
-2798.0
-2891.0
-2601.0
-3049.0
-2563.0
-2598.0
-2744.0
-3912.0
-2721.0
-2453.0
-2540.0
-2971.0
-2770.0
-2526.0
-2581.0
-3469.0
-2900.0
-2685.0
-2553.0
-3277.0
-3293.0
-3110.0
-2755.0
-2660.0
-2721.0
-2715.0
-4175.0
-3497.0
-2971.0
-3183.0
-3107.0
-4229.0
-2999.0
-3282.0
-4566.0
-1762.0
-2682.0
-2869.0
-3538.0
-2768.0
-2936.0
-3026.0
-2857.0
-3561.0
-3312.0
-2703.0
-2586.0
-3239.0
-4870.0
-2809.0
-3249.0
-2960.0
-2948.0
-3379.0
-2546.0
-2836.0
-2775.0
-4087.0
-2474.0
-1608.0
-2926.0
-2744.0
-2677.0
-2752.0
-2783.0
-2954.0
-2971.0
-3082.0
-2868.0
-3092.0
-3164.0
-3086.0
-2549.0
-2498.0
-3087.0
-2566.0
-2676.0
-3000.0
-2708.0
-2966.0
-2863.0
-3996.0
-2664.0
-3032.0
-2624.0
-2751.0
-2823.0
-2777.0
-2841.0
-2956.0
-2556.0
-2599.0
-2638.0
-2991.0
-2901.0
-2651.0
-2614.0
-2647.0
-3693.0
-3321.0
-3023.0
-3940.0
-2966.0
-5195.0
-2724.0
-4842.0
-3104.0
-4464.0
-2796.0
-2488.0
-3759.0
-2890.0
-2942.0
-2448.0
-3334.0
-4508.0
-3108.0
-2742.0
-2583.0
-3045.0
-4169.0
-3596.0
-2545.0
-2567.0
-2691.0
-2763.0
-3100.0
-2963.0
-2766.0
-3046.0
-2886.0
-3369.0
-3354.0
-2764.0
-2594.0
-2634.0
-2551.0
-3104.0
-2789.0
-2539.0
-2675.0
-3224.0
-1961.0
-2963.0
-3252.0
-2683.0
-2395.0
-2827.0
-4285.0
-2496.0
-3081.0
-2815.0
-3052.0
-3334.0
-2729.0
-2508.0
-2584.0
-3821.0
-3484.0
-2459.0
-2576.0
-2741.0
-2756.0
-2575.0
-2431.0
-3002.0
-2926.0
-2397.0
-2955.0
-3035.0
-2972.0
-3621.0
-3081.0
-4142.0
-3065.0
-3403.0
-2887.0
-3227.0
-2862.0
-3255.0
-3068.0
-3473.0
-2926.0
-2929.0
-2797.0
-2502.0
-2521.0
-2783.0
-3114.0
-2763.0
-2652.0
-2890.0
-1224.0
-3042.0
-2906.0
-2571.0
-2541.0
-2694.0
-2740.0
-2574.0
-2825.0
-3501.0
-2716.0
-2901.0
-2530.0
-2704.0
-2637.0
-3971.0
-2798.0
-2615.0
-2507.0
-3010.0
-2505.0
-2641.0
-2703.0
-2908.0
-3344.0
-3115.0
-2587.0
-3384.0
-2775.0
-3573.0
-2653.0
-2623.0
-3325.0
-2810.0
-2724.0
-3401.0
-2839.0
-3600.0
-2698.0
-4114.0
-2672.0
-2888.0
-2868.0
-2680.0
-3121.0
-2864.0
-2699.0
-2718.0
-4033.0
-2197.0
-2548.0
-2801.0
-3117.0
-2610.0
-2588.0
-2927.0
-3145.0
-2545.0
-3181.0
-3071.0
-3348.0
-3595.0
-2717.0
-2362.0
-3198.0
-3804.0
-2636.0
-2759.0
-2696.0
-2910.0
-2701.0
-2832.0
-2507.0
-3382.0
-3155.0
-2615.0
-2718.0
-2973.0
-3123.0
-3361.0
-2535.0
-2598.0
-2988.0
-2723.0
-3782.0
-2797.0
-2767.0
-2965.0
-2697.0
-3122.0
-2850.0
-2973.0
-3377.0
-2556.0
-1417.0
-3694.0
-3178.0
-2607.0
-2648.0
-2790.0
-2531.0
-3486.0
-2640.0
-2906.0
-2729.0
-2748.0
-3417.0
-2527.0
-2622.0
-2839.0
-2696.0
-3190.0
-2752.0
-2644.0
-2547.0
-3414.0
-2240.0
-2600.0
-2612.0
-3202.0
-2614.0
-2411.0
-2760.0
-2768.0
-3442.0
-3258.0
-2456.0
-2718.0
-2976.0
-3165.0
-2626.0
-3356.0
-2994.0
-2821.0
-2586.0
-3100.0
-2701.0
-3206.0
-2762.0
-3958.0
-3532.0
-3060.0
-2660.0
-2874.0
-3226.0
-3712.0
-3163.0
-2825.0
-2873.0
-2712.0
-2748.0
-3073.0
-3242.0
-2613.0
-4055.0
-2890.0
-2707.0
-2640.0
-2834.0
-3382.0
-3653.0
-3156.0
-2599.0
-2612.0
-2579.0
-3637.0
-2740.0
-2557.0
-2608.0
-2780.0
-2511.0
-2551.0
-2402.0
-2966.0
-2949.0
-2451.0
-2462.0
-2737.0
-3520.0
-3131.0
-2599.0
-3206.0
-3292.0
-2808.0
-3211.0
-3220.0
-2715.0
-3331.0
-2726.0
-3642.0
-3166.0
-2948.0
-2787.0
-2381.0
-3156.0
-3533.0
-3086.0
-2497.0
-2553.0
-2480.0
-1129.0
-2810.0
-2728.0
-2524.0
-2461.0
-2663.0
-2845.0
-2780.0
-2625.0
-2779.0
-2765.0
-3964.0
-2995.0
-1978.0
-2468.0
-3999.0
-2705.0
-2483.0
-2644.0
-2729.0
-2681.0
-2627.0
-2447.0
-2727.0
-2745.0
-2374.0
-2592.0
-3100.0
-2958.0
-2982.0
-2615.0
-2856.0
-3152.0
-2904.0
-2907.0
-3127.0
-2798.0
-3358.0
-2966.0
-3353.0
-3055.0
-2899.0
-2736.0
-1453.0
-2575.0
-2753.0
-3238.0
-2908.0
-2585.0
-2941.0
-2481.0
-3872.0
-3245.0
-2062.0
-2503.0
-2580.0
-2719.0
-2690.0
-3289.0
-3211.0
-2789.0
-5295.0
-2720.0
-2572.0
-2526.0
-3319.0
-2634.0
-2802.0
-2575.0
-2803.0
-3697.0
-2488.0
-2491.0
-2900.0
-2671.0
-2042.0
-2615.0
-2866.0
-3155.0
-3313.0
-2577.0
-2781.0
-2773.0
-2711.0
-2894.0
-3052.0
-2915.0
-3338.0
-2849.0
-3498.0
-3145.0
-3247.0
-2717.0
-2519.0
-2453.0
-2636.0
-3011.0
-2982.0
-2871.0
-2749.0
-2598.0
-2814.0
-2862.0
-2458.0
-2505.0
-3000.0
-2632.0
-2588.0
-2778.0
-2803.0
-2858.0
-3150.0
-2815.0
-2779.0
-2629.0
-3921.0
-2517.0
-2617.0
-2578.0
-2719.0
-2487.0
-2500.0
-2632.0
-2773.0
-2951.0
-2487.0
-1711.0
-2698.0
-3310.0
-2945.0
-2556.0
-2640.0
-2754.0
-2842.0
-3236.0
-2899.0
-2986.0
-3139.0
-2646.0
-3482.0
-3120.0
-3014.0
-2586.0
-2628.0
-2667.0
-2651.0
-3192.0
-2586.0
-2636.0
-2933.0
-2806.0
-3698.0
-2877.0
-3404.0
-2522.0
-2749.0
-2740.0
-2769.0
-2773.0
-3031.0
-3270.0
-4199.0
-2757.0
-3606.0
-2943.0
-4077.0
-2629.0
-2683.0
-2858.0
-3645.0
-3478.0
-2597.0
-2605.0
-2816.0
-3260.0
-2476.0
-2648.0
-2735.0
-3215.0
-3161.0
-2592.0
-2849.0
-2918.0
-2678.0
-2823.0
-3359.0
-3244.0
-3659.0
-2861.0
-3875.0
-3557.0
-2936.0
-2815.0
-3608.0
-3071.0
-3473.0
-3445.0
-2900.0
-2659.0
-2915.0
-3377.0
-2898.0
-3332.0
-3186.0
-2626.0
-2931.0
-3259.0
-2682.0
-2986.0
-4259.0
-2795.0
-3218.0
-2724.0
-2601.0
-2717.0
-3164.0
-2564.0
-2675.0
-2681.0
-2592.0
-2155.0
-2562.0
-2465.0
-2759.0
-2770.0
-2569.0
-2438.0
-2757.0
-2818.0
-3572.0
-2697.0
-2721.0
-2998.0
-2545.0
-3007.0
-2747.0
-2529.0
-3956.0
-2891.0
-3039.0
-2797.0
-2781.0
-2552.0
-2481.0
-2476.0
-2726.0
-2722.0
-2489.0
-2574.0
-2587.0
-2643.0
-2863.0
-2820.0
-2451.0
-2976.0
-2691.0
-2672.0
-2892.0
-6052.0
-2792.0
-3517.0
-4801.0
-3369.0
-2645.0
-2704.0
-3968.0
-2589.0
-2545.0
-3056.0
-2862.0
-2695.0
-2624.0
-2653.0
-2699.0
-3604.0
-2586.0
-2445.0
-2674.0
-3178.0
-3081.0
-2531.0
-2647.0
-2785.0
-3576.0
-3337.0
-3024.0
-2600.0
-3743.0
-2698.0
-3571.0
-2900.0
-2795.0
-2733.0
-1769.0
-1237.0
-2656.0
-2800.0
-2580.0
-2750.0
-2600.0
-2424.0
-2920.0
-2976.0
-2494.0
-2665.0
-2937.0
-2626.0
-2616.0
-2964.0
-2888.0
-2991.0
-3476.0
-2533.0
-2619.0
-2481.0
-3510.0
-2639.0
-2658.0
-2549.0
-2987.0
-2607.0
-2488.0
-2591.0
-2755.0
-2663.0
-2695.0
-2455.0
-2714.0
-2867.0
-2897.0
-2563.0
-2705.0
-3115.0
-2647.0
-3397.0
-2983.0
-2634.0
-3099.0
-2953.0
-3108.0
-3203.0
-2860.0
-2718.0
-2730.0
-2529.0
-2966.0
-3355.0
-2581.0
-2699.0
-2584.0
-2444.0
-2900.0
-2639.0
-2608.0
-2605.0
-3210.0
-2556.0
-2402.0
-2745.0
-3308.0
-2766.0
-3289.0
-2934.0
-2560.0
-2574.0
-3265.0
-2552.0
-2791.0
-2528.0
-2717.0
-2503.0
-2648.0
-2617.0
-2882.0
-3104.0
-2543.0
-2031.0
-2667.0
-3815.0
-3591.0
-2528.0
-2612.0
-3211.0
-2727.0
-2746.0
-3001.0
-2839.0
-3439.0
-3227.0
-3376.0
-3140.0
-2855.0
-2636.0
-1420.0
-3109.0
-2779.0
-3223.0
-2725.0
-3056.0
-2737.0
-3198.0
-3161.0
-2861.0
-2563.0
-2635.0
-2801.0
-2812.0
-2852.0
-2919.0
-2686.0
-2886.0
-2924.0
-2867.0
-2498.0
-3682.0
-3603.0
-2673.0
-2599.0
-2611.0
-4199.0
-2405.0
-2497.0
-2450.0
-3149.0
-2574.0
-2477.0
-2522.0
-2660.0
-3187.0
-2973.0
-2597.0
-2655.0
-2704.0
-2713.0
-2913.0
-2763.0
-3077.0
-3119.0
-2946.0
-4926.0
-2677.0
-2731.0
-2635.0
-2415.0
-2474.0
-2655.0
-2977.0
-2604.0
-2628.0
-2767.0
-1962.0
-2806.0
-2703.0
-2456.0
-2532.0
-2770.0
-3012.0
-2456.0
-2787.0
-3309.0
-2741.0
-3109.0
-2620.0
-2573.0
-2741.0
-4346.0
-2584.0
-2608.0
-2610.0
-2717.0
-2547.0
-2609.0
-2523.0
-2765.0
-2763.0
-2493.0
-2439.0
-2825.0
-3308.0
-2970.0
-2632.0
-2555.0
-3841.0
-3217.0
-2845.0
-3142.0
-2714.0
-2964.0
-2629.0
-3513.0
-2956.0
-2828.0
-2712.0
-2834.0
-2803.0
-2781.0
-3072.0
-2647.0
-1936.0
-2612.0
-2795.0
-3057.0
-3119.0
-2911.0
-2602.0
-2797.0
-2620.0
-2989.0
-3093.0
-3406.0
-2759.0
-3416.0
-2560.0
-3144.0
-2811.0
-4884.0
-2971.0
-2582.0
-2629.0
-2855.0
-2692.0
-2847.0
-2615.0
-3152.0
-3339.0
-2549.0
-2538.0
-3033.0
-3601.0
-3662.0
-2597.0
-2925.0
-3085.0
-2589.0
-3377.0
-3132.0
-3122.0
-3566.0
-2655.0
-3714.0
-2965.0
-3089.0
-2797.0
-2548.0
-2959.0
-2749.0
-2915.0
-2737.0
-2846.0
-2695.0
-2785.0
-2833.0
-2951.0
-1668.0
-2534.0
-2805.0
-2565.0
-2511.0
-2577.0
-3136.0
-2784.0
-3144.0
-2769.0
-2581.0
-2568.0
-3893.0
-2581.0
-2553.0
-2668.0
-2578.0
-2415.0
-3164.0
-2571.0
-3001.0
-3201.0
-2556.0
-2515.0
-2655.0
-2818.0
-2948.0
-2536.0
-2564.0
-3396.0
-2817.0
-2772.0
-3203.0
-2936.0
-3232.0
-2766.0
-3266.0
-2981.0
-2704.0
-2706.0
-2311.0
-3199.0
-2661.0
-2864.0
-2737.0
-2515.0
-2539.0
-2604.0
-2816.0
-3906.0
-2707.0
-2458.0
-3024.0
-2648.0
-2741.0
-2662.0
-2841.0
-2595.0
-3570.0
-2701.0
-2532.0
-2560.0
-3382.0
-2607.0
-2504.0
-2532.0
-2863.0
-1767.0
-2479.0
-2915.0
-2774.0
-2945.0
-2438.0
-2500.0
-2696.0
-3917.0
-3515.0
-2588.0
-2888.0
-2922.0
-2636.0
-2670.0
-3320.0
-2899.0
-3114.0
-2985.0
-3768.0
-3458.0
-2664.0
-2596.0
-2618.0
-2335.0
-2950.0
-2822.0
-2522.0
-2846.0
-2637.0
-2761.0
-2860.0
-2655.0
-2509.0
-2515.0
-2705.0
-2459.0
-1669.0
-2861.0
-3554.0
-2795.0
-2945.0
-2746.0
-2566.0
-3581.0
-4515.0
-2621.0
-2410.0
-2752.0
-2770.0
-2708.0
-2626.0
-2516.0
-2881.0
-2895.0
-2643.0
-2542.0
-2942.0
-3001.0
-3016.0
-2700.0
-2637.0
-3318.0
-2817.0
-3611.0
-3281.0
-2943.0
-3393.0
-2629.0
-3583.0
-3674.0
-2772.0
-2929.0
-2876.0
-2579.0
-2647.0
-3221.0
-2756.0
-2788.0
-3131.0
-1524.0
-3091.0
-3448.0
-2895.0
-2816.0
-2917.0
-2628.0
-2512.0
-2730.0
-3840.0
-2705.0
-3987.0
-2742.0
-2883.0
-2717.0
-3589.0
-2527.0
-2034.0
-2552.0
-3195.0
-2532.0
-2640.0
-1883.0
-2875.0
-3360.0
-4801.0
-2061.0
-2756.0
-2822.0
-3086.0
-2726.0
-2694.0
-3521.0
-2709.0
-2854.0
-2717.0
-2611.0
-3015.0
-2674.0
-4274.0
-2741.0
-3103.0
-2743.0
-2536.0
-2695.0
-2648.0
-3123.0
-3002.0
-2558.0
-2633.0
-2555.0
-2810.0
-2796.0
-2602.0
-2100.0
-2746.0
-2579.0
-1546.0
-2670.0
-2782.0
-2618.0
-3324.0
-2484.0
-2642.0
-3184.0
-3350.0
-2521.0
-2444.0
-2551.0
-2759.0
-2486.0
-2487.0
-2509.0
-2946.0
-3316.0
-1701.0
-2555.0
-2796.0
-3438.0
-2998.0
-2899.0
-2718.0
-2787.0
-3371.0
-2902.0
-3228.0
-3235.0
-3150.0
-2824.0
-5795.0
-3296.0
-2939.0
-2809.0
-3022.0
-2495.0
-2853.0
-3243.0
-2756.0
-2661.0
-2586.0
-1716.0
-3209.0
-2936.0
-2790.0
-2708.0
-2609.0
-2634.0
-2668.0
-2682.0
-2867.0
-2771.0
-3608.0
-2893.0
-2599.0
-2612.0
-3668.0
-2533.0
-2695.0
-2486.0
-2804.0
-2501.0
-2570.0
-2586.0
-2660.0
-3127.0
-2429.0
-2571.0
-3098.0
-3026.0
-3015.0
-2480.0
-2687.0
-2737.0
-2579.0
-2751.0
-2818.0
-2842.0
-3384.0
-2954.0
-3694.0
-2613.0
-2781.0
-2746.0
-1104.0
-2460.0
-2729.0
-3763.0
-3339.0
-4050.0
-2531.0
-2641.0
-2786.0
-2905.0
-2716.0
-2536.0
-3478.0
-2816.0
-2434.0
-2767.0
-2864.0
-2754.0
-2995.0
-3106.0
-2528.0
-2533.0
-3773.0
-2699.0
-2465.0
-2725.0
-2726.0
-2773.0
-2509.0
-2419.0
-2866.0
-2822.0
-2763.0
-2423.0
-2705.0
-3043.0
-3088.0
-2437.0
-2685.0
-2700.0
-2584.0
-2720.0
-2937.0
-2679.0
-3438.0
-2785.0
-3455.0
-2579.0
-2788.0
-2552.0
-2783.0
-2602.0
-2659.0
-3448.0
-2434.0
-2423.0
-2634.0
-2448.0
-2686.0
-2500.0
-2543.0
-2422.0
-2577.0
-2470.0
-2643.0
-2482.0
