-25677.0
-26709.0
-29914.0
-25229.0
-28352.0
-17267.0
-29376.0
-20393.0
-19212.0
-16951.0
-25115.0
-24174.0
-16541.0
-19829.0
-22179.0
-18517.0
-13908.0
-14576.0
-28843.0
-18368.0
-16258.0
-20345.0
-18149.0
-13164.0
-13575.0
-22157.0
-11913.0
-17638.0
-18920.0
-18143.0
-16897.0
-21399.0
-21130.0
-13579.0
-8903.0
-15855.0
-17254.0
-19264.0
-18223.0
-14749.0
-17876.0
-14397.0
-21304.0
-16223.0
-13216.0
-14669.0
-19192.0
-17153.0
-8004.0
-14463.0
-15723.0
-13356.0
-26282.0
-12086.0
-10338.0
-8254.0
-27299.0
-14657.0
-9367.0
-8465.0
-24235.0
-11624.0
-9926.0
-12751.0
-20864.0
-16209.0
-12673.0
-7680.0
-13869.0
-16441.0
-11692.0
-10560.0
-18640.0
-9720.0
-11627.0
-18174.0
-19103.0
-7022.0
-21110.0
-14517.0
-15729.0
-17317.0
-19850.0
-12374.0
-11580.0
-6036.0
-10920.0
-14019.0
-9626.0
-7348.0
-10478.0
-12806.0
-11805.0
-16057.0
-9152.0
-12568.0
-17360.0
-15286.0
-8478.0
-13160.0
-15821.0
-16715.0
-21007.0
-12145.0
-14300.0
-9160.0
-21474.0
-16931.0
-17964.0
-7930.0
-16487.0
-10300.0
-6739.0
-10678.0
-11715.0
-21502.0
-9190.0
-5662.0
-14376.0
-9580.0
-17106.0
-10861.0
-20851.0
-10205.0
-7301.0
-14579.0
-7180.0
-9792.0
-11342.0
-7137.0
-16289.0
-20593.0
-23432.0
-10414.0
-13217.0
-9580.0
-17404.0
-7898.0
-7663.0
-7399.0
-9342.0
-11451.0
-10081.0
-14907.0
-7024.0
-16150.0
-13535.0
-10255.0
-8476.0
-8495.0
-24213.0
-14557.0
-23229.0
-10835.0
-10492.0
-7891.0
-7580.0
-17318.0
-10949.0
-8209.0
-7565.0
-9812.0
-9291.0
-11321.0
-14466.0
-11006.0
-8265.0
-6577.0
-8817.0
-10688.0
-10692.0
-13557.0
-11441.0
-13003.0
-15056.0
-14169.0
-10070.0
-11543.0
-15840.0
-7126.0
-14381.0
-12986.0
-16001.0
-6217.0
-8279.0
-7308.0
-5916.0
-9325.0
-5587.0
-8164.0
-11093.0
-10372.0
-6800.0
-11665.0
-6615.0
-12178.0
-13247.0
-9394.0
-6050.0
-14903.0
-10726.0
-13004.0
-21090.0
-7779.0
-6267.0
-5569.0
-11418.0
-15122.0
-9100.0
-12123.0
-8936.0
-7057.0
-8486.0
-9831.0
-11145.0
-17785.0
-8016.0
-3478.0
-18765.0
-9363.0
-12261.0
-9448.0
-17371.0
-8297.0
-6033.0
-11732.0
-6692.0
-5306.0
-14948.0
-11531.0
-8757.0
-17764.0
-11648.0
-2945.0
-5499.0
-2907.0
-13384.0
-13952.0
-6407.0
-10938.0
-8176.0
-6174.0
-12107.0
-4868.0
-4989.0
-5286.0
-13407.0
-12927.0
-4124.0
-9668.0
-10982.0
-9398.0
-17694.0
-4449.0
-6929.0
-10464.0
-9518.0
-7607.0
-5646.0
-7808.0
-7767.0
-5815.0
-13209.0
-7632.0
-6105.0
-16547.0
-2899.0
-6326.0
-7729.0
-13332.0
-5708.0
-4381.0
-5781.0
-5293.0
-7009.0
-4512.0
-8396.0
-5589.0
-6945.0
-6193.0
-5956.0
-8158.0
-6607.0
-6625.0
-4737.0
-3795.0
-10280.0
-1853.0
-4324.0
-7093.0
-5134.0
-3383.0
-5371.0
-7824.0
-3108.0
-4221.0
-11617.0
-9932.0
-5575.0
-13512.0
-8621.0
-4552.0
-7552.0
-2111.0
-4944.0
-2912.0
-3319.0
-5627.0
-8452.0
-3260.0
-5519.0
-5638.0
-2826.0
-3436.0
-2956.0
-7558.0
-5341.0
-3774.0
-4646.0
-6089.0
-5852.0
-6958.0
-5464.0
-5009.0
-2320.0
-4478.0
-6556.0
-5740.0
-7742.0
-9489.0
-5537.0
-8235.0
-9483.0
-7041.0
-4747.0
-2729.0
-7385.0
-3126.0
-4784.0
-6662.0
-3558.0
-7600.0
-3175.0
-9533.0
-3815.0
-4671.0
-5654.0
-4023.0
-2826.0
-7424.0
-3669.0
-4123.0
-9599.0
-4135.0
-1098.0
-3950.0
-6666.0
-1900.0
-3058.0
-3653.0
-3302.0
-1611.0
-3607.0
-2632.0
-2951.0
-9805.0
-5068.0
-3290.0
-4057.0
-4940.0
-7608.0
-3756.0
-3606.0
-4226.0
-1096.0
-3763.0
-2115.0
-1668.0
-7759.0
-6285.0
-7372.0
-3623.0
-9547.0
-3777.0
-1441.0
-2769.0
-3032.0
-1793.0
-3122.0
-1665.0
-915.0
-2039.0
-3147.0
-5237.0
-5578.0
-2767.0
-3375.0
-5967.0
-1293.0
-6981.0
-5870.0
-3979.0
-3847.0
-2569.0
-501.0
-1729.0
-5045.0
-1374.0
-2224.0
-6137.0
-1615.0
-3534.0
-2124.0
-3374.0
-2354.0
-5646.0
-1063.0
-1401.0
-2184.0
-6539.0
-3360.0
-3546.0
-8342.0
-2034.0
-506.0
-4078.0
-8436.0
-3033.0
-3724.0
-6154.0
-2467.0
-1498.0
-2434.0
-4590.0
-1047.0
-810.0
-5565.0
-1915.0
-1092.0
-1666.0
-1409.0
-1856.0
-2503.0
-3336.0
-153.0
-1456.0
-483.0
-3657.0
-503.0
-2062.0
-647.0
-2102.0
-9102.0
-342.0
-333.0
-1352.0
-2508.0
-1590.0
-1670.0
-1161.0
-2545.0
-294.0
-1036.0
-1030.0
-3029.0
-1841.0
-1700.0
-103.0
-2283.0
-5113.0
-3639.0
-1011.0
-3316.0
-3107.0
-908.0
-3889.0
-2153.0
-804.0
-4749.0
-6010.0
-4615.0
-4504.0
-1612.0
-1481.0
341.0
84.0
-5217.0
-219.0
-1154.0
-5831.0
-699.0
-696.0
-3355.0
-5549.0
-691.0
-266.0
-1736.0
-1319.0
-505.0
-3095.0
-1333.0
-1054.0
-2573.0
6.0
-1979.0
16.0
-2582.0
-3409.0
-123.0
-1709.0
-4662.0
-189.0
-1578.0
-269.0
-1707.0
-2339.0
-668.0
415.0
-1941.0
-3164.0
-1046.0
-564.0
-1012.0
-682.0
-531.0
-1087.0
-288.0
-517.0
-1130.0
-620.0
-785.0
-3485.0
-1123.0
-482.0
-400.0
87.0
-2225.0
-884.0
350.0
-167.0
-67.0
-1828.0
-481.0
-1381.0
684.0
-802.0
-604.0
-886.0
-73.0
-899.0
-820.0
-777.0
-1862.0
-160.0
-113.0
-100.0
-2602.0
-1307.0
-172.0
-312.0
-3545.0
-332.0
99.0
-1061.0
-1092.0
-1438.0
-657.0
-890.0
-1324.0
-630.0
-3069.0
-1410.0
-43.0
-1187.0
-307.0
-2950.0
-523.0
-307.0
-805.0
-793.0
-1457.0
-4586.0
-2490.0
-1665.0
57.0
-1303.0
-1038.0
-90.0
-179.0
-188.0
274.0
-1639.0
-460.0
-1302.0
-1022.0
-2189.0
-2219.0
-2347.0
344.0
-1290.0
-1824.0
-1208.0
-3014.0
-684.0
213.0
561.0
-1714.0
172.0
123.0
-541.0
-833.0
-107.0
267.0
280.0
-501.0
-1395.0
-496.0
-1602.0
-400.0
-1887.0
-1525.0
383.0
-270.0
-469.0
-15.0
-549.0
-487.0
-512.0
-1748.0
-507.0
-1305.0
-831.0
-1196.0
-86.0
-2773.0
17.0
-3015.0
-641.0
463.0
273.0
373.0
323.0
52.0
-2179.0
373.0
-15.0
-745.0
-1505.0
104.0
-507.0
-630.0
-84.0
-676.0
196.0
-426.0
51.0
-1041.0
-1649.0
-44.0
344.0
-405.0
-1240.0
-1820.0
252.0
30.0
-7205.0
-1295.0
-2182.0
-513.0
-899.0
-554.0
-481.0
-1381.0
-1747.0
150.0
-1019.0
-468.0
-566.0
-1836.0
-2681.0
-2538.0
-4747.0
-455.0
-3331.0
-896.0
-1937.0
-797.0
-506.0
-695.0
-510.0
-638.0
-19.0
-723.0
-1754.0
-839.0
-492.0
-1243.0
-1454.0
423.0
-2365.0
-1255.0
-1289.0
-3125.0
-1568.0
-77.0
-352.0
-2022.0
-1452.0
-279.0
-983.0
-28.0
-370.0
188.0
341.0
-69.0
-1633.0
446.0
411.0
-435.0
-397.0
-871.0
490.0
-321.0
-430.0
103.0
-1551.0
-78.0
-1839.0
-1932.0
-495.0
-1568.0
-979.0
-2195.0
84.0
-628.0
-173.0
-3702.0
-1326.0
-1511.0
202.0
302.0
187.0
-611.0
-3460.0
-871.0
-1568.0
-1836.0
-1079.0
373.0
-971.0
-1065.0
-470.0
-1345.0
-83.0
2.0
-229.0
-1708.0
-14.0
595.0
-894.0
-174.0
-286.0
200.0
100.0
57.0
-742.0
545.0
251.0
-8.0
-516.0
-399.0
-908.0
-362.0
-2706.0
-1488.0
-1127.0
-1987.0
-164.0
-1628.0
-946.0
-2571.0
-1612.0
-883.0
-1470.0
516.0
426.0
-1776.0
-634.0
92.0
-924.0
-873.0
-704.0
-1291.0
-1969.0
372.0
-405.0
-822.0
-1864.0
53.0
-2490.0
-2944.0
-1907.0
-2100.0
-326.0
-812.0
-1504.0
-1080.0
163.0
369.0
161.0
-410.0
-42.0
587.0
104.0
-178.0
-2869.0
660.0
-561.0
-1199.0
-445.0
-1282.0
340.0
407.0
179.0
139.0
-383.0
180.0
221.0
-2169.0
61.0
-576.0
-427.0
251.0
-102.0
631.0
134.0
-178.0
-836.0
382.0
69.0
576.0
513.0
-251.0
-168.0
167.0
640.0
-14.0
-52.0
130.0
-353.0
-1319.0
-182.0
-1128.0
335.0
369.0
472.0
-1278.0
114.0
360.0
150.0
-610.0
724.0
515.0
151.0
-450.0
-834.0
453.0
587.0
74.0
-918.0
-329.0
-207.0
275.0
-3557.0
-122.0
67.0
-294.0
-63.0
-467.0
-581.0
-2240.0
-1941.0
-1176.0
398.0
622.0
692.0
-379.0
-199.0
320.0
257.0
554.0
574.0
131.0
-135.0
152.0
-604.0
-242.0
406.0
-309.0
456.0
-1273.0
-92.0
-1236.0
322.0
306.0
129.0
-747.0
360.0
709.0
267.0
35.0
565.0
425.0
627.0
-525.0
-518.0
547.0
685.0
-62.0
-34.0
-289.0
311.0
446.0
-512.0
-72.0
-622.0
-423.0
-151.0
135.0
273.0
-526.0
-1061.0
-358.0
-240.0
699.0
573.0
-1118.0
271.0
516.0
173.0
394.0
268.0
-621.0
-359.0
602.0
652.0
-185.0
-325.0
62.0
26.0
-1818.0
54.0
-571.0
288.0
-162.0
467.0
-828.0
397.0
619.0
545.0
-634.0
394.0
95.0
622.0
-203.0
-285.0
746.0
481.0
133.0
-350.0
-697.0
464.0
363.0
-612.0
296.0
-159.0
-453.0
232.0
-305.0
-278.0
-2458.0
196.0
-560.0
376.0
173.0
475.0
-141.0
385.0
511.0
-43.0
393.0
712.0
310.0
52.0
427.0
400.0
124.0
366.0
463.0
-607.0
-384.0
-70.0
-938.0
454.0
309.0
213.0
-620.0
-135.0
343.0
-1148.0
-348.0
-2535.0
-113.0
-228.0
-380.0
-398.0
191.0
279.0
6.0
-226.0
-1394.0
-399.0
241.0
-675.0
-10.0
-650.0
1.0
327.0
-565.0
-260.0
-1941.0
-1106.0
-558.0
-1377.0
326.0
320.0
-426.0
-113.0
460.0
395.0
416.0
393.0
-18.0
-197.0
651.0
464.0
175.0
-149.0
600.0
235.0
-92.0
511.0
-536.0
311.0
530.0
470.0
-957.0
498.0
669.0
610.0
-365.0
668.0
623.0
180.0
-580.0
-98.0
680.0
598.0
-73.0
-503.0
-306.0
381.0
317.0
-216.0
-710.0
-811.0
-265.0
590.0
-335.0
-177.0
-36.0
-193.0
203.0
-1021.0
575.0
650.0
-548.0
198.0
364.0
214.0
284.0
574.0
-161.0
219.0
450.0
652.0
-112.0
72.0
650.0
-35.0
-67.0
86.0
-1175.0
593.0
578.0
-49.0
-1056.0
242.0
661.0
447.0
-343.0
687.0
289.0
688.0
111.0
-1308.0
640.0
423.0
-3.0
-566.0
-386.0
650.0
328.0
-544.0
-101.0
100.0
25.0
214.0
-292.0
418.0
-2195.0
-78.0
-21.0
546.0
594.0
501.0
-255.0
-65.0
424.0
469.0
530.0
689.0
51.0
385.0
702.0
-149.0
364.0
221.0
236.0
101.0
316.0
40.0
-204.0
257.0
551.0
517.0
-1524.0
328.0
697.0
407.0
-190.0
-667.0
399.0
-22.0
-189.0
-1455.0
555.0
414.0
-312.0
-669.0
-219.0
74.0
249.0
-62.0
-234.0
24.0
-59.0
487.0
-172.0
322.0
-682.0
87.0
-340.0
199.0
653.0
-66.0
-1071.0
-774.0
323.0
713.0
-130.0
665.0
-866.0
337.0
474.0
703.0
-67.0
461.0
685.0
-192.0
-45.0
-91.0
-457.0
519.0
685.0
107.0
-1691.0
479.0
677.0
46.0
75.0
412.0
280.0
681.0
95.0
69.0
494.0
-776.0
209.0
-657.0
157.0
582.0
121.0
111.0
414.0
-310.0
-24.0
184.0
-228.0
-1091.0
-1404.0
-2709.0
-25.0
-286.0
-520.0
201.0
-458.0
-49.0
256.0
-102.0
-1111.0
706.0
116.0
-39.0
363.0
235.0
489.0
129.0
155.0
270.0
-859.0
140.0
-891.0
257.0
701.0
205.0
-366.0
296.0
658.0
398.0
-1025.0
665.0
638.0
601.0
-132.0
-623.0
634.0
634.0
-135.0
-292.0
-529.0
434.0
-42.0
-366.0
-151.0
-9.0
-200.0
-330.0
-3.0
481.0
-2513.0
-285.0
231.0
397.0
399.0
680.0
360.0
437.0
641.0
439.0
103.0
617.0
-822.0
66.0
568.0
458.0
78.0
293.0
698.0
428.0
-938.0
247.0
-137.0
421.0
655.0
401.0
-1293.0
253.0
329.0
272.0
86.0
689.0
373.0
677.0
-442.0
66.0
729.0
484.0
280.0
-389.0
-259.0
614.0
404.0
178.0
236.0
106.0
-190.0
438.0
102.0
387.0
-259.0
-174.0
392.0
539.0
578.0
635.0
-196.0
-128.0
477.0
312.0
581.0
683.0
-21.0
460.0
733.0
688.0
262.0
359.0
677.0
364.0
-2425.0
379.0
308.0
639.0
631.0
635.0
-594.0
175.0
618.0
630.0
-169.0
601.0
610.0
561.0
433.0
-583.0
724.0
687.0
248.0
-351.0
-256.0
653.0
636.0
222.0
418.0
-91.0
-880.0
-651.0
-687.0
-467.0
-3164.0
-262.0
-460.0
134.0
632.0
591.0
374.0
247.0
555.0
702.0
360.0
725.0
143.0
56.0
679.0
710.0
351.0
140.0
681.0
424.0
10.0
511.0
4.0
604.0
674.0
555.0
-1307.0
611.0
686.0
-19.0
-107.0
616.0
521.0
678.0
287.0
-158.0
646.0
718.0
515.0
164.0
34.0
672.0
594.0
-474.0
423.0
-559.0
220.0
596.0
-294.0
386.0
-574.0
-257.0
430.0
427.0
700.0
678.0
236.0
314.0
594.0
527.0
573.0
610.0
-420.0
405.0
406.0
676.0
91.0
78.0
368.0
441.0
-503.0
648.0
-690.0
554.0
704.0
-277.0
-517.0
394.0
651.0
592.0
-11.0
622.0
718.0
681.0
368.0
-145.0
702.0
619.0
37.0
-90.0
38.0
590.0
550.0
115.0
270.0
-20.0
-19.0
608.0
-372.0
546.0
-773.0
-740.0
319.0
463.0
639.0
640.0
-726.0
351.0
674.0
658.0
653.0
654.0
335.0
310.0
26.0
671.0
473.0
322.0
714.0
541.0
-179.0
452.0
-263.0
605.0
553.0
456.0
-262.0
41.0
686.0
678.0
143.0
671.0
439.0
625.0
274.0
-181.0
483.0
718.0
77.0
-63.0
-103.0
646.0
623.0
294.0
454.0
101.0
-324.0
661.0
-436.0
-552.0
-2908.0
-956.0
-1405.0
-276.0
686.0
666.0
81.0
118.0
107.0
507.0
461.0
487.0
285.0
183.0
-1093.0
716.0
344.0
-440.0
258.0
484.0
117.0
253.0
-8.0
344.0
163.0
664.0
-1769.0
236.0
64.0
509.0
313.0
575.0
378.0
474.0
-351.0
-1238.0
405.0
-121.0
-91.0
-104.0
-169.0
628.0
442.0
-654.0
409.0
-682.0
-369.0
500.0
-178.0
362.0
-2083.0
-150.0
517.0
368.0
437.0
703.0
44.0
414.0
373.0
592.0
578.0
715.0
311.0
375.0
669.0
521.0
282.0
526.0
691.0
215.0
-620.0
410.0
12.0
574.0
577.0
613.0
-1312.0
518.0
668.0
503.0
239.0
732.0
706.0
636.0
541.0
-1334.0
678.0
722.0
527.0
71.0
52.0
670.0
578.0
69.0
443.0
-41.0
49.0
464.0
-132.0
252.0
-767.0
-325.0
485.0
419.0
695.0
702.0
-136.0
424.0
597.0
119.0
706.0
732.0
212.0
273.0
570.0
735.0
127.0
151.0
682.0
-392.0
-694.0
576.0
-19.0
590.0
592.0
524.0
-697.0
331.0
697.0
468.0
236.0
693.0
743.0
659.0
426.0
-306.0
738.0
705.0
-1108.0
67.0
-226.0
241.0
519.0
71.0
342.0
3.0
83.0
-1428.0
-2811.0
-60.0
-533.0
-842.0
37.0
319.0
92.0
673.0
-478.0
487.0
665.0
142.0
690.0
316.0
41.0
-165.0
720.0
708.0
516.0
394.0
-68.0
-258.0
132.0
-418.0
-273.0
623.0
607.0
580.0
-1042.0
622.0
716.0
395.0
320.0
540.0
323.0
677.0
341.0
-554.0
603.0
-372.0
71.0
-649.0
57.0
662.0
-760.0
65.0
526.0
-322.0
30.0
560.0
-957.0
519.0
-852.0
-1020.0
-38.0
364.0
674.0
670.0
412.0
497.0
471.0
432.0
428.0
720.0
419.0
383.0
648.0
714.0
555.0
429.0
690.0
223.0
-1380.0
629.0
-454.0
662.0
607.0
561.0
-1474.0
509.0
718.0
559.0
419.0
690.0
573.0
684.0
370.0
-506.0
670.0
639.0
-11.0
-480.0
-150.0
642.0
592.0
-756.0
436.0
-223.0
-324.0
609.0
135.0
388.0
-1318.0
-138.0
498.0
397.0
662.0
677.0
-426.0
-132.0
-199.0
540.0
670.0
682.0
-493.0
85.0
718.0
541.0
-2011.0
61.0
-1464.0
-421.0
-424.0
478.0
-72.0
-1416.0
710.0
19.0
-1180.0
127.0
46.0
624.0
-764.0
652.0
620.0
535.0
-742.0
-1273.0
632.0
644.0
440.0
15.0
35.0
644.0
394.0
370.0
423.0
-308.0
360.0
641.0
-329.0
4.0
-104.0
-879.0
-1492.0
656.0
689.0
691.0
458.0
402.0
652.0
668.0
674.0
691.0
453.0
461.0
560.0
684.0
392.0
320.0
126.0
427.0
69.0
475.0
-100.0
622.0
686.0
622.0
-1299.0
476.0
739.0
499.0
274.0
698.0
726.0
576.0
98.0
-448.0
563.0
658.0
257.0
263.0
80.0
-618.0
616.0
1.0
486.0
-128.0
-65.0
540.0
-139.0
419.0
-1466.0
-33.0
230.0
585.0
715.0
661.0
362.0
-461.0
552.0
672.0
603.0
662.0
339.0
264.0
690.0
692.0
92.0
541.0
674.0
236.0
-190.0
240.0
231.0
480.0
334.0
573.0
-1322.0
48.0
689.0
573.0
386.0
628.0
719.0
599.0
-412.0
150.0
326.0
597.0
-77.0
253.0
-49.0
652.0
181.0
-102.0
368.0
148.0
-9.0
497.0
-46.0
134.0
-885.0
-665.0
524.0
559.0
547.0
712.0
-307.0
412.0
653.0
698.0
598.0
718.0
58.0
321.0
-16.0
700.0
498.0
360.0
710.0
455.0
-1396.0
354.0
-900.0
208.0
477.0
556.0
-1155.0
486.0
738.0
466.0
-678.0
681.0
714.0
744.0
327.0
-366.0
715.0
435.0
304.0
-266.0
40.0
622.0
579.0
-1613.0
-679.0
-979.0
-858.0
666.0
81.0
158.0
-1569.0
-582.0
86.0
248.0
718.0
699.0
-180.0
-1248.0
539.0
389.0
308.0
724.0
-216.0
16.0
685.0
702.0
198.0
108.0
733.0
-677.0
-444.0
101.0
-911.0
657.0
694.0
241.0
-920.0
590.0
712.0
636.0
98.0
705.0
606.0
721.0
-53.0
-866.0
549.0
728.0
-19.0
-113.0
134.0
568.0
537.0
142.0
278.0
-661.0
89.0
569.0
41.0
468.0
-963.0
323.0
382.0
626.0
683.0
-1590.0
-191.0
-316.0
415.0
605.0
475.0
729.0
289.0
457.0
618.0
722.0
96.0
-104.0
696.0
419.0
-480.0
552.0
-164.0
666.0
686.0
600.0
-1358.0
597.0
622.0
664.0
82.0
716.0
705.0
674.0
50.0
-818.0
744.0
413.0
357.0
-62.0
-540.0
640.0
525.0
-70.0
371.0
-643.0
-393.0
590.0
-204.0
-10.0
-386.0
-296.0
324.0
220.0
-575.0
-185.0
-53.0
226.0
409.0
609.0
466.0
643.0
334.0
-279.0
692.0
732.0
153.0
54.0
736.0
364.0
149.0
439.0
-312.0
647.0
718.0
662.0
-957.0
539.0
591.0
646.0
330.0
708.0
726.0
707.0
-626.0
-1269.0
635.0
696.0
369.0
-103.0
-35.0
598.0
496.0
-490.0
286.0
-514.0
-168.0
627.0
-611.0
393.0
-906.0
-1858.0
347.0
234.0
680.0
642.0
-24.0
336.0
416.0
692.0
656.0
739.0
402.0
-312.0
594.0
-338.0
507.0
211.0
513.0
322.0
393.0
489.0
-180.0
342.0
678.0
-525.0
-1773.0
530.0
698.0
-413.0
-204.0
229.0
697.0
702.0
293.0
-158.0
719.0
716.0
-1821.0
56.0
-1072.0
646.0
618.0
-735.0
455.0
308.0
-1112.0
-869.0
229.0
-410.0
-328.0
-1841.0
-1510.0
-1801.0
729.0
-580.0
-1730.0
496.0
643.0
636.0
642.0
-702.0
-225.0
-392.0
705.0
706.0
6.0
-1653.0
707.0
432.0
-199.0
-50.0
-64.0
318.0
446.0
513.0
-1555.0
311.0
42.0
289.0
406.0
670.0
493.0
563.0
-60.0
-569.0
730.0
679.0
396.0
231.0
313.0
650.0
537.0
-400.0
531.0
-561.0
245.0
544.0
-483.0
382.0
-1231.0
-831.0
526.0
656.0
671.0
688.0
260.0
545.0
668.0
676.0
651.0
708.0
295.0
430.0
736.0
721.0
-147.0
486.0
606.0
69.0
-413.0
448.0
36.0
595.0
702.0
210.0
-583.0
651.0
668.0
-6.0
406.0
720.0
600.0
392.0
-214.0
-530.0
648.0
703.0
-243.0
161.0
-63.0
602.0
634.0
-775.0
364.0
-817.0
282.0
639.0
-337.0
208.0
-28.0
-1834.0
359.0
560.0
728.0
696.0
-627.0
464.0
247.0
636.0
642.0
-1414.0
155.0
-32.0
724.0
527.0
220.0
-474.0
696.0
535.0
-1.0
591.0
105.0
612.0
721.0
596.0
-1052.0
586.0
734.0
626.0
59.0
686.0
728.0
672.0
362.0
-76.0
732.0
677.0
289.0
166.0
-177.0
658.0
643.0
-1579.0
171.0
-1138.0
-174.0
597.0
-251.0
203.0
-1146.0
-825.0
-7.0
580.0
404.0
677.0
-920.0
223.0
565.0
661.0
598.0
698.0
203.0
136.0
730.0
682.0
413.0
276.0
688.0
431.0
-313.0
415.0
151.0
656.0
740.0
498.0
-594.0
642.0
700.0
472.0
246.0
594.0
740.0
730.0
503.0
-1110.0
734.0
615.0
436.0
42.0
-858.0
616.0
642.0
-1986.0
339.0
101.0
-232.0
644.0
-94.0
327.0
-1201.0
103.0
435.0
55.0
708.0
659.0
90.0
451.0
-157.0
392.0
393.0
504.0
-210.0
462.0
-436.0
586.0
298.0
-873.0
148.0
562.0
-1050.0
592.0
-715.0
671.0
714.0
671.0
-435.0
486.0
716.0
569.0
-188.0
653.0
722.0
697.0
-886.0
-921.0
324.0
564.0
-111.0
-204.0
-157.0
588.0
-73.0
-1845.0
151.0
22.0
29.0
618.0
-15.0
264.0
-1599.0
-2303.0
408.0
438.0
495.0
658.0
233.0
157.0
540.0
628.0
-685.0
722.0
312.0
516.0
-274.0
742.0
547.0
208.0
374.0
351.0
-9.0
458.0
-500.0
584.0
328.0
640.0
-1000.0
254.0
337.0
445.0
-357.0
271.0
720.0
553.0
290.0
-838.0
736.0
710.0
151.0
-180.0
131.0
702.0
101.0
-903.0
310.0
-234.0
-345.0
573.0
-56.0
-1335.0
-757.0
126.0
456.0
577.0
690.0
673.0
-773.0
476.0
641.0
673.0
714.0
348.0
310.0
-131.0
702.0
694.0
212.0
522.0
323.0
516.0
-219.0
489.0
-182.0
647.0
693.0
536.0
-172.0
-62.0
618.0
626.0
-71.0
696.0
651.0
711.0
88.0
-59.0
683.0
710.0
460.0
107.0
59.0
664.0
569.0
-1332.0
177.0
-52.0
-174.0
497.0
-117.0
468.0
-844.0
-1927.0
243.0
493.0
683.0
595.0
-249.0
146.0
620.0
470.0
205.0
736.0
228.0
427.0
732.0
720.0
-177.0
540.0
720.0
371.0
0.0
527.0
29.0
559.0
654.0
385.0
-422.0
372.0
688.0
625.0
30.0
690.0
716.0
690.0
317.0
-249.0
726.0
660.0
250.0
-785.0
215.0
614.0
617.0
-297.0
452.0
-12.0
-546.0
586.0
-417.0
359.0
-281.0
-1566.0
434.0
331.0
620.0
465.0
252.0
440.0
634.0
628.0
650.0
688.0
275.0
494.0
650.0
-484.0
-124.0
503.0
376.0
-577.0
-331.0
536.0
107.0
586.0
670.0
652.0
-1653.0
356.0
488.0
624.0
104.0
673.0
442.0
662.0
423.0
-318.0
688.0
738.0
545.0
-1391.0
-137.0
636.0
541.0
-173.0
467.0
256.0
336.0
588.0
-64.0
185.0
-1182.0
-888.0
518.0
646.0
722.0
722.0
348.0
260.0
633.0
607.0
656.0
681.0
231.0
397.0
660.0
680.0
449.0
480.0
669.0
326.0
-23.0
496.0
-1.0
598.0
708.0
658.0
-851.0
-606.0
660.0
688.0
415.0
578.0
676.0
644.0
252.0
-321.0
659.0
641.0
550.0
-148.0
-68.0
654.0
-19.0
143.0
540.0
-12.0
353.0
457.0
-1310.0
-237.0
-85.0
-1996.0
463.0
642.0
704.0
712.0
422.0
459.0
559.0
325.0
673.0
704.0
174.0
7.0
708.0
397.0
-171.0
290.0
531.0
306.0
-284.0
299.0
183.0
501.0
271.0
655.0
-831.0
656.0
709.0
560.0
-159.0
706.0
682.0
728.0
-549.0
-562.0
714.0
708.0
284.0
144.0
-969.0
663.0
650.0
347.0
435.0
-334.0
-17.0
472.0
-714.0
478.0
-476.0
-2543.0
482.0
578.0
706.0
624.0
-12.0
435.0
390.0
680.0
730.0
716.0
414.0
28.0
721.0
708.0
277.0
542.0
657.0
128.0
-725.0
367.0
173.0
437.0
65.0
668.0
-763.0
159.0
705.0
483.0
319.0
679.0
470.0
725.0
363.0
-1047.0
721.0
518.0
289.0
180.0
-80.0
573.0
491.0
104.0
210.0
-270.0
157.0
539.0
-138.0
459.0
-446.0
-1062.0
499.0
563.0
670.0
688.0
287.0
276.0
625.0
622.0
598.0
728.0
496.0
51.0
658.0
257.0
364.0
571.0
704.0
2.0
147.0
443.0
69.0
642.0
683.0
636.0
-1046.0
684.0
482.0
566.0
95.0
674.0
712.0
716.0
73.0
-637.0
733.0
718.0
51.0
-166.0
-673.0
668.0
527.0
-717.0
347.0
-370.0
176.0
474.0
-48.0
-47.0
-1062.0
-1014.0
511.0
553.0
262.0
678.0
-1062.0
367.0
649.0
462.0
667.0
700.0
391.0
561.0
642.0
736.0
287.0
514.0
670.0
93.0
-200.0
564.0
70.0
72.0
727.0
151.0
-313.0
583.0
715.0
125.0
-171.0
690.0
702.0
199.0
350.0
-1259.0
727.0
687.0
347.0
120.0
78.0
583.0
644.0
-261.0
135.0
-641.0
76.0
279.0
-490.0
-15.0
-1026.0
-1484.0
466.0
599.0
587.0
682.0
-50.0
-241.0
467.0
684.0
660.0
730.0
472.0
46.0
288.0
84.0
388.0
492.0
678.0
359.0
-343.0
454.0
202.0
589.0
699.0
648.0
-705.0
613.0
740.0
508.0
88.0
688.0
708.0
712.0
468.0
-1075.0
581.0
542.0
-105.0
275.0
-137.0
654.0
263.0
7.0
288.0
42.0
-8.0
516.0
-1129.0
106.0
-785.0
-1218.0
229.0
575.0
694.0
623.0
108.0
482.0
245.0
557.0
648.0
713.0
-67.0
-488.0
574.0
660.0
507.0
209.0
710.0
523.0
-672.0
465.0
139.0
651.0
678.0
655.0
-1314.0
596.0
672.0
438.0
179.0
356.0
704.0
672.0
280.0
-283.0
685.0
696.0
459.0
-251.0
-200.0
617.0
672.0
-286.0
365.0
82.0
302.0
634.0
-327.0
-120.0
-818.0
-1469.0
501.0
562.0
678.0
609.0
396.0
260.0
452.0
663.0
460.0
713.0
487.0
528.0
728.0
725.0
167.0
435.0
700.0
452.0
254.0
586.0
324.0
209.0
725.0
582.0
-475.0
-209.0
706.0
614.0
56.0
616.0
710.0
721.0
379.0
-83.0
668.0
737.0
249.0
144.0
163.0
596.0
604.0
-50.0
335.0
-224.0
264.0
417.0
182.0
478.0
-734.0
-1072.0
473.0
456.0
710.0
584.0
105.0
392.0
474.0
678.0
663.0
737.0
381.0
392.0
729.0
711.0
397.0
31.0
-275.0
460.0
189.0
559.0
-524.0
670.0
679.0
540.0
-1292.0
-107.0
730.0
629.0
137.0
692.0
692.0
723.0
209.0
-726.0
728.0
322.0
90.0
-132.0
-428.0
674.0
638.0
-9.0
375.0
21.0
57.0
644.0
-245.0
477.0
-930.0
-1381.0
532.0
616.0
186.0
694.0
-23.0
434.0
641.0
691.0
581.0
748.0
403.0
432.0
694.0
685.0
352.0
486.0
656.0
343.0
242.0
-199.0
-107.0
656.0
706.0
422.0
-758.0
606.0
736.0
201.0
-134.0
491.0
700.0
724.0
272.0
-82.0
702.0
672.0
575.0
222.0
173.0
540.0
608.0
-66.0
452.0
-200.0
30.0
640.0
-517.0
421.0
-470.0
-1620.0
554.0
300.0
722.0
656.0
129.0
-1034.0
373.0
698.0
576.0
641.0
412.0
430.0
741.0
638.0
216.0
343.0
644.0
343.0
-308.0
115.0
62.0
492.0
698.0
382.0
-1384.0
547.0
720.0
604.0
315.0
718.0
716.0
329.0
309.0
354.0
710.0
713.0
160.0
233.0
222.0
657.0
567.0
-208.0
518.0
-300.0
-47.0
334.0
-33.0
427.0
-817.0
-731.0
-31.0
434.0
716.0
680.0
-342.0
-5.0
506.0
536.0
484.0
700.0
379.0
494.0
525.0
599.0
474.0
-24.0
706.0
-419.0
-171.0
494.0
-160.0
598.0
557.0
577.0
-1580.0
512.0
676.0
661.0
383.0
704.0
704.0
674.0
-81.0
52.0
744.0
500.0
422.0
172.0
-575.0
604.0
485.0
-323.0
490.0
99.0
415.0
614.0
49.0
23.0
-434.0
-1027.0
501.0
458.0
744.0
708.0
-73.0
340.0
399.0
600.0
111.0
750.0
326.0
318.0
716.0
721.0
501.0
335.0
558.0
385.0
-376.0
440.0
-521.0
634.0
712.0
638.0
-520.0
387.0
690.0
604.0
151.0
516.0
375.0
653.0
449.0
-31.0
501.0
396.0
168.0
182.0
-376.0
650.0
458.0
-369.0
102.0
-195.0
329.0
257.0
-487.0
62.0
-871.0
-249.0
453.0
600.0
724.0
712.0
386.0
498.0
584.0
676.0
686.0
732.0
434.0
339.0
720.0
687.0
231.0
567.0
665.0
247.0
-765.0
464.0
384.0
599.0
693.0
653.0
-1022.0
600.0
627.0
634.0
227.0
454.0
686.0
731.0
388.0
279.0
608.0
719.0
235.0
-99.0
195.0
650.0
650.0
205.0
505.0
167.0
155.0
614.0
-57.0
-359.0
-457.0
-334.0
358.0
622.0
656.0
643.0
405.0
427.0
501.0
704.0
466.0
732.0
155.0
487.0
728.0
684.0
81.0
571.0
662.0
498.0
-154.0
583.0
221.0
648.0
587.0
636.0
-821.0
581.0
708.0
650.0
317.0
710.0
628.0
714.0
245.0
-352.0
702.0
718.0
-367.0
-237.0
137.0
664.0
571.0
-531.0
220.0
-428.0
414.0
549.0
4.0
-34.0
-1006.0
-1698.0
67.0
-326.0
685.0
677.0
-290.0
20.0
-432.0
678.0
670.0
738.0
384.0
325.0
300.0
684.0
46.0
418.0
676.0
73.0
-54.0
358.0
-660.0
537.0
555.0
670.0
-1160.0
504.0
706.0
668.0
-173.0
436.0
363.0
716.0
248.0
-322.0
459.0
546.0
454.0
162.0
79.0
678.0
614.0
59.0
458.0
-36.0
-162.0
518.0
-600.0
550.0
-331.0
-847.0
522.0
636.0
620.0
628.0
-89.0
517.0
546.0
659.0
660.0
740.0
405.0
372.0
702.0
670.0
91.0
-24.0
715.0
559.0
-155.0
367.0
-216.0
560.0
710.0
646.0
-1146.0
365.0
708.0
662.0
-58.0
700.0
638.0
670.0
337.0
270.0
349.0
706.0
192.0
177.0
-7.0
664.0
267.0
113.0
426.0
-880.0
233.0
462.0
-449.0
347.0
-58.0
7.0
345.0
580.0
578.0
665.0
522.0
370.0
575.0
384.0
138.0
722.0
462.0
499.0
716.0
732.0
373.0
535.0
632.0
494.0
-224.0
587.0
146.0
230.0
710.0
592.0
-1165.0
586.0
722.0
650.0
90.0
514.0
680.0
565.0
326.0
-172.0
689.0
647.0
101.0
291.0
312.0
506.0
648.0
408.0
-16.0
-299.0
33.0
490.0
-319.0
397.0
-1060.0
-81.0
478.0
591.0
698.0
678.0
-83.0
-395.0
564.0
678.0
670.0
724.0
312.0
465.0
700.0
702.0
308.0
256.0
672.0
596.0
24.0
245.0
-194.0
642.0
708.0
550.0
-699.0
341.0
650.0
660.0
-161.0
-169.0
728.0
551.0
296.0
-256.0
729.0
678.0
-33.0
-132.0
-304.0
662.0
640.0
317.0
459.0
78.0
417.0
483.0
-203.0
-126.0
-386.0
-900.0
527.0
571.0
509.0
484.0
397.0
60.0
327.0
640.0
642.0
730.0
362.0
445.0
524.0
570.0
202.0
538.0
596.0
503.0
118.0
536.0
19.0
670.0
676.0
526.0
-1554.0
562.0
706.0
508.0
283.0
633.0
680.0
560.0
134.0
-763.0
747.0
219.0
361.0
138.0
143.0
628.0
662.0
-142.0
528.0
231.0
248.0
586.0
38.0
126.0
-526.0
-1441.0
500.0
608.0
722.0
656.0
82.0
255.0
282.0
669.0
536.0
704.0
311.0
448.0
726.0
737.0
397.0
-129.0
688.0
525.0
-116.0
548.0
39.0
638.0
703.0
518.0
-955.0
311.0
708.0
636.0
155.0
668.0
656.0
742.0
446.0
-684.0
746.0
712.0
-23.0
316.0
-21.0
626.0
631.0
-126.0
487.0
-357.0
297.0
492.0
-1211.0
-11.0
-493.0
-1524.0
-60.0
590.0
712.0
668.0
527.0
474.0
-177.0
693.0
-845.0
722.0
-1080.0
-484.0
-1892.0
677.0
-804.0
-531.0
684.0
210.0
-206.0
599.0
-221.0
681.0
696.0
604.0
-1674.0
-261.0
732.0
312.0
-691.0
-267.0
241.0
607.0
-233.0
-1083.0
76.0
70.0
-1384.0
-895.0
-1356.0
666.0
662.0
-331.0
452.0
-179.0
68.0
568.0
-540.0
14.0
-1246.0
-134.0
377.0
-290.0
578.0
692.0
389.0
263.0
475.0
672.0
595.0
721.0
-94.0
327.0
728.0
716.0
420.0
-396.0
-216.0
541.0
-13.0
460.0
44.0
620.0
-262.0
644.0
-1828.0
246.0
717.0
576.0
245.0
88.0
614.0
700.0
389.0
253.0
716.0
709.0
21.0
-254.0
-84.0
625.0
654.0
-69.0
286.0
-188.0
504.0
450.0
8.0
495.0
-316.0
-1457.0
445.0
463.0
638.0
694.0
-303.0
329.0
466.0
662.0
654.0
707.0
4.0
259.0
646.0
514.0
532.0
163.0
666.0
493.0
-14.0
522.0
-240.0
658.0
738.0
548.0
-424.0
584.0
716.0
609.0
-28.0
688.0
308.0
706.0
409.0
132.0
744.0
685.0
270.0
280.0
135.0
646.0
663.0
-200.0
101.0
409.0
364.0
529.0
-414.0
503.0
-302.0
-321.0
514.0
584.0
469.0
634.0
88.0
-57.0
531.0
699.0
621.0
738.0
344.0
514.0
710.0
712.0
465.0
370.0
692.0
505.0
125.0
540.0
141.0
409.0
660.0
654.0
-569.0
594.0
666.0
-229.0
141.0
499.0
734.0
710.0
200.0
51.0
744.0
724.0
273.0
252.0
156.0
578.0
631.0
301.0
80.0
164.0
-344.0
642.0
-26.0
128.0
-297.0
14.0
490.0
-515.0
700.0
678.0
457.0
525.0
656.0
618.0
405.0
746.0
269.0
386.0
708.0
722.0
428.0
-313.0
700.0
515.0
199.0
301.0
-347.0
632.0
692.0
591.0
-1066.0
355.0
710.0
622.0
265.0
688.0
730.0
494.0
270.0
18.0
728.0
726.0
-157.0
-151.0
236.0
641.0
650.0
98.0
173.0
177.0
-191.0
658.0
149.0
-57.0
-193.0
-463.0
448.0
535.0
716.0
277.0
194.0
332.0
648.0
701.0
668.0
746.0
500.0
519.0
739.0
706.0
317.0
107.0
591.0
334.0
-131.0
544.0
-26.0
644.0
670.0
174.0
-968.0
471.0
630.0
530.0
444.0
655.0
741.0
688.0
-31.0
206.0
740.0
701.0
199.0
309.0
208.0
658.0
549.0
-8.0
387.0
258.0
474.0
114.0
-45.0
494.0
-148.0
-40.0
373.0
597.0
712.0
692.0
297.0
332.0
632.0
626.0
598.0
738.0
287.0
379.0
261.0
736.0
493.0
-280.0
686.0
481.0
47.0
127.0
-463.0
342.0
724.0
658.0
-622.0
429.0
629.0
502.0
404.0
624.0
712.0
658.0
298.0
-351.0
712.0
696.0
276.0
338.0
-42.0
592.0
604.0
237.0
543.0
377.0
-449.0
664.0
-72.0
455.0
-4.0
-934.0
462.0
114.0
724.0
88.0
213.0
333.0
473.0
704.0
582.0
377.0
96.0
204.0
724.0
725.0
276.0
389.0
696.0
395.0
131.0
470.0
274.0
638.0
146.0
-465.0
-844.0
666.0
690.0
642.0
468.0
674.0
710.0
655.0
409.0
-551.0
660.0
215.0
495.0
273.0
-298.0
678.0
668.0
203.0
357.0
19.0
226.0
514.0
-118.0
492.0
-63.0
-433.0
491.0
424.0
558.0
666.0
152.0
332.0
564.0
674.0
534.0
730.0
409.0
350.0
676.0
726.0
503.0
403.0
706.0
438.0
45.0
576.0
-77.0
642.0
744.0
557.0
-713.0
624.0
706.0
564.0
518.0
673.0
732.0
714.0
289.0
370.0
723.0
710.0
428.0
329.0
95.0
578.0
675.0
373.0
511.0
140.0
540.0
642.0
-59.0
438.0
-313.0
-887.0
404.0
662.0
690.0
630.0
330.0
423.0
632.0
670.0
566.0
751.0
466.0
448.0
730.0
715.0
352.0
317.0
717.0
16.0
238.0
550.0
-160.0
528.0
710.0
434.0
-855.0
619.0
288.0
447.0
279.0
562.0
727.0
474.0
417.0
-281.0
726.0
728.0
50.0
-103.0
-32.0
664.0
576.0
-312.0
424.0
310.0
379.0
596.0
-12.0
416.0
-143.0
-826.0
449.0
540.0
732.0
668.0
-509.0
469.0
525.0
614.0
532.0
612.0
433.0
430.0
710.0
732.0
383.0
289.0
720.0
311.0
425.0
555.0
227.0
648.0
670.0
640.0
-457.0
299.0
531.0
610.0
169.0
698.0
700.0
720.0
426.0
431.0
638.0
708.0
393.0
234.0
294.0
614.0
665.0
130.0
423.0
386.0
354.0
564.0
70.0
508.0
-303.0
-387.0
526.0
628.0
677.0
668.0
324.0
509.0
632.0
710.0
507.0
734.0
402.0
203.0
730.0
627.0
442.0
144.0
694.0
496.0
319.0
568.0
299.0
650.0
602.0
632.0
-904.0
598.0
528.0
602.0
466.0
706.0
544.0
740.0
336.0
34.0
734.0
645.0
59.0
50.0
262.0
638.0
445.0
268.0
208.0
346.0
439.0
647.0
-24.0
539.0
-117.0
-132.0
448.0
632.0
479.0
692.0
-332.0
263.0
491.0
238.0
154.0
720.0
218.0
411.0
688.0
726.0
368.0
253.0
701.0
484.0
206.0
479.0
-163.0
581.0
712.0
636.0
-759.0
361.0
498.0
620.0
13.0
620.0
689.0
703.0
439.0
283.0
653.0
740.0
65.0
349.0
136.0
648.0
637.0
166.0
426.0
341.0
-257.0
676.0
283.0
412.0
-416.0
164.0
354.0
602.0
738.0
690.0
417.0
434.0
626.0
724.0
696.0
750.0
506.0
484.0
734.0
644.0
497.0
247.0
732.0
268.0
272.0
585.0
65.0
592.0
690.0
664.0
-372.0
363.0
732.0
670.0
65.0
637.0
658.0
585.0
463.0
-449.0
726.0
616.0
113.0
215.0
90.0
662.0
536.0
-272.0
367.0
349.0
175.0
655.0
279.0
241.0
96.0
-359.0
460.0
462.0
696.0
706.0
23.0
87.0
664.0
624.0
640.0
734.0
400.0
495.0
728.0
730.0
527.0
318.0
486.0
487.0
269.0
480.0
63.0
590.0
614.0
669.0
-588.0
380.0
641.0
632.0
439.0
696.0
706.0
676.0
393.0
129.0
664.0
678.0
590.0
277.0
43.0
543.0
662.0
-97.0
434.0
408.0
264.0
472.0
69.0
413.0
-574.0
-778.0
332.0
644.0
626.0
674.0
431.0
499.0
615.0
651.0
703.0
660.0
470.0
-130.0
732.0
690.0
-126.0
444.0
553.0
299.0
404.0
495.0
4.0
567.0
683.0
468.0
-527.0
521.0
518.0
642.0
431.0
700.0
732.0
531.0
397.0
-218.0
704.0
730.0
539.0
379.0
106.0
654.0
501.0
132.0
540.0
210.0
550.0
652.0
170.0
68.0
-111.0
27.0
440.0
628.0
736.0
680.0
169.0
225.0
568.0
679.0
611.0
742.0
536.0
200.0
649.0
726.0
449.0
288.0
704.0
298.0
260.0
600.0
-254.0
666.0
718.0
666.0
-380.0
429.0
684.0
629.0
478.0
566.0
645.0
740.0
503.0
-133.0
738.0
734.0
126.0
-100.0
-58.0
666.0
601.0
158.0
454.0
427.0
474.0
454.0
202.0
193.0
-552.0
123.0
209.0
420.0
706.0
646.0
199.0
381.0
661.0
214.0
135.0
748.0
158.0
352.0
536.0
730.0
400.0
13.0
712.0
56.0
-102.0
190.0
-381.0
656.0
714.0
-67.0
-1728.0
593.0
716.0
601.0
128.0
247.0
686.0
722.0
54.0
20.0
224.0
680.0
474.0
156.0
113.0
614.0
650.0
-34.0
368.0
23.0
343.0
546.0
198.0
151.0
-611.0
-983.0
468.0
350.0
672.0
732.0
175.0
474.0
617.0
-147.0
650.0
744.0
274.0
483.0
713.0
750.0
342.0
387.0
669.0
484.0
498.0
566.0
-259.0
606.0
212.0
567.0
-812.0
635.0
696.0
608.0
478.0
585.0
700.0
623.0
-9.0
49.0
722.0
521.0
407.0
309.0
238.0
534.0
654.0
-161.0
548.0
105.0
422.0
655.0
116.0
188.0
-344.0
106.0
539.0
544.0
714.0
677.0
9.0
380.0
570.0
668.0
513.0
738.0
474.0
441.0
685.0
718.0
539.0
192.0
539.0
501.0
345.0
556.0
17.0
596.0
703.0
611.0
-1042.0
499.0
707.0
577.0
450.0
694.0
662.0
698.0
308.0
296.0
675.0
686.0
439.0
181.0
148.0
636.0
658.0
224.0
268.0
353.0
322.0
576.0
-12.0
307.0
-214.0
-262.0
497.0
594.0
734.0
694.0
147.0
445.0
650.0
566.0
646.0
721.0
385.0
394.0
732.0
740.0
575.0
322.0
678.0
435.0
243.0
612.0
195.0
449.0
681.0
534.0
-778.0
572.0
710.0
582.0
487.0
690.0
722.0
730.0
300.0
251.0
734.0
710.0
428.0
367.0
40.0
664.0
646.0
142.0
376.0
423.0
544.0
299.0
107.0
311.0
-192.0
-348.0
493.0
584.0
714.0
689.0
567.0
465.0
553.0
632.0
646.0
730.0
545.0
481.0
639.0
733.0
170.0
339.0
724.0
441.0
387.0
610.0
69.0
637.0
684.0
654.0
-478.0
623.0
714.0
305.0
346.0
470.0
734.0
724.0
419.0
-548.0
646.0
732.0
223.0
229.0
209.0
658.0
675.0
-374.0
153.0
309.0
175.0
612.0
-183.0
545.0
-155.0
168.0
338.0
608.0
686.0
734.0
103.0
421.0
617.0
586.0
404.0
743.0
514.0
389.0
518.0
724.0
-124.0
565.0
682.0
369.0
33.0
567.0
8.0
-332.0
463.0
662.0
-808.0
-130.0
497.0
656.0
100.0
637.0
716.0
692.0
292.0
-226.0
700.0
740.0
272.0
222.0
-16.0
631.0
351.0
144.0
501.0
-240.0
13.0
605.0
19.0
329.0
-390.0
-1022.0
-276.0
604.0
726.0
712.0
-565.0
431.0
183.0
646.0
631.0
506.0
88.0
323.0
660.0
646.0
406.0
407.0
699.0
443.0
267.0
495.0
30.0
630.0
687.0
652.0
-152.0
593.0
710.0
638.0
351.0
674.0
710.0
710.0
372.0
489.0
748.0
728.0
471.0
250.0
-44.0
636.0
654.0
-90.0
436.0
401.0
394.0
588.0
-160.0
514.0
-224.0
-694.0
276.0
548.0
686.0
696.0
374.0
333.0
528.0
663.0
516.0
700.0
360.0
213.0
694.0
705.0
441.0
510.0
684.0
409.0
317.0
544.0
-112.0
652.0
672.0
592.0
-375.0
597.0
700.0
626.0
335.0
676.0
716.0
675.0
431.0
4.0
700.0
703.0
219.0
267.0
103.0
667.0
490.0
319.0
501.0
340.0
465.0
598.0
151.0
371.0
-247.0
-317.0
340.0
632.0
640.0
692.0
395.0
441.0
572.0
653.0
500.0
732.0
399.0
397.0
403.0
732.0
590.0
-39.0
616.0
510.0
70.0
626.0
-162.0
688.0
387.0
635.0
-1332.0
567.0
698.0
184.0
364.0
691.0
690.0
705.0
511.0
124.0
667.0
637.0
275.0
74.0
-68.0
660.0
600.0
288.0
423.0
369.0
399.0
596.0
-744.0
268.0
-260.0
-107.0
240.0
146.0
684.0
652.0
454.0
207.0
566.0
673.0
630.0
694.0
356.0
423.0
710.0
728.0
493.0
546.0
535.0
473.0
