-3508
-2166
-8554
-1139
2199
1844
-6043
-4047
3681
2173
-3439
5066
-1951
2718
-6157
-394
501
2312
-2404
-4754
-9251
-2577
-3238
-2767
-2333
5089
-2804
2460
1429
-2509
525
1654
-2106
3099
-3220
-7359
-898
3848
-283
-2633
-3150
-8083
-10636
-1911
-266
1300
-4521
-202
-127
-1140
-5321
3828
2748
-1739
-4420
-6718
2432
2057
523
-4222
-7020
-1812
-4452
-3475
6067
4177
-6657
2935
-1250
301
-2548
1295
3533
4677
-2523
-5832
5331
6130
-1563
207
-1625
-4610
-7318
2458
2665
4933
-4666
-3802
5503
851
3027
3100
3394
3896
1662
-1574
3748
2204
-1269
1964
-1139
-1350
-3922
1738
3287
4786
-1522
131
3477
5524
-5723
4275
3784
-2632
-5029
-3325
3597
4158
2504
24
-1293
1131
-4744
2394
1116
2515
-5866
339
3525
1008
-1898
2449
6275
3785
-2304
-4243
2448
6458
-1525
-1870
11
3851
-15
-807
3986
-215
-2682
2958
4720
4650
-3028
3070
1384
6777
1
-3859
5053
3782
-83
464
-5041
3662
-4304
879
2919
-1066
-7519
3719
2636
4238
-4977
5069
4437
5317
-2366
2408
953
4947
2101
-3202
733
4399
-4819
5687
6363
7061
-4340
1063
609
5271
301
3860
8921
7423
-575
1694
8567
3820
2567
-566
-3836
1020
-7922
7999
2100
8319
-223
3453
7120
486
1553
6726
2178
3841
-619
-7194
2066
398
-28
470
-4441
1978
-1524
2022
4819
3078
-4158
4274
3386
5094
-366
6407
6214
2768
-1079
-1563
5924
5472
441
-1217
98
2614
-3212
6155
5907
4032
-211
4096
5370
4643
2650
7419
6781
7388
-568
814
6086
6260
3006
-2042
-3753
1875
-4860
5585
3569
4954
949
8662
2308
6537
1685
8685
3520
9227
-2466
-226
6340
6220
971
3241
-537
2608
-1227
6695
5089
4371
-2927
3382
4625
6119
1671
8079
6492
7864
-293
2192
6161
9551
3038
467
2120
7606
-2043
863
4221
3301
2320
-485
6387
6725
4195
5953
3582
6325
4873
3105
8422
6751
2027
1090
1222
5782
-3968
3067
2423
7863
2647
6679
7427
8451
5679
6481
10244
7642
660
756
9389
7521
5772
3357
-557
2469
-3710
6081
5202
8010
4457
4614
8608
6097
3449
8042
10023
8158
1294
4532
7112
5918
1278
4805
3599
5138
-782
5856
2754
6780
3200
5733
8036
6994
6169
6189
6360
9591
2480
-1163
8434
6894
4611
770
2084
-1703
-10020
1872
3015
6190
4075
6715
5190
6426
5889
7993
10985
3006
3223
3152
5470
6742
5053
4433
3850
3670
-2522
8545
6744
7350
4141
7726
7043
6462
7907
8810
8031
5072
2373
-1258
7317
9542
2562
204
5697
5768
2693
6560
5154
5476
3958
9659
9617
8275
7410
8380
8574
7900
991
2349
11320
7499
3763
6385
4501
7370
-499
7128
6833
6427
1007
9981
7633
8219
3806
8932
9508
9331
1244
-549
8764
7374
6542
5340
2723
3997
3222
3569
6540
7987
1426
8269
7721
5704
5743
6626
9898
9360
4730
5952
8934
7807
2755
3811
5944
5343
-4362
5879
10341
8349
4099
8403
10682
7267
5254
6910
8390
8555
2858
385
10996
8875
8768
2632
5629
8134
-923
3466
9052
11798
3592
9845
6729
9096
3549
10486
8846
9103
4691
5853
8725
9011
4711
7769
6647
2928
-305
8357
10917
9784
6346
10153
7107
8483
6076
5947
9146
11055
5666
929
5790
9172
6205
2547
4884
4607
-3277
3212
7347
5930
3291
8821
11640
7868
2633
10050
10377
8607
4430
3553
9696
9954
2848
3402
4360
8096
605
9287
7726
10796
4297
6777
7681
7746
6481
8510
11396
9739
6331
1006
8527
8017
9406
1408
4540
6886
-858
10376
6640
7980
4861
5822
10913
8520
7089
7286
8417
11703
4423
6293
11518
10113
8601
8515
3561
6057
-2192
8024
11319
9725
6230
7931
8037
9049
8730
10550
8644
8842
4054
-851
9025
10085
9254
5400
6566
7717
1633
8002
10227
6853
4666
10556
10866
5203
7671
10537
9423
8874
7265
4637
8957
10950
5359
8333
5984
7010
3230
7539
10769
10243
4114
9624
8324
7701
7947
8884
11555
11405
7824
5324
10238
9146
6416
7028
3217
6443
6271
10482
8881
9361
8208
4174
9510
8717
7006
8857
8730
8489
8048
2485
11743
10859
8454
8716
4059
4698
6699
6455
8681
10029
6753
9708
11469
9170
6869
11403
9929
9395
6386
5144
7992
10409
5969
6071
4498
9315
6910
6806
8558
9264
4483
10364
10904
8969
6256
10177
9687
11693
8646
4125
8529
10920
8893
4059
1970
7399
3849
10689
10444
9945
6234
9585
10753
10680
5951
11514
12043
10817
8538
6917
9760
11055
6500
4460
7929
8790
-619
8977
11654
10298
6325
8797
10259
10061
5806
9384
8894
10647
8950
4753
10093
10545
7755
4916
7523
10475
789
11644
10272
9225
7639
9021
12049
10313
6633
9511
10933
11800
4151
8402
12051
12293
9192
7912
6963
9928
5841
10230
8836
6216
6592
9079
10947
9521
5417
11695
11284
10797
6295
5710
11846
11356
8085
5546
7265
5804
2197
10810
10286
11261
8050
9008
11775
9600
7837
11368
7968
10237
7918
3416
10448
11072
4637
6240
9945
5620
1798
10710
10126
10458
6835
10448
11317
10708
8594
11429
11901
11128
8554
6876
11822
10639
9514
4992
7336
10090
7811
11411
11274
10126
7302
9541
11447
11208
9084
12086
12327
9275
5689
6376
11423
10780
8245
7866
8104
11602
6411
9878
11703
10910
6099
11215
9162
10781
8250
12414
10413
10718
6232
8560
10770
10495
8698
9425
9798
11258
6891
9717
12046
10877
8261
11035
9532
11114
5785
10543
9239
10429
8198
6214
12178
11824
10799
4447
9003
9545
4331
10655
9546
10694
6868
9690
11110
8811
10278
9934
11980
9586
6411
7073
10389
12459
9810
7490
3583
11088
4342
7084
10616
12058
5034
10537
11021
10960
9481
10342
11952
11391
7267
5853
11455
11208
6907
9818
7163
6699
5315
9947
9118
11327
6270
10705
11442
8648
8671
10784
11403
10363
9746
7245
10391
12309
7651
8139
5938
9749
6995
10563
11569
10525
6906
11120
12884
11072
8644
12337
11346
9978
5613
6028
12439
10494
10219
10252
8948
9871
5214
11086
11172
10978
7276
8860
10744
11549
10015
11392
12031
10328
9351
5546
11063
12039
6412
8967
8082
9686
5519
9633
10954
11484
6265
10012
11905
10361
9003
11606
10595
12261
9269
6253
9428
10229
10434
8656
9544
10504
7428
10250
11757
10866
6077
10834
10517
10864
5017
9811
11338
11089
8893
6986
11370
9910
8345
4510
9342
10016
3975
12456
10694
11385
3658
10256
12229
11910
8529
10027
12015
12582
9193
6304
11392
11692
9222
8249
7371
9652
5659
9234
10596
11785
7310
10730
10760
10886
8412
11411
9641
11306
11026
7488
10884
11858
10775
9166
4052
11082
8873
11494
11881
10535
7201
11816
11445
11516
10174
12150
10984
12144
9751
9116
11429
11475
10506
8805
4972
10367
7334
10865
11186
9996
6311
11412
11433
11451
8453
10955
11428
11489
8345
4292
10369
10304
10487
7009
8722
10092
3455
9433
10603
10865
6606
11330
12209
11618
9254
11747
10881
12154
10675
8969
12036
12066
10373
8179
7421
10381
7306
10537
9600
11765
5271
10665
12203
9618
8019
10844
11958
10442
3407
9072
12282
11517
9405
2589
9446
8278
7380
11749
10242
10460
6164
10793
11286
11091
10054
11544
11737
11535
10029
7260
11586
10845
9639
8774
8576
9435
7974
9993
11407
10174
7267
10470
11207
10997
9781
10155
10867
11379
8146
6292
12149
10537
8854
9078
9741
9273
6763
10562
11089
9591
5800
11413
12058
9150
9496
11737
11528
11637
8220
9389
11283
12478
11901
10175
8381
9694
7847
11457
10329
11399
7891
11118
10933
11981
8098
10819
11551
10775
7763
7888
12192
11218
8796
10050
7815
11260
8758
12226
11043
9760
7823
10495
12202
10815
8350
11985
11985
10608
11087
10049
12369
11895
10709
8715
8669
9609
5507
11818
12987
10973
6614
11541
11691
11037
10399
11486
11974
12319
9577
11443
10032
12316
11157
6604
9164
11946
7553
11662
11536
10619
3173
11862
12922
11749
11192
12036
11748
12117
11026
7780
12387
11731
11016
9158
8374
9746
7385
11448
12443
10601
4371
11149
12126
11236
9565
12005
12130
13056
10134
7771
12533
11774
10684
8191
8143
11471
7813
9802
12494
11735
8433
11723
12786
11449
10435
13214
11360
11716
10296
5030
12376
11909
9476
8363
9900
10803
2568
11215
11707
11564
7475
12565
12718
12002
10204
12555
12081
11612
10847
10711
12235
11855
10837
8051
10273
11455
5064
11255
12823
12123
7064
11233
11813
11943
9115
11940
12296
11178
9386
8123
12282
11831
9928
9433
9290
10940
9049
11312
11928
11951
9148
11261
11380
13083
10483
11816
12025
11597
11366
7287
11740
10490
11064
10452
7570
9940
7995
12492
12367
12798
6581
12477
12198
11498
10631
11987
12401
12406
10129
5171
11710
12595
11542
8347
8840
11859
7012
11615
11855
12221
7568
12455
12750
12250
10570
12610
12761
11337
10013
7879
12730
11105
9846
9095
9529
10812
9630
11848
11479
11009
7933
10529
12569
12683
10759
12339
12477
12189
10145
6558
11035
13064
10477
9169
11455
11612
6153
12616
12779
10822
6786
12326
10620
11739
8621
12784
13002
12197
11166
4712
12259
12730
9954
8009
10447
10692
7766
12142
11873
12313
8289
10025
11623
11502
9165
12766
12182
12265
9675
7840
12331
11489
10410
9439
11182
11581
5282
10287
12439
12045
8698
11160
11841
12047
10828
12720
12164
12444
10748
6485
12900
12194
11156
7904
10539
9679
7393
12514
11367
11119
6682
11077
12105
11613
11085
12339
12376
12461
10020
6767
12402
12170
10928
9992
9494
9683
7639
11550
12095
11831
10034
11315
12332
11876
9569
12178
13169
11358
10828
8101
11864
12792
9533
7617
9285
10205
6167
12425
11461
11920
5849
11150
11320
12514
11296
11784
12809
11953
9721
9778
12863
12684
9457
9870
10222
9649
8294
12549
11996
11640
8876
11469
12296
12198
11502
12624
12064
12549
10882
9151
11447
12202
9779
9752
7987
11537
8424
10727
11661
11958
7059
12119
11830
12535
9334
12338
12336
11650
10315
6300
11935
11992
10070
9988
10360
9822
7957
11801
11172
11585
9286
11478
11819
11700
9949
11153
11637
12427
7656
10198
12078
12572
11127
8940
10310
9410
7650
11900
11506
10683
8825
12396
12858
12809
10295
12014
12975
12332
9904
7092
12739
12092
10519
10204
9214
10025
6745
12395
12319
10068
8115
10243
12940
12187
9076
12879
12098
12504
10804
7186
12266
12557
11376
8778
7674
12199
6848
12595
12451
10933
7899
10018
12843
12966
9234
12738
12626
12424
9776
8575
12220
12730
10302
8376
9813
11825
4986
13303
12082
11741
10008
11562
12621
12531
9893
12908
12525
12266
9997
9308
12649
13110
10373
9427
8333
11392
6412
12383
12838
11864
7566
11941
12036
12726
10347
13038
12743
12171
9682
8987
13427
12523
10629
8700
9284
11490
7644
13030
12563
12537
10349
11850
13185
11113
10877
13336
11865
11794
10422
9967
12877
11840
11526
10059
9738
12154
7177
12311
12683
11770
9189
11237
12747
11804
10976
12579
12621
13494
11168
7337
12450
12011
11120
10906
10688
11973
6650
10937
12480
12167
9934
12893
12817
12698
10509
12532
12647
12438
10108
7640
12217
11778
11007
8915
9014
12103
7319
12348
12852
12362
9447
12078
12863
12256
11545
12732
12226
12445
10945
8167
12420
13083
10807
8318
10767
10930
8856
10923
12498
11851
7402
10727
12589
12488
9588
12556
13564
12931
10685
10242
13473
12935
9605
8871
10305
12241
6785
11878
12742
12068
9296
9277
12591
11585
11077
12249
13256
13144
10327
9073
12952
13208
10711
9335
10285
11254
9499
11746
13162
12273
7632
11477
12302
10330
11905
12390
12754
13440
10066
9833
12636
12797
11356
10936
11279
10711
6057
11370
12704
12050
8989
12664
12948
12007
10388
12718
12797
12944
9543
10238
12974
13302
11917
11384
11085
11722
10639
11865
13466
12592
6556
11802
11078
12151
10151
12898
12907
12994
9591
11068
12800
12736
11148
7910
11710
10762
8429
11273
11572
11910
9763
12702
12036
12825
10771
12951
13459
12858
9212
10750
13067
12723
12627
9275
10519
10771
8357
13124
12373
12877
9073
12840
13007
11979
10970
12824
13301
12806
9697
10215
13000
12678
10969
10551
9301
8644
7512
11786
13042
11749
8475
11637
12520
12705
10200
13013
13294
12890
7598
10369
12113
13652
10415
8083
10516
12425
11172
12846
12340
11747
9091
12651
12839
11035
12242
11772
12214
12960
11482
9317
13088
13057
11965
9617
10815
12569
8453
12399
12875
12586
7748
12698
13285
11641
10037
12340
13228
12462
11761
11452
12532
12697
11517
9542
9301
12317
8686
12112
12703
12879
9029
11826
13155
12783
11795
12265
13400
12512
11302
11285
12548
11341
10461
10250
8372
10546
10826
12669
11933
11799
9223
10988
13316
12768
10495
13642
12515
12500
11275
9979
13378
13404
11366
9294
11739
11753
7091
12895
11581
11771
8626
12770
12832
12099
10810
13151
13069
12041
10907
8966
13338
13157
11930
9469
11357
11376
8827
13028
12851
12987
9762
11350
12974
12464
12483
13034
13181
12789
10848
9428
13695
12862
7575
10322
9900
11260
7753
10284
12183
12143
8994
12109
12635
12073
10797
12903
13380
10410
10860
8778
13125
13097
8491
9832
11720
11873
8837
13205
13160
12110
10744
10455
13232
13381
7970
13211
13350
12400
10452
6197
12311
11945
9055
9739
9770
11805
8207
12186
11419
12924
8702
11702
12217
11878
11746
13349
12478
11302
11306
7305
13377
13344
11079
8800
9230
11350
9416
13017
12482
12803
9407
11191
12857
12121
9237
11828
13363
12351
10372
7071
13312
12626
11450
8788
9990
11016
8366
10954
13179
12656
9039
12280
12884
12382
10531
12517
13415
11932
9064
7974
13064
12997
10375
10419
9823
11676
8511
12585
13179
12608
7787
12501
11877
10656
9381
12927
12660
12411
11124
8812
12489
12788
8093
9301
9404
10820
6436
11718
12497
11109
9565
10948
13363
12426
10821
12406
13156
12168
10543
4840
12708
11625
10951
8420
11273
11856
8923
11936
12557
12557
8597
11870
11994
12313
9596
11947
13378
12682
10651
8052
12922
13471
10389
9608
8950
9726
9334
13301
13320
12676
10178
12070
12390
12084
11388
12691
13421
12650
11183
7054
13183
12448
10542
10441
10034
12083
8226
12339
13096
10827
9220
12427
13081
11195
11897
12969
13252
13557
10535
9795
13344
12599
11063
10812
10740
11606
8648
12245
12386
12175
8926
11891
13374
12944
11364
12501
13222
13345
11177
9132
12945
13625
10845
8481
9626
10891
9027
12038
12268
12252
10007
13246
10772
11965
10480
12821
13078
12907
11223
6296
12960
12494
11960
9626
9582
11939
9551
12416
12978
13052
11123
12336
12821
10782
11128
12545
11819
13159
11283
10644
13140
12997
10497
7802
11461
12382
9822
13195
13253
12078
9156
10510
13260
11527
10967
13068
12923
13025
11554
10851
12913
12951
10752
8818
11903
12437
7907
11906
13081
10873
7208
12181
12152
11949
11302
12745
12811
12919
11755
9127
12664
12785
9773
9204
11364
10619
9113
11935
12578
11685
10002
11979
13427
12394
10452
11888
12195
12764
10763
7718
12894
12702
10813
9793
9619
10252
9688
11226
12253
11877
9429
13038
13186
12593
10115
11368
12665
13205
12097
8767
13525
13181
11338
7794
10123
12001
8913
12222
13189
11890
10354
12317
12953
12418
11144
12817
12068
12889
11226
9550
13528
12762
10391
7488
8231
12125
9159
13008
13195
12364
10495
13039
13525
13566
9923
12007
13197
12566
11441
10921
13479
13080
10842
9532
10175
12446
10303
13129
12860
11264
9185
10870
13019
12416
10980
12971
13560
13122
11478
9881
13635
13078
12054
8930
11512
12027
8617
13209
13307
12338
7506
12729
12958
13115
9797
12699
13196
12923
11361
9684
12566
13522
12294
9603
11175
12317
7486
12300
13344
11470
8742
12846
13298
13611
9684
13123
13458
12865
11434
10261
13241
13303
11539
10601
11560
11349
9739
12710
13288
12523
9209
12952
13586
11840
11402
13482
13193
12864
11136
8400
12902
13474
10793
10668
11447
12035
8364
11845
13531
13020
9942
12546
12520
12215
11296
12696
13769
12142
11720
9149
12940
13102
10111
9591
11702
10943
7892
11973
12230
12735
9345
12564
13174
12815
11398
13202
13324
13217
11027
11282
13062
12831
10275
10273
11713
12525
10586
12640
13423
12987
7424
12441
13026
12450
11503
12732
12690
13221
11852
10739
13759
12449
11988
10491
11398
11595
10726
13033
13251
13083
9588
12992
13309
11648
10783
13233
12149
13282
10974
9986
13227
13435
10551
9858
11742
12088
9773
13111
13276
12342
6890
12922
12906
12926
11664
12957
13405
13327
11937
10418
13413
13312
12058
8453
9456
12656
9865
12829
13145
12622
10841
13008
13231
12354
10119
12913
12287
13349
11081
11881
13553
13803
10329
9253
10103
12434
8806
13070
13225
11660
10144
13076
13153
13063
11341
13541
12298
12792
11737
10113
13444
13192
10877
9901
11587
11384
9759
12925
13455
11382
9091
13028
13371
13287
10013
13463
12759
13134
11434
9763
13567
13508
11371
8700
12469
11032
9316
12561
12220
12319
10701
12400
12726
13433
11513
11979
13446
13487
11794
9217
12946
13209
10643
9725
10978
10619
8812
12647
12655
12674
9144
13594
13600
12847
11277
12120
13303
13421
11138
9973
13492
13494
12049
7790
11654
11690
10008
13153
12981
12509
10359
12987
13759
13429
11032
13632
13193
12841
11948
9996
13263
12666
11294
9319
11077
12516
8542
12373
12766
11910
10710
13274
13020
12001
11162
11943
12928
13113
10931
10564
13660
13403
12398
10534
11844
12145
9781
12670
13105
13302
10577
12881
13442
13693
11988
13122
13423
13359
11634
11036
13568
13514
11102
10255
10648
10744
10276
12740
12730
11778
10243
12606
13218
13482
11367
13436
13631
11980
11968
9013
13557
13473
11064
10575
10374
11533
10058
12426
12780
12907
9523
11505
13290
13177
12381
13312
13153
13053
10462
10153
13306
13566
10931
10674
11380
12410
9021
13280
13556
13305
10596
13003
12773
12446
12286
12914
12376
12796
11160
11168
13149
13862
11159
11645
12085
11511
9024
11332
12864
12822
9393
13017
13362
12142
12124
13646
13830
12900
11367
11796
13778
13877
10531
10588
11940
12157
9542
11530
13216
12735
9693
12450
13284
12647
11424
13781
13033
13411
10830
10280
13577
13556
11257
9888
11779
11820
9002
12862
12883
12075
11410
12304
13177
12309
10819
13226
13179
12672
11729
11122
13767
13320
11955
9854
11152
11542
9906
13095
13006
12785
9237
12345
13542
12888
10602
12939
13786
13276
12470
9488
13121
13716
11356
9976
12361
12550
10186
12645
12556
12603
10167
12618
13230
13422
10507
13734
13538
12868
11895
9720
13645
14086
9576
9840
12099
11218
9279
11098
13557
12652
7484
12757
13448
13380
12305
13515
13420
13790
11565
11265
13169
13551
11522
9709
11965
10856
8260
13233
12915
12239
9261
13367
13254
11881
11968
12848
13547
13458
12105
10706
13572
13444
12514
11542
12263
12522
7415
13374
12990
13388
10477
13314
13642
13661
12626
13818
13765
13827
11978
11547
13458
13652
11747
10856
12119
12038
10435
12959
13365
13131
10598
12988
13235
13302
11642
12967
13270
12576
11469
10235
13074
12777
12504
10726
10937
11705
10243
11966
11818
12283
9141
13056
13454
13651
11096
12935
13516
13210
11659
11582
13584
13840
12018
11703
11859
11423
9348
13058
13549
12675
10755
12823
12541
12513
12083
13589
13130
13566
12370
11086
13432
13695
12422
11661
11402
11530
10689
12088
12562
13331
8676
12608
12902
12719
12431
11771
13808
13154
11720
11566
13435
13472
11994
11527
11810
11835
11042
13088
13324
13277
9644
12817
12907
13080
11712
13790
13485
13291
12094
11400
13338
13255
11548
10082
11544
12485
9715
13300
13525
12731
9360
12090
13586
13015
11632
13381
13307
13875
11572
11395
13653
13442
12363
8715
12085
12969
10130
13514
13540
11795
9695
13131
13385
13283
12212
13733
13714
13701
12627
11734
13066
12445
12904
11082
12423
12871
10919
12786
13377
12951
10920
13198
13587
13389
12480
13404
13566
13071
10328
11853
14131
13503
12397
10340
12132
11401
10399
13263
13844
13037
10573
12677
12691
13509
11973
13539
13615
13730
11796
11166
13786
13456
12600
11316
11818
12531
10180
13167
13514
12709
9735
13298
13986
13504
11916
13449
13345
13577
11242
11871
14089
14034
12410
10682
12615
12840
8613
13030
13051
13553
9497
11952
13712
13615
10763
13702
13335
13831
11379
11437
13603
13531
11640
11405
11600
12662
9829
13275
13865
12652
10367
12919
13734
13421
11802
13309
13665
12657
11853
11334
13360
13856
12010
10666
11665
11518
9936
12689
12850
12610
10183
13120
12902
13029
11268
13653
13921
13301
12848
11579
13323
13594
12418
10461
12652
12619
10114
13627
13916
11857
9816
13428
13116
13517
12039
13781
13480
13823
11858
11056
13896
12032
10726
10373
11440
12035
10558
11709
13638
13409
10015
13456
12945
13552
12315
13214
14011
13417
11629
10460
13766
13428
11823
10542
11891
12662
9515
13723
13847
12813
8122
13547
13791
13195
11359
13939
13792
12762
11946
11335
13488
13029
12232
10154
10632
12321
10823
13586
13874
12295
10058
12811
13313
12352
11777
13644
13428
13766
12730
9523
13788
12965
11388
11098
11412
13271
10316
12647
13471
12258
10481
13129
13266
12767
11195
12171
13635
12303
12304
9489
13935
12967
10899
11325
10746
12916
10742
13173
13214
12666
9186
13055
13171
13341
10518
12480
13247
13328
11772
11429
13476
13441
10408
9512
12425
12832
10249
12963
13517
13050
10332
11493
13582
13736
10874
13679
13555
13986
12444
10304
13910
14007
11523
11557
11628
11823
5782
12891
13238
13582
10918
12924
13431
12555
12098
13548
12921
13326
12646
12392
13377
13810
12259
11539
12216
12876
9707
12878
12931
13479
10356
13414
13622
13314
12480
13315
13813
13618
11716
11243
13283
13670
12641
10988
11669
12905
10330
12033
13748
12567
11061
13315
13776
13298
11591
13714
13603
13661
11823
11190
13836
14015
11661
11007
12251
13084
9581
13508
12976
12993
10735
13169
13774
13782
11436
13866
13755
13338
11973
10349
13429
13612
11984
11716
11331
13457
10960
13542
13341
12596
9783
13031
13563
13879
12253
13355
13888
13928
12425
11993
14076
13102
11132
10935
12723
12169
9566
13623
13760
12957
10299
13218
13323
13321
11594
13588
13528
13927
12775
11448
13798
13771
11669
10346
11907
12432
10947
13584
12201
13048
10532
13279
13484
13332
12481
13888
13673
13833
12430
11730
13866
13458
12909
11604
11621
13134
11130
12816
13459
13159
9969
13784
13234
13262
12020
13556
13598
13700
12289
11958
13444
13895
11937
10790
12631
12599
10854
13651
13795
12071
11130
13096
13807
13190
11592
13979
13679
13642
11507
12007
13555
13577
11209
9726
12510
12901
11535
12813
13430
13088
9675
13292
13060
13444
12130
13327
13496
13957
12112
10773
13910
13516
12571
11541
12253
13336
11032
13274
13778
12792
10472
13718
13636
13605
12275
13646
14019
13808
12220
11537
13936
13789
12803
10496
11922
12902
10348
13580
13321
11928
10255
13358
14044
13627
11413
13924
13986
13836
12537
11382
13424
14094
12674
11089
12069
12454
11652
13719
13236
13266
10080
13206
13451
13461
10790
13956
14078
13612
12820
11720
13739
13405
12398
11493
12369
12199
11195
13749
13778
11933
10611
13602
14177
13824
12212
13996
13654
13118
12321
11214
14029
13863
12479
11114
11929
13293
10576
13541
14027
13237
10821
13589
13394
11768
12028
12900
12859
13928
12250
10095
13079
13404
12474
11724
11654
12944
11756
13465
13154
13108
10934
13208
13959
12599
11665
13116
13723
13727
12639
10755
13797
13768
12997
11467
12534
12930
11376
13557
13357
12658
10433
13635
13594
13725
12427
13734
13983
13829
12614
12512
13465
13609
12619
11464
12242
12557
9618
13550
13490
12391
10029
12260
13930
13624
11340
12660
13496
13872
12579
10769
13755
14066
12766
11444
10822
11687
9578
13381
13532
13004
9650
13311
13654
13273
12131
13076
13861
13488
12015
11798
13828
13629
12237
10716
10785
12082
10287
12885
13100
13633
11250
13007
13540
12800
12176
12665
13898
13724
12933
12213
13950
13606
12899
11857
12073
12885
10402
13681
13727
13766
9608
13462
13921
12906
11520
13924
14029
13956
12769
11609
14191
13347
12477
11046
11291
13187
10109
13034
13511
13184
10876
13369
13857
13577
12572
13683
13708
13717
12731
9710
13735
13587
12106
11122
10755
13447
11092
13388
13838
12159
10661
12936
13636
13415
11792
13603
13588
13791
11912
10288
13984
13852
12528
9460
12247
11013
11109
13171
13688
12094
9087
13153
13694
12854
11795
12687
13973
13647
11169
11298
13329
13911
12260
10304
12338
12439
6351
13687
13493
12401
9888
12989
13163
13718
11304
13993
13265
13771
12595
11236
13720
13890
12206
10618
12307
13094
10060
13595
13615
12908
10815
13693
13826
13533
12118
13729
13556
14145
12203
10201
14053
13726
12306
10844
12665
12751
10147
13488
13823
13459
11172
13034
13993
13496
12110
13912
13876
13595
12606
10134
14045
13893
12063
10559
12214
12828
10843
13657
13692
12771
10454
12172
14138
13853
12455
13735
13947
13865
12814
11703
14104
13591
12935
11479
11559
13173
11275
13289
13331
13436
11562
13209
13738
13258
12384
13749
13906
14042
11903
11584
14119
13940
12721
10990
11378
13044
10656
13125
13830
13063
11378
12917
13796
13578
12210
13997
13642
13900
11787
11998
13552
13581
11577
11364
11668
13143
9739
13554
13822
12908
11609
13045
13510
13579
12865
13107
13503
13807
12653
11262
13946
13929
12343
12226
12045
12839
10560
13324
13126
13101
11225
12447
13448
13319
12881
14042
13866
13901
12908
11784
13432
13864
11973
11521
12155
12834
10949
13407
13859
12677
11984
13479
13735
13302
12644
13858
13395
13777
12653
12065
13891
13404
13108
11254
12693
13032
11724
13488
13685
13632
11104
13228
13527
13702
12407
13927
13991
13541
12750
11839
14058
13992
11681
10796
12089
12780
11116
12970
13654
12976
10077
13134
13879
13341
12672
13710
14009
13220
12404
12047
13708
13962
12176
11518
12068
12774
11902
13643
13893
13402
11550
13197
13868
13814
12034
13774
13788
14026
12000
10824
14104
14096
12150
10984
12437
13246
9990
13565
13890
13156
11159
13310
13973
13571
12275
13608
13607
13956
12546
11172
13326
14127
12797
9754
12077
12454
10520
13241
13418
13158
10843
13230
13671
12308
12559
13208
13680
13942
12491
11990
14000
13193
12429
11012
12176
12949
11086
13621
13818
12784
10626
13553
14094
13400
11669
13976
14070
13408
12682
11421
13531
13912
12732
11089
12937
11982
10876
12922
12932
13165
11119
13151
13365
13404
11539
13503
13922
13702
11728
12407
14063
13888
12674
11586
11864
12290
10936
13619
13808
13709
11310
13193
13745
13790
12656
12355
14066
14028
13123
11810
13942
14048
12968
11629
11594
12440
11533
13002
13883
13012
10316
13290
13840
13057
12477
13815
13711
14017
13023
12048
14001
13838
12926
11448
12807
13108
8956
13609
14042
13684
10511
13713
13348
13901
11421
14041
13971
13761
11815
11766
13793
13838
12450
11925
12657
12919
10221
13737
14051
13434
10609
13318
13869
13598
12634
13687
14102
13998
12843
11782
14119
14088
12262
10987
12562
12622
10278
12621
13953
13133
11456
13525
13382
13694
12175
12532
13910
13722
12536
12410
13771
13638
12419
10682
11123
13474
10412
13454
13735
13182
10001
13918
14124
13759
12664
13804
13988
13864
13035
10700
13982
14028
12255
12029
12401
13205
10503
13708
13648
12636
11349
13595
14109
13753
11426
13800
13893
14021
12824
12196
14037
13790
12277
10468
11987
13439
10868
13847
13971
13010
11171
12380
13405
13231
11543
13649
14021
13809
13026
10716
13875
13774
12219
11648
11314
13135
10387
13787
13521
12963
11111
12467
13903
13640
11777
13396
14145
13892
12521
11991
13731
13956
12398
11202
11632
13026
10288
13561
13787
13553
11497
13610
12422
13223
12232
13984
13952
13979
12722
12210
14126
14047
12692
11930
11760
13445
9955
13738
13721
13634
10951
13892
13905
13745
12763
13788
13985
13818
11865
11750
13964
13981
12109
11409
12423
13260
11243
13503
14135
13674
11958
12954
13646
13982
12589
13328
14134
14126
12725
11947
14108
14048
12720
11950
12253
12479
10476
13872
13577
12602
10595
13342
14037
13542
12616
13790
13751
13871
13165
11508
13996
13854
12622
12073
12354
13070
10288
13556
13894
13145
11511
13438
13766
13696
12415
13741
13865
13793
11772
11492
14092
14266
12651
11656
12320
13364
11204
13467
13898
13649
11806
13005
13900
13988
11864
14049
13882
14022
13128
11643
14125
13951
12185
11564
12553
12403
11125
13339
13626
13594
11407
13473
13724
14032
12196
13780
13412
13595
12130
11287
14163
13937
12078
11190
11988
12933
11139
13657
13159
13584
11313
13327
13596
13702
12977
13865
13740
12861
11679
12059
13964
13631
11761
10235
13048
12683
10732
13638
13540
13910
12071
13063
13882
13477
12582
14108
14080
13960
12782
11835
14117
14104
11083
12173
12052
12426
11273
13476
13366
13719
10914
13822
13870
14025
12640
13687
13967
13968
12657
11652
14065
14173
12951
12027
12562
13035
10106
13282
13819
13664
11848
13607
13891
13445
12548
14001
14115
14024
12900
12275
13895
13997
12962
11817
11485
13128
11311
13839
13649
13446
11246
13872
13975
13193
12413
14075
14111
13484
12999
11922
14212
13707
12793
11416
12729
13197
11119
13579
14036
13904
11297
13140
12846
13166
12415
13770
14046
14092
12713
12256
14174
13895
12526
11451
12089
12236
11014
13691
14075
13652
11407
13597
13771
13389
12472
13480
13499
13695
12562
12195
14268
13662
12501
11993
12272
13121
11068
13380
14003
13486
11629
13065
13752
13407
12404
14030
13869
14042
12985
11769
14142
14010
12668
11853
11491
12324
12075
13466
12997
13713
10794
13908
13984
13795
12732
13831
14073
14086
12326
11947
14071
13424
12566
11928
12270
13154
8997
13746
13584
12967
11635
12738
14090
13802
12623
13621
13787
13889
12783
11730
13979
13951
12827
11465
12255
13351
11430
13391
13551
13524
11502
13788
13338
13118
12064
13649
13188
13920
12495
11787
14031
13596
12146
11487
12373
13293
11143
13425
13551
13564
11999
13547
13909
13394
12964
13176
13898
13992
11505
11779
14070
13292
12620
11708
11221
12947
11036
12808
13701
13610
11149
13577
13964
13626
12513
14069
13630
14028
11455
11604
13579
13222
11985
11295
12920
12022
10862
13520
13931
13569
10999
13552
13606
12830
12781
13405
13906
13828
12042
11647
14120
14210
12542
12549
11421
13022
11487
13579
13466
13597
11946
13621
14015
13390
12822
13359
13747
13694
11749
12388
14030
14071
12466
11455
11377
13279
11639
13850
13809
13623
11558
13684
13847
13142
13038
13809
13977
14077
13094
11863
13140
13938
12674
12217
12135
13379
11358
13411
13932
13736
11163
13324
12355
13153
12222
13619
14048
13730
12141
11748
14095
14028
12506
11875
11636
12585
10463
13288
13762
13366
11839
13375
13844
13804
12667
13801
13234
14042
12865
12270
14004
13788
12518
12292
12195
13128
10890
13549
14103
13327
11645
13451
13810
13924
12702
13856
13842
14086
12311
11500
14184
14033
12753
11642
12430
13079
11789
13652
13988
13579
10667
12926
13799
13520
11945
13834
13825
13158
12191
10748
14066
14101
12967
11819
12051
13125
10324
13740
13507
13334
10122
13219
14100
13394
12422
13906
13760
13992
12967
12581
14222
14228
12733
10985
12093
13567
10544
13966
13965
13197
10984
13249
14112
13683
11807
13450
14048
13940
12981
11973
14085
14080
12855
11713
