-30143.0
-26933.0
-34515.0
-26406.0
-23251.0
-20037.0
-18573.0
-20986.0
-31192.0
-16940.0
-28663.0
-17230.0
-22325.0
-28978.0
-19063.0
-27599.0
-15005.0
-11178.0
-16634.0
-29413.0
-17308.0
-22657.0
-18366.0
-18179.0
-16522.0
-16673.0
-24938.0
-11643.0
-18002.0
-23195.0
-15184.0
-18544.0
-32055.0
-19859.0
-15735.0
-12601.0
-16604.0
-20208.0
-23019.0
-21255.0
-11529.0
-14905.0
-27093.0
-27314.0
-17281.0
-14060.0
-18046.0
-20902.0
-14329.0
-17341.0
-20852.0
-17633.0
-22736.0
-15593.0
-21908.0
-17405.0
-30563.0
-18657.0
-14757.0
-12898.0
-26928.0
-20243.0
-8836.0
-10938.0
-25314.0
-22125.0
-8967.0
-14223.0
-25815.0
-22477.0
-15803.0
-18314.0
-17482.0
-18146.0
-15243.0
-22210.0
-9562.0
-15616.0
-22372.0
-13293.0
-22177.0
-24653.0
-25168.0
-13827.0
-15933.0
-18768.0
-21537.0
-16867.0
-17127.0
-21494.0
-10803.0
-11983.0
-13887.0
-22756.0
-12601.0
-17237.0
-17803.0
-20274.0
-12273.0
-13521.0
-17050.0
-20675.0
-28838.0
-20678.0
-12571.0
-12921.0
-18344.0
-17928.0
-13231.0
-14319.0
-27486.0
-11980.0
-12782.0
-12308.0
-25453.0
-26954.0
-18439.0
-14646.0
-14699.0
-29336.0
-24301.0
-22326.0
-15207.0
-20677.0
-18088.0
-23188.0
-20232.0
-15238.0
-19784.0
-20198.0
-23141.0
-17037.0
-20854.0
-18298.0
-15784.0
-10357.0
-19598.0
-21659.0
-13999.0
-13633.0
-9987.0
-11311.0
-11481.0
-22169.0
-6239.0
-13397.0
-20623.0
-24735.0
-13242.0
-16555.0
-18037.0
-19044.0
-19973.0
-9022.0
-14943.0
-11475.0
-15865.0
-24221.0
-21497.0
-21036.0
-18884.0
-14682.0
-11760.0
-16575.0
-25236.0
-23432.0
-15314.0
-7721.0
-18430.0
-17137.0
-15356.0
-17305.0
-15568.0
-19985.0
-16582.0
-27424.0
-28311.0
-15360.0
-21347.0
-13784.0
-20909.0
-19286.0
-16304.0
-10097.0
-14695.0
-15035.0
-16450.0
-21061.0
-12262.0
-11801.0
-12101.0
-15872.0
-15098.0
-14905.0
-17595.0
-13272.0
-15057.0
-16064.0
-12832.0
-21084.0
-12095.0
-10557.0
-22543.0
-11717.0
-13378.0
-13404.0
-16745.0
-13141.0
-10342.0
-17034.0
-18417.0
-5530.0
-22030.0
-16965.0
-11570.0
-21521.0
-14967.0
-9784.0
-27988.0
-11582.0
-14482.0
-18625.0
-16433.0
-8953.0
-10801.0
-16036.0
-17778.0
-9611.0
-20568.0
-11658.0
-19046.0
-9945.0
-15347.0
-14682.0
-12000.0
-11547.0
-18011.0
-13041.0
-14344.0
-12291.0
-11710.0
-11468.0
-19472.0
-17711.0
-13893.0
-7836.0
-13934.0
-14961.0
-12476.0
-17220.0
-16222.0
-13223.0
-20265.0
-13322.0
-12588.0
-9975.0
-10494.0
-23471.0
-11636.0
-13868.0
-15476.0
-6188.0
-15101.0
-16689.0
-13886.0
-15382.0
-10930.0
-10028.0
-12838.0
-16757.0
-16572.0
-9027.0
-9168.0
-13159.0
-10341.0
-9860.0
-18919.0
-12553.0
-15753.0
-7353.0
-14440.0
-19854.0
-21319.0
-7097.0
-6125.0
-11030.0
-8527.0
-8144.0
-7599.0
-17945.0
-10826.0
-12584.0
-13420.0
-22822.0
-7958.0
-10861.0
-20869.0
-14413.0
-4908.0
-20274.0
-14234.0
-26032.0
-22336.0
-11615.0
-12514.0
-7034.0
-8664.0
-12073.0
-11942.0
-8492.0
-14149.0
-7804.0
-17094.0
-11584.0
-15886.0
-23824.0
-7094.0
-4923.0
-13138.0
-11199.0
-17119.0
-9228.0
-6760.0
-10345.0
-4364.0
-11435.0
-6623.0
-8190.0
-21623.0
-15183.0
-10257.0
-13963.0
-18986.0
-6889.0
-8534.0
-9031.0
-12435.0
-9825.0
-5938.0
-13779.0
-5735.0
-9066.0
-9891.0
-10725.0
-6771.0
-7344.0
-11875.0
-11725.0
-7204.0
-14991.0
-9863.0
-11012.0
-20064.0
-14446.0
-4426.0
-5700.0
-13238.0
-12399.0
-10322.0
-8558.0
-14654.0
-6789.0
-4431.0
-7447.0
-9248.0
-9487.0
-7647.0
-6173.0
-14341.0
-14198.0
-6785.0
-5949.0
-7003.0
-8902.0
-4354.0
-12068.0
-10772.0
-7281.0
-11941.0
-10185.0
-7495.0
-10199.0
-6612.0
-4706.0
-6487.0
-6780.0
-10399.0
-7815.0
-8766.0
-7418.0
-8414.0
-7125.0
-8265.0
-6451.0
-3594.0
-7151.0
-11537.0
-6332.0
-7910.0
-12688.0
-5706.0
-6082.0
-9245.0
-7742.0
-8632.0
-6310.0
-10927.0
-10413.0
-5928.0
-6738.0
-10035.0
-4595.0
-8783.0
-7576.0
-9836.0
-18609.0
-4851.0
-3804.0
-7440.0
-10630.0
-7010.0
-10495.0
-8530.0
-7594.0
-6428.0
-9016.0
-8970.0
-3730.0
-7432.0
-9230.0
-7192.0
-11489.0
-12972.0
-3583.0
-5619.0
-3817.0
-7943.0
-3886.0
-5110.0
-6399.0
-4396.0
-6338.0
-5089.0
-8605.0
-2476.0
-7970.0
-4773.0
-6390.0
-4528.0
-8578.0
-6847.0
-7126.0
-12346.0
-4828.0
-8502.0
-4948.0
-7048.0
-6939.0
-3649.0
-3256.0
-6250.0
-4184.0
-4189.0
-6352.0
-5515.0
-16571.0
-6779.0
-6270.0
-6404.0
-4306.0
-4159.0
-5315.0
-7213.0
-4535.0
-6372.0
-4835.0
-6567.0
-4303.0
-7120.0
-6806.0
-5717.0
-7590.0
-7878.0
-4481.0
-4595.0
-3911.0
-7501.0
-4501.0
-3855.0
-7306.0
-4442.0
-2090.0
-4130.0
-6183.0
-7005.0
-4024.0
-11208.0
-6820.0
-8310.0
-5018.0
-11418.0
-4860.0
-12652.0
-3933.0
-2782.0
-4673.0
-4792.0
-3887.0
-3853.0
-4701.0
-8216.0
-2715.0
-4294.0
-5751.0
-5197.0
-9152.0
-2399.0
-2063.0
-5703.0
-4960.0
-8568.0
-3770.0
-4540.0
-6756.0
-3239.0
-4399.0
-6415.0
-2199.0
-6943.0
-2667.0
-8467.0
-9737.0
-8847.0
-3294.0
-1796.0
-2072.0
-4100.0
-3547.0
-5234.0
-5903.0
-3295.0
-2496.0
-8373.0
-6204.0
-3843.0
-2728.0
-4785.0
-3594.0
-4041.0
-4462.0
-7212.0
-3222.0
-5934.0
-5254.0
-9416.0
-2621.0
-8870.0
-3150.0
-4071.0
-3095.0
-2729.0
-3656.0
-3383.0
-3357.0
-2504.0
-8950.0
-2974.0
-2995.0
-5267.0
-3691.0
-4253.0
-2044.0
-2290.0
-4129.0
-1871.0
-4232.0
-4511.0
-2763.0
-4253.0
-3764.0
-5661.0
-4821.0
-5658.0
-6795.0
-2152.0
-2012.0
-3793.0
-4711.0
-2855.0
-3916.0
-1790.0
-1855.0
-2420.0
-4845.0
-1888.0
-2404.0
-5092.0
-3337.0
-2563.0
-4818.0
-4175.0
-2741.0
-9590.0
-2904.0
-3547.0
-2651.0
-5377.0
-3105.0
-2643.0
-3011.0
-3694.0
-3511.0
-2137.0
-3226.0
-3462.0
-4017.0
-1741.0
-1568.0
-2746.0
-5261.0
-2812.0
-2537.0
-2211.0
-2516.0
-3106.0
-4738.0
-3911.0
-1856.0
-3048.0
-6185.0
-3518.0
-3969.0
-3290.0
-3224.0
-2835.0
-5401.0
-4616.0
-2395.0
-1838.0
-1907.0
-2025.0
-1916.0
-2232.0
-4618.0
-1666.0
-1822.0
-4887.0
-2875.0
-2569.0
-2521.0
-3256.0
-1817.0
-4262.0
-3110.0
-2654.0
-1781.0
-5656.0
-3138.0
-1609.0
-2250.0
-5877.0
-1749.0
-2295.0
-2324.0
-2259.0
-5068.0
-1798.0
-2102.0
-2400.0
-5257.0
-4218.0
-1750.0
-4867.0
-2741.0
-2339.0
-3143.0
-4139.0
-1134.0
-5839.0
-4792.0
-3007.0
-4757.0
-3745.0
-2590.0
-2149.0
-5124.0
-4197.0
-4376.0
-3272.0
-1886.0
-2243.0
-2545.0
-3617.0
-2247.0
-2052.0
-1975.0
-3062.0
-2593.0
-3910.0
-3408.0
-3010.0
-3856.0
-5700.0
-2800.0
-3247.0
-2290.0
-2933.0
-2656.0
-903.0
-2691.0
-2738.0
-3026.0
-1841.0
-2640.0
-2660.0
-2947.0
-1947.0
-1664.0
-2724.0
-2867.0
-3545.0
-1443.0
-1833.0
-5516.0
-2126.0
-2560.0
-2199.0
-1613.0
-3964.0
-2255.0
-5126.0
-2776.0
-2147.0
-2225.0
-2110.0
-1479.0
-2803.0
-1804.0
-2038.0
-1967.0
-1958.0
-2282.0
-3699.0
-4524.0
-1767.0
-1393.0
-6107.0
-1584.0
-1593.0
-3383.0
-2470.0
-1928.0
-4412.0
-2813.0
-2577.0
-1853.0
-4237.0
-1773.0
-1764.0
-1527.0
-2824.0
-1833.0
-1575.0
-1843.0
-3525.0
-4580.0
-392.0
-3806.0
-2601.0
-2268.0
-3071.0
-1847.0
-2535.0
-4257.0
-2013.0
-2940.0
-3045.0
-1810.0
-3231.0
-2039.0
-4556.0
-2934.0
-2896.0
-1594.0
-2291.0
-1517.0
-2860.0
-3054.0
-1403.0
-1173.0
-1247.0
-1412.0
-1750.0
-2161.0
-1982.0
-2071.0
-1727.0
-2818.0
-2950.0
-1840.0
-2308.0
-2148.0
-3464.0
-2413.0
-1371.0
-1259.0
-6007.0
-2176.0
-1194.0
-1459.0
-1378.0
-2112.0
-1606.0
-1180.0
-2275.0
-2638.0
-1441.0
-1175.0
-2444.0
-2298.0
-2244.0
-1518.0
-1591.0
-2077.0
-2145.0
-3040.0
-2056.0
-1170.0
-3589.0
-2424.0
-3533.0
-2681.0
-2161.0
-1791.0
-2035.0
-1489.0
-2526.0
-1993.0
-2309.0
-1399.0
-1039.0
-1589.0
-2062.0
-4296.0
-2372.0
-1796.0
-1982.0
-3473.0
-2783.0
-1932.0
-3404.0
-1178.0
-5003.0
-2278.0
-1755.0
-2480.0
-3231.0
-3827.0
-821.0
-2204.0
-2079.0
-2367.0
-1422.0
-1393.0
-5496.0
-2796.0
-1189.0
-1527.0
-2828.0
-3398.0
-3752.0
-2156.0
-1360.0
-2857.0
-2753.0
-3806.0
-4259.0
-4069.0
-2389.0
-2908.0
-3307.0
-2367.0
-2939.0
-2532.0
-1878.0
-2262.0
-2576.0
-4701.0
-1612.0
-2271.0
-2384.0
-2051.0
-2019.0
-3939.0
-1043.0
-1388.0
-2068.0
-2026.0
-1395.0
-1695.0
-3051.0
-1704.0
-2599.0
-1768.0
-1493.0
-2150.0
-3439.0
-1252.0
-1829.0
-1517.0
-2333.0
-1182.0
-1656.0
-1641.0
-3116.0
-5089.0
-2501.0
-2553.0
-2350.0
-4007.0
-4312.0
-2614.0
-3364.0
-2312.0
-1728.0
-3252.0
-3014.0
-2080.0
-3901.0
-4319.0
-4106.0
-2243.0
-3430.0
-3560.0
-1076.0
-1841.0
-3033.0
-1949.0
-1801.0
-1929.0
-1899.0
-1594.0
-2417.0
-2095.0
-1738.0
-1387.0
-2642.0
-3026.0
-1564.0
-1340.0
-2602.0
-1806.0
-2195.0
-647.0
-1724.0
-1674.0
-3531.0
-1794.0
-756.0
-669.0
-2529.0
-1597.0
-2082.0
-4159.0
-1914.0
-2139.0
-620.0
-1739.0
-2087.0
-2580.0
-2914.0
-1595.0
-1743.0
-2271.0
-1855.0
-2471.0
-1774.0
-1759.0
-2091.0
-1743.0
-4817.0
-2786.0
-2967.0
-1958.0
-1430.0
-1294.0
-1666.0
-1784.0
-1421.0
-1415.0
-1566.0
-1086.0
-2756.0
-1712.0
-1310.0
-1572.0
-2061.0
-1898.0
-2200.0
-1606.0
-2061.0
-1600.0
-2542.0
-1396.0
-2460.0
-1790.0
-2779.0
-1457.0
-1300.0
-1355.0
-3041.0
-1593.0
-798.0
-2136.0
-1659.0
-2481.0
-1825.0
-1039.0
-2463.0
-2179.0
-2036.0
-522.0
-1919.0
-1942.0
-982.0
-2599.0
-3195.0
-1453.0
-2473.0
-2340.0
-2377.0
-1691.0
-1602.0
-1752.0
-1009.0
-2045.0
-2133.0
-1464.0
-984.0
-1513.0
-1604.0
-944.0
-2398.0
-2619.0
-566.0
-1616.0
-1116.0
-2528.0
-2288.0
-2359.0
-1898.0
-1520.0
-2175.0
-1457.0
-1042.0
-1578.0
-2650.0
-1724.0
-747.0
-1399.0
-2437.0
-1250.0
-1837.0
-1099.0
-3909.0
-2135.0
-92.0
-1281.0
-2033.0
-2109.0
-1785.0
-1706.0
-821.0
-2235.0
-2285.0
-2288.0
-2859.0
-1982.0
-1323.0
-1698.0
-3077.0
-2610.0
-2007.0
-1470.0
-365.0
-1294.0
-3459.0
-2193.0
-1378.0
-2255.0
-1397.0
-208.0
-2182.0
-1475.0
-85.0
-1613.0
-2017.0
-1783.0
-1361.0
-1855.0
-2292.0
-4255.0
-1978.0
-1819.0
-571.0
-3167.0
-2587.0
-1677.0
-497.0
-1864.0
-1712.0
-2262.0
-1042.0
-1949.0
-2556.0
-2648.0
-759.0
-2275.0
-2331.0
-4110.0
-2031.0
-2176.0
-1766.0
-2475.0
-1726.0
-1808.0
-1647.0
-1480.0
-2180.0
-531.0
-3600.0
-2233.0
-1641.0
-1432.0
-2321.0
-1529.0
-1801.0
-2422.0
-1342.0
-1267.0
-1067.0
-163.0
-1429.0
-2497.0
-1843.0
-44.0
-2374.0
-1755.0
-1573.0
-1700.0
-3497.0
-1215.0
-2460.0
-1143.0
-1281.0
-1476.0
-2703.0
-1295.0
-524.0
-1216.0
-1343.0
-1284.0
-1293.0
-1128.0
-1430.0
-1656.0
-1768.0
-679.0
-1566.0
-1725.0
-1878.0
-2392.0
-1509.0
-2094.0
-2137.0
-2202.0
-1886.0
-1475.0
-2025.0
-1752.0
-2493.0
-2197.0
-1571.0
-1292.0
-289.0
-1243.0
-3397.0
-1190.0
-808.0
-203.0
-1029.0
-23.0
-1760.0
-2395.0
-1464.0
-1342.0
-1333.0
-2165.0
-1885.0
-2185.0
-2370.0
-1507.0
-2844.0
-1279.0
-940.0
-1276.0
-2505.0
-2037.0
-587.0
-1531.0
-2708.0
-1050.0
-3188.0
-1109.0
-1746.0
-2629.0
-208.0
-1749.0
-1687.0
-2185.0
-2139.0
-1884.0
-1677.0
-1661.0
-951.0
-1825.0
-1572.0
-1082.0
-1750.0
-1401.0
-2047.0
-2173.0
-1328.0
-1827.0
-1636.0
-1279.0
-1939.0
-1631.0
-1096.0
-1347.0
-1022.0
176.0
-1642.0
-1961.0
-675.0
-1697.0
-1288.0
-2077.0
-1036.0
-2159.0
-1832.0
-2237.0
-1864.0
-2233.0
-126.0
-1107.0
-1584.0
-1618.0
117.0
-1654.0
-1565.0
-2740.0
-193.0
-1950.0
-3782.0
-1868.0
-1079.0
-3007.0
-1687.0
-2085.0
-1943.0
-588.0
-1492.0
-1877.0
-1572.0
-2427.0
-1556.0
-2034.0
-1999.0
-1369.0
-2852.0
-2245.0
-1907.0
-1612.0
-1313.0
-1484.0
-2137.0
-1299.0
-778.0
-1502.0
-1091.0
-1625.0
-1627.0
-1686.0
-1600.0
-1884.0
-2309.0
-1574.0
-1151.0
-1434.0
-2169.0
-1822.0
-2485.0
-1355.0
35.0
-1100.0
-2327.0
-911.0
-835.0
-1162.0
-1365.0
-1182.0
-1166.0
-1098.0
-1822.0
-2127.0
-973.0
-638.0
-2180.0
-2668.0
-1862.0
-1704.0
-1124.0
-2275.0
-1249.0
-2199.0
-1710.0
-1048.0
-1714.0
-1624.0
-2361.0
-1749.0
-1166.0
-2056.0
-1229.0
-2493.0
-2127.0
-2461.0
-940.0
-1072.0
-1287.0
-243.0
-1504.0
-1042.0
-256.0
-870.0
-1554.0
-1622.0
-1976.0
-2470.0
-1671.0
-1476.0
-2049.0
-1735.0
-2312.0
-2174.0
-1822.0
-1670.0
-1077.0
-1128.0
-1645.0
-104.0
-1080.0
-1064.0
-2027.0
-1544.0
-97.0
-1283.0
-1675.0
-1618.0
-1814.0
-366.0
-2647.0
-1757.0
-1980.0
-3086.0
-1419.0
-1109.0
-2004.0
-1650.0
-2005.0
-1439.0
-1436.0
-2711.0
-98.0
-1452.0
-1787.0
-1226.0
-1071.0
-920.0
-1095.0
-27.0
-2360.0
-1770.0
-1377.0
-1491.0
-1166.0
-1816.0
-526.0
-1492.0
-1815.0
-1290.0
-1972.0
-1812.0
-1312.0
-1222.0
-2534.0
-1269.0
-514.0
-1157.0
-1406.0
-391.0
-1109.0
-1193.0
-1352.0
-2351.0
-11.0
-852.0
-1310.0
-1783.0
-2147.0
-149.0
-1268.0
-1352.0
-1835.0
-1857.0
-2272.0
-1320.0
-2118.0
-1167.0
-2894.0
-1841.0
-1472.0
-1066.0
-1285.0
-1186.0
-1287.0
-1540.0
-880.0
-1818.0
-1535.0
-418.0
-1545.0
-1559.0
-1353.0
-812.0
-1448.0
-1352.0
-213.0
-1415.0
-2195.0
-1290.0
-2173.0
-1045.0
-1123.0
-1657.0
-1956.0
-1403.0
-749.0
-2047.0
-2202.0
-1029.0
-2068.0
-1055.0
-1519.0
-2180.0
6.0
-282.0
-1261.0
-1632.0
-1900.0
-1192.0
-1515.0
-1335.0
-955.0
-1715.0
-1635.0
-1108.0
-2025.0
-2054.0
-2001.0
-1947.0
-1458.0
-1070.0
-800.0
-1474.0
-1765.0
-1364.0
-1685.0
-1396.0
-1080.0
-263.0
-1258.0
-1959.0
-960.0
-39.0
-1465.0
-1261.0
-895.0
-2060.0
-1973.0
-1113.0
-1580.0
-1530.0
-601.0
-1244.0
-2438.0
-635.0
22.0
-1919.0
-1392.0
-1944.0
-1892.0
-7.0
-1865.0
-2956.0
-370.0
-2135.0
-1199.0
-3057.0
-2842.0
-1373.0
-1232.0
-2129.0
-573.0
-2966.0
-1548.0
-1879.0
-1872.0
-1903.0
-3072.0
-3274.0
-1508.0
-2075.0
-1221.0
-1412.0
-2187.0
-1195.0
-1604.0
-1374.0
-1570.0
-478.0
-1355.0
-2124.0
-182.0
-223.0
-1904.0
-1472.0
-1199.0
-1412.0
-1785.0
-1529.0
-2361.0
-1494.0
-999.0
-1297.0
-1929.0
-1340.0
-980.0
-1002.0
-1673.0
-1197.0
-1046.0
-596.0
-2383.0
-1764.0
-280.0
-917.0
-1850.0
-2069.0
-2331.0
-438.0
-1733.0
-1497.0
-766.0
-1880.0
-1683.0
-1261.0
-1552.0
-1207.0
-2426.0
-1694.0
-1374.0
-1469.0
-1086.0
-771.0
-1380.0
-1320.0
-1095.0
-1025.0
-1117.0
40.0
-1294.0
-1395.0
-1545.0
-1035.0
-1195.0
-1291.0
-832.0
-1259.0
-1869.0
-1437.0
-1522.0
-1152.0
-527.0
-1335.0
-2361.0
-597.0
-1019.0
-1140.0
-1664.0
-1245.0
-713.0
-161.0
-1465.0
-1773.0
-125.0
-310.0
-1389.0
-1917.0
-1733.0
-1065.0
-1171.0
-1726.0
-1577.0
-1482.0
-1743.0
-1393.0
-1845.0
-1339.0
-2323.0
-2636.0
-766.0
-1880.0
-90.0
-1253.0
-2184.0
-1692.0
-1363.0
-236.0
-1388.0
-171.0
-1303.0
-1685.0
-979.0
-946.0
-1373.0
-2898.0
-1148.0
-2212.0
-1976.0
-1273.0
-1766.0
-1049.0
-585.0
-1114.0
-2232.0
-2064.0
-1138.0
-2161.0
-1678.0
-938.0
-1107.0
-11.0
-1551.0
-2116.0
-1035.0
-918.0
-1260.0
-1898.0
-1387.0
-1024.0
-1170.0
-1410.0
-1286.0
-1501.0
-1920.0
-1085.0
-1659.0
-1456.0
-4081.0
-1571.0
-1238.0
-1268.0
-965.0
-1010.0
-1358.0
-1159.0
-245.0
-2257.0
-2500.0
119.0
-1437.0
-1615.0
-1227.0
-1389.0
-1258.0
-1833.0
-1374.0
-1310.0
-458.0
-1842.0
-3566.0
-1019.0
-1214.0
-1582.0
-1717.0
-1448.0
-102.0
-40.0
-1522.0
-297.0
-1008.0
-1003.0
-1392.0
-3724.0
-26.0
-1053.0
-1305.0
-1671.0
-1854.0
-1122.0
-967.0
-1315.0
-1201.0
-1795.0
-2448.0
-1424.0
-1713.0
-2412.0
-2559.0
-1529.0
-888.0
-1091.0
-288.0
-97.0
-1907.0
-1321.0
-241.0
-842.0
-1048.0
-366.0
-1590.0
-746.0
-954.0
-183.0
-2867.0
-1800.0
-189.0
-1289.0
-1549.0
-1337.0
-919.0
-1327.0
-1108.0
-1191.0
-1855.0
-1210.0
-1052.0
-1759.0
-1893.0
-1168.0
96.0
-286.0
-1397.0
-2240.0
-191.0
66.0
-1441.0
-1618.0
-1557.0
-1023.0
-1303.0
-1516.0
-1594.0
-1467.0
-1723.0
-1473.0
-1265.0
-1461.0
-1956.0
-1366.0
-1342.0
-1123.0
-903.0
-1166.0
-1486.0
-1282.0
-1133.0
-1060.0
-1007.0
-1352.0
-1375.0
-1309.0
-968.0
-572.0
-1051.0
-1380.0
39.0
-2114.0
-1630.0
-1334.0
-1709.0
-954.0
-18.0
-1062.0
-2409.0
-1171.0
-1035.0
-1124.0
-1720.0
-997.0
-113.0
-988.0
-1277.0
-3041.0
-1415.0
-1249.0
-1398.0
-2210.0
-1471.0
-879.0
-776.0
-2379.0
-1220.0
-1389.0
-1298.0
-1059.0
-1546.0
-1665.0
-3015.0
-1341.0
-2033.0
-1049.0
-1420.0
-506.0
-1391.0
-1457.0
-1289.0
-1606.0
-1387.0
-996.0
-1352.0
-1246.0
-221.0
158.0
-1253.0
-1221.0
-986.0
-1203.0
-1028.0
-1962.0
-1985.0
-1449.0
-1779.0
-1872.0
-2488.0
-1313.0
-177.0
-1628.0
-1103.0
-993.0
-314.0
-1048.0
-1697.0
-1935.0
-330.0
-213.0
-1240.0
-1368.0
-1605.0
-1113.0
-1236.0
-1480.0
-1674.0
-1626.0
-1664.0
-1125.0
-2260.0
-1780.0
-3111.0
-2161.0
-1242.0
-1040.0
-943.0
-289.0
-1492.0
-1438.0
-716.0
-1146.0
-1256.0
-68.0
-1376.0
-1498.0
-1086.0
98.0
-1144.0
-1190.0
176.0
-1241.0
-1308.0
-1609.0
-2316.0
-1037.0
-477.0
-1148.0
-2113.0
-1222.0
-1366.0
-1420.0
-1164.0
-1011.0
-298.0
-131.0
-1619.0
-648.0
-1657.0
-581.0
-1234.0
-1306.0
-1770.0
-1053.0
-139.0
-1983.0
-1764.0
-1951.0
-1355.0
-976.0
-2139.0
-623.0
-2410.0
-2037.0
-1195.0
-1157.0
-1040.0
-492.0
-1357.0
-1376.0
-1057.0
-1557.0
-446.0
-99.0
-1397.0
-1523.0
-995.0
-918.0
-1336.0
-1692.0
-1467.0
-486.0
-1373.0
-1061.0
-1549.0
-1017.0
-567.0
-1457.0
-1682.0
-1056.0
-967.0
-1151.0
-1848.0
-1288.0
-141.0
-981.0
-1343.0
-2215.0
245.0
-82.0
-1779.0
-1897.0
-1593.0
-272.0
-1093.0
-1692.0
-1397.0
-1451.0
-1583.0
-1275.0
-1698.0
-1421.0
-3125.0
-2150.0
-1383.0
-1383.0
-565.0
-1054.0
-1434.0
-1343.0
-572.0
-471.0
-987.0
-1041.0
-2241.0
-1245.0
-1010.0
-1214.0
-1422.0
-1353.0
-1076.0
-1194.0
-1533.0
-1597.0
-2127.0
-1047.0
-1140.0
-1167.0
-1848.0
-1384.0
-1332.0
-1039.0
-1606.0
-1312.0
-1267.0
-413.0
-2054.0
-1312.0
-1002.0
-633.0
-1372.0
-1831.0
-1791.0
-1043.0
-1021.0
-2338.0
-1419.0
-1338.0
-1881.0
-1123.0
-1972.0
-1308.0
-2318.0
-2949.0
-1106.0
-1071.0
13.0
-486.0
-971.0
-1295.0
-1014.0
-253.0
-1115.0
-206.0
-1134.0
-481.0
-946.0
211.0
-1297.0
-1596.0
-440.0
-1342.0
-1966.0
-1263.0
-1729.0
-1016.0
-352.0
-1299.0
-1747.0
-973.0
-975.0
-1000.0
-2863.0
-940.0
-1132.0
-440.0
-1922.0
-1500.0
-956.0
-497.0
-1242.0
-1873.0
-1476.0
-1100.0
-1121.0
-1728.0
-1349.0
-1467.0
-1273.0
-1311.0
-1862.0
-1312.0
-1844.0
-1944.0
-1444.0
-1163.0
-841.0
-968.0
-1373.0
-1145.0
-778.0
-270.0
-296.0
-173.0
-1309.0
-1297.0
-363.0
-966.0
-1544.0
-1606.0
-354.0
-1155.0
-2922.0
-1260.0
-1803.0
-1378.0
-137.0
-1090.0
-1668.0
-909.0
-1489.0
-1386.0
-1821.0
-1126.0
-219.0
-1075.0
-2534.0
-1739.0
13.0
-985.0
-1551.0
-1679.0
-1576.0
-1027.0
-447.0
-1407.0
-1090.0
-338.0
-1573.0
-487.0
-1612.0
-2076.0
-2217.0
-1269.0
-1642.0
-1079.0
-382.0
-1008.0
-1433.0
-1608.0
-353.0
-2033.0
-995.0
-543.0
-2884.0
-1460.0
-255.0
-300.0
-1285.0
-1306.0
-1113.0
-1624.0
-1440.0
-1223.0
-1738.0
-1046.0
-746.0
-1078.0
-2122.0
-160.0
-398.0
-1129.0
-1422.0
-924.0
-868.0
-175.0
-1527.0
-1561.0
-615.0
-412.0
-1603.0
-1552.0
-1488.0
-994.0
-1065.0
-1626.0
-1332.0
-640.0
-1339.0
-1110.0
-2234.0
-1103.0
-2029.0
-1475.0
-597.0
-1290.0
-519.0
-547.0
-1524.0
-1402.0
-254.0
-930.0
-968.0
-929.0
-1330.0
-1013.0
-958.0
177.0
-1166.0
-1122.0
162.0
-1297.0
-1443.0
-1227.0
-1634.0
-1299.0
-899.0
-317.0
-2073.0
-336.0
-380.0
-1043.0
-2145.0
-1178.0
-220.0
-280.0
-1547.0
-1650.0
88.0
-321.0
-1490.0
-1223.0
-1522.0
-1164.0
-1891.0
-1948.0
-1467.0
-1190.0
-1661.0
-1077.0
-1989.0
-1767.0
-1736.0
-832.0
-1409.0
-1324.0
-57.0
-1096.0
-1077.0
-1443.0
-501.0
-250.0
-1024.0
-237.0
-1744.0
-1165.0
-711.0
-968.0
-1472.0
-1451.0
-900.0
-1249.0
-1261.0
-1356.0
-2079.0
-1079.0
-1000.0
-1092.0
-1963.0
-1036.0
-57.0
-1000.0
-1202.0
-942.0
-957.0
-233.0
-1355.0
-1886.0
-894.0
-430.0
-1448.0
-1514.0
-1496.0
-1017.0
-1041.0
-1602.0
-714.0
-1584.0
-1563.0
-1155.0
-1667.0
-1681.0
-2161.0
-1679.0
-760.0
-1587.0
-574.0
-653.0
-1610.0
-1097.0
-790.0
-597.0
-1121.0
-569.0
-1386.0
-477.0
-184.0
209.0
-1159.0
-1231.0
-545.0
-1219.0
-1846.0
-1060.0
-1481.0
-1263.0
-598.0
-345.0
-2019.0
-1078.0
85.0
-1087.0
-1330.0
-780.0
-977.0
-959.0
-1274.0
-1501.0
-86.0
-114.0
-1229.0
-1693.0
-1398.0
-1067.0
-797.0
-1410.0
-1141.0
-1332.0
-1637.0
-1198.0
-1681.0
-1291.0
-1814.0
-1851.0
-1161.0
-1088.0
-478.0
-635.0
-1451.0
-1264.0
-1026.0
-1018.0
-992.0
156.0
-1480.0
-1504.0
-182.0
-956.0
-1426.0
-1499.0
-828.0
-642.0
-1408.0
-1352.0
-1895.0
-1094.0
-1409.0
-1075.0
-1860.0
-1067.0
-1280.0
-1016.0
-1195.0
-899.0
-366.0
-954.0
-1468.0
-1384.0
-616.0
-249.0
-1172.0
-2152.0
-1455.0
-1016.0
-259.0
-1350.0
-1600.0
-4186.0
-2179.0
-1064.0
-1926.0
-450.0
-2709.0
-1418.0
-1362.0
-1715.0
-959.0
-653.0
-1445.0
-1292.0
-1072.0
-1316.0
-281.0
-1151.0
-1269.0
-1244.0
-1022.0
-237.0
-1937.0
-776.0
-976.0
-1632.0
-1696.0
-2041.0
-2138.0
-1062.0
-1345.0
-1356.0
-1977.0
-1276.0
-1181.0
-1534.0
-1223.0
-1008.0
-1083.0
-1002.0
-1409.0
-1321.0
98.0
-1579.0
-1232.0
-1613.0
-1504.0
-305.0
-1460.0
-1730.0
-1228.0
-2037.0
-1520.0
-1015.0
-1383.0
-1392.0
-2375.0
-1914.0
-1205.0
-153.0
265.0
-969.0
-1432.0
-1336.0
-542.0
-984.0
-309.0
-152.0
-1700.0
-1345.0
-1037.0
151.0
-1263.0
-1374.0
-950.0
-1604.0
-796.0
-1077.0
-1462.0
-1053.0
-361.0
-1246.0
-2207.0
-1018.0
-935.0
-160.0
-1452.0
-36.0
-354.0
-1000.0
-1294.0
-1630.0
-951.0
-963.0
-492.0
-1695.0
-1666.0
-1030.0
-1061.0
-1255.0
-1194.0
-1452.0
-1460.0
-1013.0
-2082.0
-1164.0
-1800.0
-1435.0
-1248.0
-999.0
-202.0
-1274.0
-1834.0
-1211.0
-426.0
-990.0
-1008.0
98.0
-1588.0
-1040.0
139.0
-540.0
-1304.0
-712.0
23.0
-1085.0
-979.0
-1164.0
-1440.0
-1209.0
-1357.0
-1211.0
-2510.0
-1674.0
-1064.0
-1043.0
-1047.0
-941.0
-629.0
-936.0
-1354.0
-1645.0
-968.0
-537.0
-1178.0
-1481.0
-1592.0
-1046.0
-1230.0
-1667.0
-1697.0
-1966.0
-1792.0
-719.0
-1615.0
-1347.0
-2417.0
-809.0
-1156.0
-1334.0
-1027.0
-1503.0
-1744.0
-642.0
-1031.0
-987.0
-651.0
-2125.0
-1912.0
-1247.0
-1007.0
-1013.0
-909.0
-579.0
-1123.0
-449.0
-1351.0
-1265.0
-1651.0
-1043.0
-668.0
-1314.0
-2012.0
-1017.0
-188.0
-1116.0
-1278.0
-961.0
-930.0
-60.0
-1335.0
-1558.0
-905.0
-973.0
-1249.0
-1618.0
-1513.0
-447.0
-1043.0
-1411.0
-1502.0
-1286.0
-1692.0
-737.0
-1399.0
-1227.0
-2409.0
-2280.0
-1233.0
-1256.0
-895.0
-927.0
-1230.0
-1294.0
-289.0
-1129.0
-434.0
83.0
-2182.0
-1158.0
88.0
-515.0
-1222.0
-1424.0
-1043.0
-1751.0
-1614.0
-1353.0
-1970.0
-1054.0
89.0
-1299.0
-1778.0
-1144.0
-607.0
-1059.0
-1271.0
-1111.0
-972.0
-453.0
-1228.0
-1446.0
-1000.0
-140.0
-1320.0
-521.0
-1795.0
-525.0
-1043.0
-1797.0
-1009.0
-1430.0
-1467.0
-669.0
-1590.0
-1367.0
-2256.0
-2083.0
-1382.0
-2021.0
-2492.0
-95.0
-1571.0
-1433.0
-344.0
-961.0
-1110.0
-995.0
-1690.0
-1671.0
-952.0
-1109.0
-944.0
-1336.0
-966.0
-1287.0
-1380.0
-1713.0
-796.0
-1155.0
20.0
-1124.0
-1873.0
-1058.0
-1036.0
-1070.0
-1523.0
-70.0
-1096.0
-942.0
-1393.0
-1551.0
172.0
68.0
-1486.0
-1274.0
-1950.0
70.0
-1331.0
-1318.0
-1154.0
-1325.0
-1539.0
-1471.0
-1541.0
-1417.0
-2830.0
-1519.0
-1559.0
-1188.0
252.0
-1697.0
-1501.0
-2138.0
-1555.0
-1417.0
-1011.0
-290.0
-1774.0
-1066.0
-951.0
-120.0
-1259.0
-1627.0
-1041.0
-1280.0
-1571.0
-1536.0
-1653.0
-1253.0
-52.0
-1968.0
-1967.0
-1186.0
-244.0
-1044.0
-1127.0
-515.0
-1161.0
-59.0
-1546.0
-1604.0
-1346.0
-997.0
-1325.0
-1528.0
-1742.0
-960.0
-1045.0
-1493.0
-1435.0
-1642.0
-1701.0
-1028.0
-1705.0
-1078.0
-2008.0
-1606.0
-1124.0
-1156.0
-33.0
-989.0
-417.0
-1543.0
-997.0
-971.0
-1075.0
202.0
-1256.0
-1276.0
-1011.0
-1249.0
-1133.0
-1179.0
-1167.0
-464.0
-1828.0
-1383.0
-1482.0
-995.0
-146.0
-1193.0
-2259.0
-1162.0
-841.0
-1046.0
-1616.0
-988.0
-944.0
-969.0
-1332.0
-308.0
164.0
-1084.0
-1663.0
-1664.0
-1806.0
-987.0
-1085.0
-1305.0
-1720.0
-2117.0
-1280.0
-983.0
-1632.0
-1207.0
-1994.0
-2730.0
-433.0
-1161.0
-492.0
-1031.0
-1425.0
-1483.0
-1078.0
-665.0
-997.0
132.0
-1480.0
-1217.0
-1250.0
-193.0
-848.0
-1628.0
-422.0
-564.0
-814.0
-1107.0
-2331.0
-1266.0
-1246.0
-1102.0
-1232.0
-1018.0
-978.0
-1019.0
-1962.0
-1058.0
-975.0
-1041.0
-1594.0
-1850.0
73.0
201.0
-4602.0
-1503.0
-1625.0
-1052.0
-947.0
-3907.0
-1253.0
-1001.0
-2093.0
-1235.0
-1530.0
-1365.0
-2353.0
-2487.0
-1189.0
-1278.0
-542.0
111.0
-1578.0
-542.0
-561.0
-1046.0
-1091.0
-221.0
-1303.0
-899.0
-971.0
170.0
-1196.0
-1385.0
-1092.0
-858.0
-1369.0
-1131.0
-1519.0
-1081.0
-981.0
-1241.0
-1698.0
-1115.0
-700.0
-1290.0
-1255.0
-976.0
-249.0
-367.0
-1368.0
-2097.0
-81.0
-129.0
-504.0
-1471.0
-1578.0
-1082.0
-213.0
-1311.0
-925.0
-1681.0
-1732.0
-1424.0
-1477.0
-1189.0
-2176.0
-4450.0
-1470.0
-1136.0
-951.0
-706.0
-150.0
-1259.0
-1566.0
-1255.0
-1166.0
194.0
-1350.0
-699.0
238.0
-257.0
-260.0
-1026.0
-1104.0
-606.0
-1581.0
-1119.0
-1616.0
-1121.0
-138.0
-1422.0
-1845.0
-511.0
-1664.0
-1464.0
-1424.0
-1158.0
-1371.0
-1037.0
-1148.0
-1526.0
-1004.0
-884.0
-1093.0
-1396.0
-1518.0
-611.0
-1148.0
-2166.0
-1249.0
-1257.0
-1421.0
-978.0
-1571.0
-1249.0
-1731.0
-832.0
-541.0
-1765.0
-980.0
-1368.0
-1690.0
-1531.0
-1034.0
-1004.0
-1017.0
-1001.0
-1452.0
-1253.0
-326.0
-478.0
-1254.0
-1251.0
-954.0
-1351.0
-954.0
-1480.0
-2031.0
-1004.0
-1139.0
-982.0
-1618.0
-1159.0
91.0
-415.0
-550.0
-918.0
-947.0
-951.0
-1268.0
-1411.0
-818.0
-20.0
-1320.0
-1784.0
-1767.0
-1222.0
-192.0
-1463.0
-360.0
-1200.0
-1646.0
-1063.0
-1818.0
-1180.0
-2105.0
-1296.0
-987.0
-1096.0
-193.0
-920.0
-1120.0
-1417.0
-386.0
-931.0
-141.0
88.0
-1310.0
-885.0
-298.0
-86.0
-1346.0
-146.0
-748.0
-1141.0
-1214.0
-1125.0
-2489.0
-1042.0
-959.0
-1093.0
-1323.0
-1210.0
-1400.0
-1637.0
-1333.0
-962.0
-1594.0
-1115.0
-1272.0
-1710.0
-1021.0
-904.0
-1225.0
-1626.0
-1495.0
-492.0
-1381.0
-1399.0
-1476.0
-1341.0
-1298.0
-597.0
-2141.0
-1223.0
-1886.0
-1398.0
-1168.0
-1106.0
-396.0
-110.0
-1129.0
-1555.0
-222.0
-970.0
-1180.0
-120.0
-1274.0
-288.0
-1152.0
-953.0
-1133.0
-1212.0
12.0
-949.0
-1206.0
-1393.0
-1421.0
-1013.0
-944.0
-724.0
-2156.0
-1085.0
-88.0
-1078.0
-1285.0
-946.0
-928.0
-1080.0
-1139.0
-1838.0
-891.0
-907.0
-1233.0
-1490.0
-1771.0
-197.0
-596.0
-1361.0
-1249.0
-1293.0
-1297.0
-1078.0
-1587.0
-1172.0
-1810.0
-1465.0
-1295.0
-1131.0
-1358.0
-956.0
-1532.0
-1271.0
-993.0
-944.0
-402.0
-9.0
-1442.0
-1471.0
-242.0
-928.0
-1285.0
-1137.0
-1199.0
-1118.0
-515.0
-1228.0
-1634.0
-756.0
-590.0
-1087.0
-2160.0
-998.0
-1017.0
-973.0
-940.0
-952.0
-1011.0
-944.0
-1431.0
-1387.0
-805.0
-80.0
-1631.0
-1517.0
-1455.0
-1392.0
-1112.0
-1134.0
-1329.0
-1838.0
-1504.0
-1172.0
-2001.0
-711.0
-2365.0
-1665.0
-1244.0
-2986.0
-906.0
-949.0
-673.0
-1451.0
-185.0
-348.0
-465.0
-16.0
-1502.0
-937.0
-940.0
-931.0
-1184.0
-1233.0
-1102.0
-1110.0
-1524.0
-1031.0
-2204.0
-387.0
-1703.0
-417.0
-2095.0
-174.0
-1090.0
-1334.0
-1598.0
-980.0
-999.0
-952.0
-1224.0
-1466.0
-1037.0
3.0
-1299.0
-1915.0
-1828.0
2.0
-495.0
-1229.0
-1155.0
-1163.0
-2172.0
-1175.0
-1812.0
-1264.0
-2219.0
-1420.0
-1213.0
-1129.0
-222.0
-1021.0
-1896.0
-1344.0
-1971.0
-543.0
-1076.0
-53.0
-1317.0
-1064.0
-196.0
-377.0
-1107.0
-1275.0
-1036.0
-1801.0
-1921.0
-1122.0
-1503.0
-1173.0
-1389.0
-1025.0
-1622.0
-970.0
-439.0
-1022.0
-1200.0
-442.0
-893.0
-559.0
-1251.0
-1297.0
105.0
128.0
-1177.0
-1656.0
-1457.0
-1018.0
-562.0
-1823.0
-1183.0
-1893.0
-2068.0
-1067.0
-1496.0
-817.0
-1960.0
-1373.0
-386.0
-919.0
-1427.0
-1039.0
-1116.0
-1197.0
-1150.0
-1015.0
-1141.0
263.0
-1018.0
-312.0
-207.0
-18.0
-502.0
-1298.0
-946.0
-1213.0
-622.0
-1154.0
-1852.0
-994.0
-169.0
-1006.0
-1616.0
-447.0
-1009.0
-1084.0
-1380.0
-596.0
-446.0
-169.0
-1387.0
-1922.0
-903.0
-942.0
-1351.0
-1743.0
-1322.0
-151.0
-1071.0
-1386.0
-1148.0
-1189.0
-1437.0
-995.0
-1974.0
-1318.0
-1562.0
-1512.0
-1125.0
-1078.0
-921.0
-1036.0
-1607.0
-1699.0
-391.0
-1004.0
-424.0
280.0
-1353.0
-488.0
-847.0
-460.0
-1161.0
-1101.0
-954.0
-815.0
-1668.0
-1018.0
-1534.0
-890.0
-965.0
-1138.0
-1891.0
-466.0
-459.0
-1009.0
-1246.0
-940.0
-969.0
-1041.0
-1189.0
-2117.0
-1251.0
-909.0
-1195.0
-1357.0
-1506.0
33.0
-1491.0
-1500.0
-1020.0
-1188.0
-1426.0
-1006.0
-1941.0
-571.0
-1814.0
-1224.0
-1210.0
-1183.0
-943.0
-972.0
-1055.0
-1253.0
-150.0
-972.0
-423.0
10.0
-1311.0
-1062.0
-937.0
-959.0
-1426.0
-1181.0
-959.0
-1104.0
-1391.0
-1200.0
-1619.0
-1100.0
-920.0
-996.0
-1960.0
-1229.0
-581.0
-1086.0
-1110.0
-1050.0
-987.0
-940.0
-1372.0
-1627.0
150.0
167.0
-1309.0
-1439.0
-1871.0
-998.0
-144.0
-1090.0
-1409.0
-1327.0
-1506.0
-1016.0
-1484.0
-1894.0
-1778.0
-1407.0
-1062.0
-1302.0
187.0
-934.0
-1134.0
-1263.0
-38.0
-1000.0
-1064.0
206.0
-1306.0
-1936.0
-1526.0
-897.0
-463.0
-2025.0
218.0
-1657.0
-1507.0
-2220.0
-1533.0
-1091.0
-606.0
-1025.0
-2173.0
-110.0
-936.0
-1443.0
-1305.0
-1178.0
-891.0
-978.0
-1564.0
-1471.0
-698.0
33.0
-448.0
-1610.0
-1683.0
-1076.0
-1177.0
-2292.0
-1606.0
-768.0
-1809.0
-1119.0
-1842.0
-1359.0
-2218.0
-1385.0
-1116.0
-1207.0
-92.0
-992.0
-1335.0
-1282.0
-587.0
-1230.0
-629.0
222.0
-1384.0
-1166.0
-163.0
-87.0
-1626.0
-1453.0
-1300.0
-1613.0
-1516.0
-1149.0
-2818.0
-1055.0
-456.0
-1087.0
-2213.0
-958.0
-14.0
-1054.0
-1244.0
-994.0
-937.0
-982.0
-1257.0
-1897.0
239.0
-922.0
-1429.0
-1539.0
-1550.0
-1073.0
-1122.0
-1492.0
-1094.0
-1429.0
-1474.0
-480.0
-1470.0
-1079.0
-1870.0
-1336.0
-1430.0
-956.0
-986.0
-952.0
-1175.0
-1687.0
-982.0
-185.0
-1084.0
-60.0
-1266.0
-1413.0
-939.0
-1217.0
-217.0
-1472.0
-216.0
-203.0
-1529.0
-1431.0
-2154.0
-1146.0
-50.0
-971.0
-2044.0
-1133.0
-26.0
-1120.0
-1042.0
-961.0
-959.0
79.0
-1444.0
-1308.0
-198.0
7.0
-1202.0
-1446.0
-1793.0
-986.0
-1133.0
-397.0
-1048.0
-1294.0
-328.0
-1072.0
-1643.0
-993.0
-1755.0
-1326.0
-1105.0
-1178.0
-1012.0
112.0
-1016.0
-1274.0
-214.0
-977.0
-1002.0
-33.0
-1175.0
-626.0
-855.0
-414.0
-1569.0
-1143.0
-905.0
-752.0
-1309.0
-1171.0
-1501.0
-1015.0
-975.0
-973.0
-1762.0
-1125.0
-34.0
-964.0
-1189.0
-953.0
-947.0
-921.0
-1276.0
-1942.0
217.0
204.0
-1257.0
-1507.0
-1580.0
-23.0
-1059.0
-1477.0
-1239.0
-1109.0
-1136.0
-1264.0
-1619.0
-1107.0
-2220.0
-1677.0
-1147.0
-941.0
144.0
-1076.0
-1676.0
-1176.0
-230.0
-986.0
-1068.0
-87.0
-1295.0
-1455.0
169.0
-972.0
-971.0
-1328.0
134.0
-658.0
-2159.0
-1921.0
-1576.0
-1086.0
-98.0
-1301.0
-2015.0
-1379.0
-967.0
-1244.0
-1242.0
-940.0
-120.0
75.0
-1633.0
-1643.0
-962.0
-322.0
-1357.0
-1461.0
-1554.0
-244.0
-65.0
-1393.0
-1327.0
-1605.0
-1318.0
-1191.0
-1464.0
-1376.0
-1753.0
-1291.0
-1387.0
-1112.0
205.0
-1021.0
-603.0
-1344.0
-961.0
-1014.0
-1031.0
282.0
-1238.0
-305.0
-239.0
-14.0
-1209.0
-145.0
-975.0
-1059.0
-1254.0
-1281.0
-1411.0
-1021.0
43.0
-1447.0
-1616.0
-1372.0
232.0
-827.0
-947.0
-234.0
-984.0
101.0
-1255.0
-1421.0
-914.0
-568.0
-1292.0
-1526.0
-1414.0
-593.0
-1064.0
-2064.0
-1183.0
-882.0
-1348.0
-1079.0
-1430.0
-935.0
-1625.0
-1812.0
-1158.0
-988.0
-1026.0
-959.0
-1240.0
-1320.0
-1047.0
-166.0
-983.0
263.0
-795.0
-1105.0
-29.0
-54.0
-198.0
-1088.0
-1058.0
-1137.0
-1396.0
-1376.0
-1362.0
-1122.0
-80.0
-1127.0
-1984.0
-294.0
-55.0
-1170.0
-738.0
-937.0
-1059.0
19.0
-1430.0
-1585.0
-910.0
-263.0
-1793.0
-1529.0
-1731.0
-1451.0
-1181.0
-1740.0
-1240.0
-1350.0
-1537.0
-1081.0
-1732.0
-284.0
-1638.0
-1116.0
-1395.0
-1114.0
-944.0
-958.0
-1060.0
-1356.0
-972.0
-1004.0
-1078.0
237.0
-1189.0
-1055.0
-911.0
-1055.0
-289.0
-1288.0
-1021.0
-388.0
-1113.0
-1084.0
-1529.0
-1053.0
-1047.0
-1137.0
-1861.0
-1418.0
-1213.0
-1241.0
-1095.0
-681.0
-954.0
-1309.0
-1277.0
-1354.0
-120.0
-937.0
-1619.0
-1539.0
-1455.0
-303.0
-1153.0
-1444.0
-1288.0
-1314.0
-1272.0
-967.0
-1510.0
-610.0
-1644.0
-1215.0
-1224.0
-1061.0
-903.0
-971.0
-605.0
-1267.0
-1173.0
-944.0
-982.0
59.0
-1217.0
-1163.0
-922.0
-915.0
-1135.0
-1053.0
-546.0
-1071.0
-1269.0
-1271.0
-1477.0
-1019.0
-928.0
-1108.0
-1550.0
-1106.0
-1187.0
-1372.0
-1203.0
-526.0
-397.0
-966.0
-1360.0
-1425.0
-225.0
-201.0
-1225.0
-1371.0
-1607.0
-144.0
-1118.0
-1912.0
-1370.0
-1079.0
-1312.0
-1192.0
-2070.0
-1188.0
-1784.0
-1438.0
-1623.0
-1120.0
-250.0
-950.0
-1255.0
-1275.0
-1123.0
-1049.0
-993.0
-123.0
-1268.0
-1147.0
-873.0
-928.0
-567.0
-1260.0
-923.0
-1155.0
-1337.0
-1194.0
-1670.0
-967.0
-6.0
-990.0
-1834.0
-1097.0
-952.0
-1040.0
-1275.0
-946.0
-939.0
2.0
-1290.0
-1477.0
-910.0
-183.0
-1548.0
-2074.0
-1373.0
-124.0
-1254.0
-1092.0
-1459.0
-1254.0
-1228.0
-1033.0
-1652.0
-1150.0
-2186.0
-1204.0
-1174.0
-304.0
-926.0
-72.0
-1309.0
-1202.0
-1062.0
-1109.0
-1056.0
-41.0
-1155.0
-522.0
-919.0
-903.0
-1230.0
-1055.0
-909.0
-1193.0
-1326.0
-1150.0
-1516.0
-1060.0
-965.0
-1019.0
-1689.0
-1079.0
-953.0
-1056.0
-1017.0
-952.0
-1062.0
-943.0
-1317.0
-2106.0
-938.0
-946.0
-1266.0
-1665.0
-1796.0
-1078.0
-1003.0
-1110.0
-1298.0
-1233.0
-1173.0
-940.0
-1495.0
-1171.0
-1819.0
-1834.0
-1112.0
-1024.0
-406.0
-916.0
-1420.0
-1231.0
-452.0
-1078.0
-188.0
99.0
-1154.0
-522.0
-956.0
-946.0
-1227.0
-1592.0
-964.0
-437.0
-1585.0
-1153.0
-1697.0
-1067.0
-632.0
-979.0
-2130.0
-1112.0
-565.0
-1265.0
-400.0
-994.0
-946.0
-956.0
-1286.0
-1396.0
19.0
-908.0
-1254.0
-1278.0
-1529.0
-971.0
-1178.0
-1317.0
-1370.0
-1436.0
-1270.0
-1133.0
-1459.0
-1121.0
-1951.0
-1337.0
-1176.0
-1212.0
90.0
-88.0
-306.0
-1239.0
-1194.0
-987.0
-1068.0
-997.0
-1225.0
-1129.0
-1089.0
-903.0
-793.0
-254.0
-59.0
-1613.0
-2075.0
-1330.0
-1828.0
-1026.0
-32.0
-1108.0
-1911.0
-1101.0
-1052.0
-1107.0
-1328.0
-975.0
-376.0
-1412.0
-1256.0
-1199.0
-588.0
-952.0
-1215.0
-1589.0
-1559.0
-1034.0
-1149.0
-1318.0
-1506.0
-1410.0
-1296.0
-994.0
-1770.0
-1378.0
-1739.0
-1674.0
-1298.0
-659.0
-1478.0
98.0
-1618.0
-1534.0
-519.0
-1014.0
-1017.0
-89.0
-1248.0
-455.0
-988.0
-51.0
-1173.0
-1499.0
-570.0
-318.0
-1342.0
-1293.0
-2182.0
-1043.0
-944.0
-1070.0
-1751.0
-297.0
-98.0
-976.0
-1025.0
-982.0
-1038.0
-1127.0
-3628.0
-611.0
13.0
-154.0
-1242.0
-406.0
-1705.0
-983.0
-882.0
-1657.0
-2140.0
-1865.0
-1675.0
-1245.0
-1573.0
-1045.0
-2057.0
-1209.0
-1343.0
-1041.0
267.0
-954.0
-1221.0
-1162.0
-987.0
-962.0
-1036.0
-285.0
-1212.0
-797.0
-916.0
-134.0
-1063.0
-1254.0
-959.0
-586.0
-1540.0
-1301.0
-1209.0
-1036.0
-932.0
-1029.0
-2143.0
-272.0
-148.0
-1042.0
-1260.0
-1016.0
-748.0
-915.0
-1327.0
-1401.0
-1000.0
-670.0
-2157.0
-1204.0
-1581.0
-650.0
-1012.0
-1607.0
-1208.0
-1179.0
-1302.0
-1489.0
-1589.0
-1101.0
-1975.0
-1155.0
-1233.0
-1079.0
-170.0
-154.0
-1152.0
-1212.0
-997.0
-472.0
-980.0
147.0
-1296.0
-650.0
-144.0
200.0
-1095.0
-326.0
-971.0
-1110.0
-2101.0
-1231.0
-1401.0
-1053.0
-1675.0
-1077.0
-2170.0
-1049.0
-563.0
-1630.0
-1288.0
-968.0
-986.0
-878.0
-1384.0
-1407.0
-899.0
-911.0
-1165.0
-1292.0
-1496.0
-995.0
-1363.0
-1217.0
-1174.0
-1320.0
-1290.0
-979.0
-1780.0
-1075.0
-2157.0
-1326.0
-1164.0
-1112.0
-911.0
-566.0
-1045.0
-1290.0
-946.0
-961.0
-988.0
-890.0
-1271.0
-431.0
229.0
-395.0
-1063.0
-1245.0
-945.0
-335.0
-1394.0
-1293.0
-972.0
-1047.0
76.0
-90.0
-2037.0
-1042.0
-991.0
-1084.0
-1223.0
-977.0
-246.0
-133.0
-1395.0
-1208.0
-948.0
-905.0
-1324.0
-1547.0
-1635.0
-1021.0
-1156.0
-1409.0
-1135.0
-1309.0
-1323.0
-980.0
-1680.0
-1095.0
-2057.0
-1632.0
-1211.0
-1111.0
-940.0
-962.0
-1445.0
-614.0
-966.0
-714.0
-24.0
249.0
-617.0
-973.0
243.0
-199.0
-1393.0
-1137.0
-321.0
-853.0
-1454.0
-1131.0
-1582.0
-1070.0
124.0
-1005.0
-1980.0
-1115.0
207.0
-1085.0
-1961.0
-670.0
-96.0
-956.0
-1361.0
-1559.0
-396.0
-356.0
-1418.0
-1185.0
-1895.0
-1409.0
-1372.0
-1076.0
-239.0
-1335.0
-1047.0
-32.0
-1796.0
-1270.0
-1947.0
-1455.0
-1110.0
-1142.0
-967.0
-906.0
-958.0
-1138.0
-1032.0
-967.0
-1030.0
179.0
-1453.0
-1112.0
-909.0
-67.0
-1189.0
-1485.0
-603.0
-709.0
-1253.0
-1167.0
-1372.0
-1483.0
-1087.0
-1016.0
-1734.0
-1111.0
-895.0
-1380.0
-1193.0
-40.0
-884.0
-1001.0
-1359.0
-1357.0
-952.0
-107.0
-1278.0
-1253.0
-1465.0
-217.0
-1042.0
-1096.0
-1168.0
-1361.0
-1301.0
-1007.0
-1416.0
-1015.0
-2076.0
-1179.0
-1245.0
-1076.0
-540.0
-974.0
-1167.0
-1266.0
-93.0
-967.0
-1055.0
51.0
-1266.0
-1080.0
-98.0
-847.0
-1644.0
-1274.0
93.0
-1101.0
-1935.0
-1250.0
-1713.0
-990.0
-947.0
-944.0
-1679.0
-1037.0
-922.0
-195.0
-1192.0
-937.0
-965.0
-960.0
-1148.0
-1363.0
-911.0
-876.0
-1502.0
-1262.0
-1379.0
-1019.0
-1091.0
-1411.0
-1102.0
-1250.0
-1328.0
-1529.0
-1516.0
-1095.0
-1612.0
-1251.0
-1251.0
-1115.0
-928.0
-925.0
-1097.0
-1250.0
-1002.0
-1058.0
-1059.0
-646.0
-1274.0
-1548.0
-527.0
-975.0
-1078.0
-1328.0
-936.0
-165.0
-310.0
-1190.0
-1395.0
-1004.0
-1106.0
-1074.0
-1578.0
-1078.0
-128.0
-1013.0
-1273.0
-131.0
51.0
-916.0
-1378.0
-1845.0
-26.0
224.0
-1218.0
-1384.0
-1346.0
-983.0
-1063.0
-1485.0
-1266.0
-1520.0
-1421.0
-964.0
-1454.0
-1369.0
-2080.0
-1193.0
-1059.0
-1113.0
-969.0
-989.0
-1013.0
-1273.0
-1141.0
-948.0
-955.0
-207.0
-1184.0
-1066.0
49.0
-979.0
-285.0
-1237.0
-932.0
-422.0
-1186.0
-1302.0
-1708.0
-1004.0
-921.0
-1166.0
-1116.0
-280.0
-226.0
-1050.0
-1423.0
-934.0
-869.0
-991.0
-1293.0
-1593.0
-884.0
-22.0
-1510.0
-1489.0
-1379.0
-1030.0
-1080.0
-1271.0
-1204.0
-1708.0
-1459.0
-169.0
-1566.0
-734.0
-2463.0
-1613.0
-1057.0
-1033.0
-9.0
-226.0
-1397.0
-1217.0
-59.0
-1251.0
-1063.0
-916.0
-1249.0
-1893.0
33.0
-750.0
-1343.0
-1031.0
-1243.0
-2128.0
-1420.0
-1056.0
-2616.0
-1023.0
-912.0
-1220.0
-1381.0
-1189.0
-974.0
-943.0
-1108.0
-247.0
-36.0
-986.0
-1324.0
-1705.0
-6.0
-894.0
-1209.0
-1379.0
-1293.0
-982.0
-1101.0
-1396.0
-1080.0
-1269.0
-1292.0
-939.0
-1527.0
-1131.0
-1847.0
-1391.0
-1271.0
-1142.0
-1157.0
-83.0
-1075.0
-1287.0
-141.0
-972.0
-973.0
213.0
-1499.0
-1373.0
-1060.0
-929.0
-1073.0
-1152.0
-978.0
-1135.0
-1331.0
-1253.0
-1461.0
-1053.0
-970.0
-1116.0
-1511.0
-1005.0
-358.0
-1161.0
-1111.0
-983.0
-905.0
-895.0
-1390.0
-1265.0
-898.0
-1092.0
-1227.0
-1844.0
-1681.0
-992.0
-1105.0
-1354.0
-1208.0
-1337.0
-1507.0
-996.0
-1639.0
-1048.0
-1769.0
-1138.0
-1097.0
-1101.0
-46.0
-628.0
-1123.0
-1224.0
-1024.0
-888.0
-961.0
-104.0
-1339.0
-1155.0
-974.0
-879.0
-437.0
-1059.0
-876.0
-916.0
-660.0
-1052.0
-1453.0
-1007.0
-469.0
-1006.0
-1633.0
-1139.0
-38.0
-1008.0
-1261.0
-948.0
-890.0
-774.0
-1263.0
-1384.0
-899.0
-501.0
-1366.0
-1478.0
-1645.0
115.0
-1066.0
-1102.0
-1081.0
-996.0
-1214.0
-972.0
-1457.0
-1210.0
-1977.0
-1219.0
-1221.0
-1027.0
172.0
-338.0
-1177.0
-1394.0
-991.0
-1012.0
-965.0
-909.0
-1320.0
-1119.0
-115.0
192.0
-1170.0
-1048.0
177.0
-1103.0
-1342.0
-1439.0
-1851.0
-1073.0
-1177.0
-1138.0
-1387.0
-1163.0
-1009.0
-670.0
-1314.0
-159.0
-1055.0
150.0
-1451.0
-1357.0
302.0
-901.0
-1181.0
-1718.0
-1382.0
-998.0
-1067.0
-1477.0
-1195.0
-1369.0
-1478.0
-998.0
-1397.0
-1246.0
-1626.0
-1310.0
-1378.0
-1241.0
-274.0
-960.0
-1362.0
-1237.0
-134.0
-1022.0
-1042.0
-922.0
-1350.0
-1106.0
-991.0
-968.0
-317.0
-1207.0
-394.0
-847.0
-1469.0
-1189.0
-1732.0
-1078.0
-508.0
-1135.0
-1876.0
-1034.0
-962.0
-1156.0
-956.0
-977.0
-783.0
-341.0
-1263.0
-1210.0
-987.0
-920.0
-1242.0
-1320.0
-1502.0
-1066.0
-1082.0
-1529.0
-515.0
-1362.0
-1500.0
-625.0
-1767.0
-715.0
-2568.0
-1370.0
-1232.0
-826.0
-900.0
-975.0
-1164.0
-1295.0
-976.0
-921.0
-1093.0
-38.0
-1278.0
-1032.0
-970.0
-1022.0
-552.0
-1312.0
-1202.0
-1046.0
-1296.0
-1724.0
-1909.0
-1010.0
-937.0
-1184.0
-1506.0
-1019.0
-339.0
-1083.0
-1048.0
-1037.0
51.0
-1290.0
-1739.0
-1362.0
-1158.0
-121.0
-1260.0
-1748.0
-1571.0
-1147.0
-1116.0
-1565.0
-1196.0
-1378.0
-1235.0
-539.0
-1491.0
-772.0
-2007.0
-1077.0
-1094.0
-1133.0
-91.0
-135.0
-1846.0
-1471.0
-1120.0
-1046.0
-771.0
160.0
-1256.0
-178.0
-911.0
-221.0
-933.0
-1077.0
-1012.0
-313.0
-1402.0
-1048.0
-1595.0
-992.0
-992.0
-1096.0
-1502.0
-1034.0
-905.0
-1012.0
-1139.0
-888.0
-898.0
-938.0
-1270.0
-1379.0
-743.0
-105.0
-1336.0
-1419.0
-1789.0
-117.0
-1016.0
-1352.0
-1052.0
-1335.0
-1506.0
-161.0
-1751.0
-1255.0
-2037.0
-1417.0
-1376.0
-3235.0
-278.0
-163.0
-1253.0
-1255.0
-487.0
-1139.0
-1492.0
-205.0
-1539.0
-1888.0
96.0
-1450.0
-3531.0
-1095.0
-915.0
-1588.0
-1644.0
-1142.0
-1439.0
-1129.0
-1054.0
-183.0
-1641.0
-1185.0
242.0
-1091.0
-652.0
-947.0
168.0
-1069.0
-1312.0
-1235.0
-961.0
-365.0
-1266.0
-1259.0
-1451.0
-526.0
-1110.0
-1308.0
-297.0
-1481.0
-1143.0
-560.0
-1738.0
-619.0
-1881.0
-1423.0
-1330.0
-1055.0
-86.0
-971.0
-1115.0
-1519.0
-1273.0
-1020.0
-1019.0
-478.0
-1340.0
-1184.0
-164.0
39.0
-745.0
-1026.0
-953.0
-1076.0
-1305.0
-1275.0
-1478.0
-1054.0
-1001.0
-1545.0
-1801.0
-447.0
-298.0
-650.0
-478.0
-1079.0
-259.0
-631.0
-1348.0
-1692.0
87.0
103.0
-1295.0
-1105.0
-2058.0
-445.0
-1059.0
-1413.0
-1398.0
-1573.0
-1265.0
-1022.0
-1646.0
-131.0
-1786.0
-1315.0
-1198.0
-1016.0
174.0
-994.0
-1176.0
-1192.0
-1022.0
-1067.0
-1037.0
-914.0
-1194.0
-1154.0
-202.0
-371.0
-516.0
-1073.0
-619.0
-708.0
-1432.0
-1101.0
-1560.0
-1063.0
-924.0
-1001.0
-1487.0
-1099.0
-450.0
-485.0
-1142.0
-928.0
23.0
-299.0
-1525.0
-1499.0
32.0
4.0
-2266.0
-1425.0
-1640.0
-1564.0
-1020.0
-1787.0
-1533.0
-1362.0
-1167.0
-375.0
-1723.0
-1154.0
-1856.0
-1219.0
-1446.0
-1193.0
-96.0
-1067.0
-1499.0
-1165.0
-1005.0
-1007.0
-1054.0
-927.0
-1866.0
-3639.0
-937.0
-392.0
-202.0
-1063.0
-944.0
-1135.0
