886
1978
-4020
3050
1336
-4503
-13471
1766
1011
-1391
-5306
-1195
-1194
1807
-5545
-5745
3752
-2329
3622
-6620
251
-311
-5066
-4953
2394
-3391
-5181
5984
1455
2917
-3290
-695
-877
4287
489
-4116
2037
318
1855
-10565
-6745
-972
-6885
5154
5193
2234
-3485
3102
3692
189
-5748
-3678
-1810
1604
-4331
-2826
3152
1152
-693
-4108
-7335
-486
-3411
3956
836
-1586
-9693
-2079
5144
-1479
-4678
-4284
676
443
-1599
-3277
1308
-2700
1683
-5190
-1328
3162
-6823
-3119
2296
-2121
-11844
2665
-440
-1035
-4606
3898
1842
1865
2344
-5740
5791
-407
-1947
-4973
-2352
-184
-7407
-2077
5778
-2180
-12614
1716
-3397
1066
-6541
2991
4841
1804
-1636
-3821
2197
4061
-4891
-4857
-6806
2105
-1768
1511
546
5693
-8907
538
173
-598
-1030
-1546
-1062
-2398
-1548
-5595
2346
1382
-3084
-4908
-937
-628
-2854
1293
1975
2089
-8462
-52
4810
3100
-5558
4404
3873
4873
-2318
-1977
5972
4817
254
-4414
116
-6264
-5812
-342
2353
-2948
-4415
1592
3737
1848
1773
1046
3333
-2409
-673
-1164
7796
4744
3542
1839
-1181
2330
-5253
3703
4680
5366
406
3896
4629
1948
2533
1012
6682
7540
2717
-1543
989
7620
-995
-4891
-460
2225
-8335
3398
-1381
1421
-1634
4202
3183
5671
-1790
7899
6407
3691
-559
-3594
8945
1879
2168
-5010
-3717
-520
-2052
5472
5283
5052
-4779
6191
4711
5062
-2770
4809
5554
3504
2800
-383
2106
6721
1539
-3079
-1974
3392
-6656
4996
6862
2264
-2835
6875
3426
4408
-2237
5276
6681
7549
4052
885
6599
5082
1117
-1701
-4512
4973
430
3876
3054
2469
-3251
5955
5414
2740
-1347
3927
5408
4823
4744
-4620
4782
5805
2570
-4329
-1663
-3651
2759
4246
5928
5643
-537
4204
8067
6523
-1743
9017
3233
1757
-397
1053
4288
5266
2509
1603
5364
6544
-7069
5275
9382
8321
1733
4405
5599
3717
-1130
6697
6830
5555
-541
-5137
3318
7251
3268
1522
1035
1731
-4854
5295
3130
2861
1445
1624
5894
5372
1793
5790
3664
6669
3147
1201
5504
6631
4365
-2704
2875
1376
-3633
3290
2810
5093
-4458
-2263
7534
9997
-1104
7125
7696
7520
2549
-696
8274
5804
2589
1466
-1039
2860
-2548
8956
8815
6910
-2287
4078
1858
5684
-1389
6190
5322
4324
3722
-948
7217
6069
3009
-81
5
4047
-4790
6760
7586
4087
-7934
6458
7152
4703
-278
5735
8890
8291
2927
1910
8053
5424
4571
1063
-2791
4373
-1975
6590
7504
5031
720
2027
4827
5975
-312
5947
9086
9107
2994
3386
9044
7075
3222
4170
4410
2287
-3414
6692
4716
7742
-2600
8580
6197
7305
411
9228
3788
4534
2021
248
7650
9563
3826
2448
1742
4031
-1892
7739
9089
9653
5516
9396
7890
7856
3044
10799
7106
6108
5034
-1415
10457
11146
2830
-691
1381
6855
-1339
2417
9460
5267
1231
2120
6550
5832
4008
8336
7210
8500
1802
4692
6604
8742
3438
-1932
4442
5445
1065
8279
7613
6816
-2163
3816
6359
6151
5677
9905
5962
6994
7869
2258
9020
7757
3533
2025
5687
6171
2797
9530
5444
5373
2795
3281
6705
7882
6101
8664
9704
6733
3201
-3255
10010
10827
3016
5201
1045
6420
-2770
8444
6668
7468
175
8080
3647
9906
693
9944
7321
9128
4791
1457
9129
10112
3111
1654
4460
6669
-2457
6719
7736
7898
1869
3080
7399
8778
4517
9754
9900
10381
3696
5896
10116
5239
5936
86
1673
8345
-2474
9598
6608
5755
374
3555
6818
9075
3753
7157
4415
6538
6393
5342
8153
11704
2493
2077
3215
7938
-2242
8343
6064
11773
-2958
7221
6070
5134
6019
8979
11554
9913
8079
2252
11067
8726
5566
1491
-1559
6662
-1316
7132
8997
9111
583
5682
8402
10398
4261
8883
5721
8448
2619
2919
7839
4482
3159
2378
1898
6630
-2810
8787
7689
9864
4196
6940
10486
8704
5595
10031
7519
8556
7971
-3885
6375
9613
4948
2543
2734
6762
-1288
7459
10392
7733
-180
6805
6866
5976
3990
10028
10148
7976
4047
4653
9108
8362
4883
4567
2277
2643
-658
7634
7634
9519
3528
8351
9387
10137
3029
9233
8185
9981
5907
5797
9915
10197
6305
6134
4892
4290
-2500
9927
9699
6514
976
6678
5318
3907
3683
5454
7932
7054
4833
4127
10267
9073
8878
2348
-161
7432
-3559
8251
9640
8942
5052
5318
7038
8901
7452
8303
10259
10192
7641
5213
9899
9563
2535
-233
-1810
7563
-4202
7067
6040
8197
213
8648
8239
7363
5351
11967
11430
9956
6492
4850
9327
9544
3447
8701
6587
5405
4091
11160
6849
6823
2775
8713
9186
10793
5527
9610
10075
10409
6569
1243
11394
8835
5595
4086
1886
7914
4722
10836
7294
9739
1969
6418
11018
7485
7782
8872
10421
8545
6261
7065
10809
8756
6147
6322
3347
8760
2908
8080
11271
9010
2022
8343
9628
8320
3729
8640
9822
11521
8557
6691
10875
12010
7068
2732
5840
9555
-785
11115
5871
9085
4336
10069
10912
6411
5913
9149
11644
7760
6547
5335
10510
12042
6168
6774
4181
9287
4237
6908
10359
10271
5547
9780
8519
10257
9754
5936
9993
9466
8012
4614
11944
9511
2810
5049
4230
9561
-1502
7295
11500
7344
3567
11163
10716
10429
4861
8244
11281
9757
1489
1923
10868
11251
6216
5506
6623
-116
-2747
7294
7890
7889
5663
8842
8849
6955
4446
11296
10774
5567
7489
-4022
10858
9674
1431
4339
3947
5016
203
11483
7358
8670
-208
6334
7573
9090
5221
11299
9229
7882
7993
1255
9839
10357
6787
5156
6440
7863
2275
8856
10348
7025
3743
9083
11470
5601
6072
10622
9591
10110
7926
2729
11436
9325
4917
6546
5414
6025
270
6300
7271
10004
3093
7883
8513
9327
3874
9337
9496
8917
3294
4703
12036
10781
9523
7792
6253
8984
-1724
9438
9623
10870
5657
10811
9989
8580
8649
8326
10497
9321
8921
3011
10151
11705
4481
5162
5224
7697
-3697
9537
10249
10455
6585
10286
9854
8365
5660
11910
8462
9277
4065
909
11455
10406
6426
8212
5247
10196
5609
7697
10095
10897
6261
10181
9178
10907
7989
11968
11105
11465
8759
3896
9932
11631
5376
5494
5789
9359
-2025
8906
10084
10291
7545
8077
10503
10088
3846
10038
10727
10519
8800
8074
8653
11892
6110
6366
5600
8355
570
9735
9346
10512
4810
9053
11215
10289
4657
11558
11487
11207
6743
-1404
11333
12289
7925
5240
5807
8230
6027
8601
12064
10146
6914
9895
9318
9516
8887
10141
12006
11983
8303
5568
10930
12434
7409
5841
6723
4961
707
12509
11670
9238
4476
10442
9156
10929
2209
11107
9944
8057
8171
7433
12091
10822
7347
6468
4870
6887
1366
10079
11675
10896
3870
8908
11622
11053
5766
11531
10108
8798
10520
2641
10452
9928
7989
6615
7038
6234
1340
11213
9367
10284
-40
10197
8719
10221
8941
11445
9686
10365
6372
3346
11269
12192
6234
2633
5556
8514
1206
10539
9466
10123
6216
11048
11153
12157
7852
10199
10954
10635
8883
-2493
12578
10702
8042
7533
8015
10100
4502
11512
10123
9747
2990
9698
11750
9943
8322
11280
11257
10594
10967
5542
12632
8513
9432
7749
6568
10638
1463
10246
10163
8427
6203
9224
11970
10593
7267
12923
12238
12269
10280
7635
11371
11233
8249
6228
83
6582
1373
9911
9581
11307
711
10096
11601
9855
4774
12149
9045
9242
7037
5064
11856
10179
7195
4500
7047
7920
2308
10001
11639
11447
4365
10310
9633
11574
9683
10074
11425
9628
8266
5947
11038
10338
7930
4501
7498
9584
1416
11302
11878
9045
6018
8928
9616
9851
9471
11393
12317
10914
10601
8402
11083
11943
10335
5907
8371
9027
4560
11662
11551
10652
5126
11391
10957
9705
7290
11410
11058
10980
8215
4365
10855
10683
8514
2632
8758
9225
6879
11511
10808
9681
5031
10226
10370
11863
8721
10749
10371
9806
9055
9113
11285
11416
10339
8316
6697
9756
5832
10285
11854
9280
6727
9017
10217
12082
6512
12330
11084
9929
6153
7501
10653
11855
4651
6998
5213
10024
-3486
11046
11377
10023
5090
11776
11638
11845
5988
10788
12380
9054
8798
4853
9406
10755
9642
7384
7745
10735
5967
10371
9519
11481
5249
10177
8750
10994
9760
11292
11235
10296
9294
3956
12360
11408
6770
6396
7619
10571
3306
11346
11485
11051
5489
10255
10323
9345
8799
10600
11482
10138
10549
79
11250
10689
8214
9431
9172
7659
5262
10308
9858
9625
521
10681
10331
9672
7341
9971
12203
11903
8692
7639
11948
9678
6477
8763
6476
10092
1632
10803
8717
10658
5883
10232
10560
9202
6536
10370
11536
10614
8187
6025
10244
10499
9823
7730
7673
8603
165
10603
8134
10651
8554
10667
11777
10704
5883
11458
12548
10545
8623
6894
11466
12293
7850
7066
9268
10307
6780
10977
9549
11755
3980
11020
10774
11855
8368
11457
11013
9093
6036
6936
10872
10386
8994
5235
8442
11085
6624
10001
12496
10894
5548
11148
12795
9948
6998
11564
11460
11598
8680
7440
13011
9798
8186
7424
7132
7516
5122
10117
11197
11642
6872
11777
8279
10248
8572
10303
11691
10077
9769
6968
10448
11917
8028
8279
7282
7883
5557
10322
10820
10983
3138
10269
10719
9919
8148
9986
11576
11063
6660
8855
10848
11336
9098
7730
8954
7447
4118
9822
11029
11083
4838
10825
11633
7002
8879
12163
12172
11608
10795
10475
11498
10415
9167
7372
7011
10220
4830
10409
11681
11576
2584
10626
10312
12157
8446
10474
13002
10483
7623
4804
10851
11688
4957
7230
7525
10198
3030
9916
9305
11273
5180
8532
10813
10901
7316
11838
9923
11420
6968
7586
10564
10737
7015
9383
9778
8926
3352
8751
9214
11992
5228
9910
10005
11421
8334
13021
11730
11114
9327
5874
10053
12011
8895
6394
7221
9427
5754
11069
11643
9891
8643
9142
11315
12104
8840
11608
11831
11738
9906
7174
11519
8496
7729
7370
7876
9679
6844
10747
9684
11144
6525
11053
9143
12742
8699
10605
9556
10758
8821
6517
10614
11937
10371
7193
1890
9995
8836
9344
9681
11915
3482
10004
9651
10291
7993
9222
10242
12300
8798
3847
10592
12504
8563
7427
9700
10597
5694
9722
10868
11248
6837
10825
9779
10381
7623
10997
9885
11963
8439
6802
12025
11233
10906
6056
6284
9604
5627
10760
11695
9499
2984
8784
11409
11442
8336
11544
11492
11522
10996
6012
11977
12763
10918
7217
8767
8340
5519
12098
12098
9918
5154
8940
11402
10845
8332
12368
11753
11103
11291
5861
12298
12126
10095
5432
9188
11499
7838
6921
11700
11084
-282
11154
12013
12343
7907
11624
10634
11455
8511
9536
11836
12113
7845
6365
7654
8141
2650
10265
10812
10021
5876
10250
10489
10526
8119
12696
11326
11651
8552
4804
9553
11983
8923
9020
2794
10112
6890
10538
11114
9819
5774
9071
11328
8786
10354
11223
11782
10908
8242
5961
10512
11179
9856
7388
7168
10891
5624
10514
12291
11321
7111
11988
11182
10384
9107
11949
11172
11829
10438
8022
10488
11642
10361
6923
5245
9913
6390
10943
11720
12158
6081
11346
11827
11473
7489
12206
12079
12157
8602
7823
12632
11930
7357
7438
10084
8939
5017
10697
11513
11235
5487
11448
8310
10983
9605
11336
11416
11232
11433
9213
12009
12332
8723
8858
7262
9426
1679
12230
11908
11821
7048
10881
12411
10250
10340
12311
11327
10708
9870
9986
11780
11014
7833
9290
9023
10443
7788
11607
12529
9709
5393
11645
10727
10583
9633
11725
11222
10333
9135
6457
11447
10730
7936
4214
5729
9291
7429
11585
10120
9587
6543
7818
10082
10700
8252
10600
11204
10909
6376
7701
10416
12068
10171
5688
9769
8185
6910
9925
11640
11110
7356
8462
10711
12363
8760
11856
10765
10416
9038
8771
10247
10481
8433
6682
10634
11368
4472
11021
10516
11757
7061
10333
10851
10719
10818
11985
11666
10226
9942
7464
11566
11258
8839
8217
9918
11143
6560
10759
11089
10832
7558
10996
11320
10710
6625
11808
12700
10520
7685
6808
11407
11512
7465
8828
6281
8835
7599
11671
11176
10856
7055
10663
9829
11045
8723
10952
11517
8246
8075
6220
12219
12312
9930
7922
6654
9942
7632
10883
11641
10895
6886
12261
12392
10998
9161
6387
12028
10182
9208
9472
12170
12089
8080
7318
4845
10178
5586
9964
11333
12198
7706
11592
10617
9697
7934
10464
12108
10784
9481
6821
9830
12225
5549
10592
5460
10604
5873
10916
11172
8876
9383
10155
10529
11660
7784
10953
12133
11164
6164
7618
10077
10704
6214
6376
4467
9268
5148
10118
8848
11717
6659
11273
12065
10698
8137
10837
12219
10078
10075
10273
10918
11009
10397
6001
8706
10012
7676
9408
11641
10381
5577
10765
11554
11088
9530
9475
11405
11446
8608
5912
11785
10591
10028
7255
1300
10540
5166
9703
11602
10725
7130
11926
10603
10690
10375
9522
12312
11876
9958
8545
11616
10372
9373
7768
9282
8494
5574
11599
4610
9289
5576
11671
12221
10365
8951
9440
11667
7789
9875
7231
12181
12197
11037
7159
6957
11378
4677
8581
11698
10869
3614
10543
10521
11565
8156
10022
10912
11987
11141
6981
11571
11094
9940
5833
9831
11472
7534
10465
9521
11380
6661
10561
10997
12841
9007
12054
11384
11216
7810
9757
11159
12484
9120
7406
10135
9585
6835
12134
11728
12114
6128
8567
12284
10337
9818
11401
12069
12147
9762
7878
12973
12528
9237
9583
8105
11191
5773
9825
11432
12534
5141
10338
11601
9979
8675
9304
11885
11123
7308
5538
11509
11091
9183
7530
6048
10813
5909
11472
10758
12097
7958
11018
11283
10790
5023
11821
12323
12221
10948
9738
10753
11660
11081
8494
7992
10987
6648
11328
11270
10463
8989
11181
10454
10942
9316
11437
12437
9817
8206
9627
11576
12408
8801
9595
7223
9217
6259
9873
11784
11027
3126
11073
10605
11125
10717
11816
12617
11629
10074
9565
10328
12443
9241
8190
9528
9167
7291
11443
10834
11388
8153
11216
12924
12386
9814
10393
11869
10979
8859
7509
11965
11281
7951
8980
6977
10459
7409
9815
11225
11646
5819
11015
11349
10901
10629
11677
12276
9387
11191
8036
9844
12105
9936
10283
9270
10918
6957
11100
10378
11430
7472
11017
12710
10349
8813
12181
11997
12490
9958
5910
11464
10690
9965
7126
7863
11001
7671
11411
10944
10945
5181
11323
10620
11539
7507
9665
13129
10836
9985
4530
11771
12146
9816
8179
9001
7571
6785
12193
12616
11621
6629
11126
11748
10541
8334
11109
11120
10508
7929
9286
12332
10895
9962
8238
5791
8905
5861
12172
12135
12169
7187
9962
10481
9691
7287
11632
11021
11374
10068
8447
12100
11604
10238
8618
8902
10076
7177
10503
11220
9713
5309
10641
9636
12162
10422
12338
12530
11352
8712
8762
12269
13040
9621
8709
2990
8770
7044
11027
11147
11254
7071
11373
11811
10853
8973
12367
10490
10628
9346
3619
11845
13063
10610
8612
6511
10450
8334
12101
11796
11892
7187
11634
11307
12278
9915
10884
12432
11843
9563
6721
12659
12085
9232
9260
6942
8588
7139
10529
11976
11950
9765
12166
12377
10927
9540
11916
11501
11184
7693
8075
12321
13312
10656
8053
9462
10426
3693
10212
11383
11756
7827
11057
11760
10898
10663
12594
11378
11270
10959
7906
11748
9850
9061
7442
6487
11567
4324
11513
12053
11069
9062
10913
12222
9984
7537
11874
11659
11309
9929
6856
12117
12856
11390
8585
7755
10886
4521
8970
10660
10791
5974
11486
11405
11809
7038
12135
10987
10249
8492
8563
11726
11910
8879
8611
6954
10075
6708
9942
11236
10821
6529
10597
10966
10724
9739
11867
11634
12178
9073
8048
11746
11942
11433
6643
9785
11209
7236
10881
12244
11187
1149
10424
11948
10011
10177
10980
12276
10414
10148
11026
10706
11427
9812
8548
7727
7774
4413
10106
10350
11613
8393
11683
11542
10925
7379
11848
12675
11095
7853
8545
11697
12676
10196
8521
8123
9288
6636
11179
9462
10668
6993
11272
11695
10415
8978
10416
11930
10939
11048
8161
11104
10623
10337
8305
10187
11741
7730
10466
11294
11132
6035
10697
10430
11053
9672
10126
10470
10089
10021
7370
11711
11597
7930
4259
7932
10050
6963
11281
10850
10985
7475
11550
12072
11145
10036
11318
10475
9909
11123
8409
12481
12222
9064
6298
4923
10870
5408
10519
11252
11207
5966
11560
10747
12146
9618
11560
10860
11324
9994
5299
11026
11307
9651
7593
10522
8740
8637
9518
11938
11155
7385
10829
10919
10472
10085
12040
12030
12033
10823
8041
11255
12566
9751
9472
7065
9013
7679
11335
10536
11646
8864
12379
12170
10927
9448
11045
10451
12419
9184
7703
13234
11771
10391
8678
8982
10576
6187
11573
11527
11141
8653
12154
11716
11866
10521
10957
11362
10620
9362
9371
12619
12479
10664
8423
7905
9738
6147
9066
11174
10094
6869
11138
10826
9974
8931
11897
11584
11456
8700
8915
11337
11594
10468
7761
9067
8940
4672
11409
11071
10881
6673
10359
11108
10650
8002
12533
11054
11550
11476
7579
12183
12481
10206
8929
9183
9147
6422
9068
11219
10442
7900
11628
11698
11593
8592
11939
12272
10266
8967
9000
11175
11851
9895
7663
4486
8984
5571
11743
11876
11176
6494
11380
11556
11801
9001
12549
13224
11609
9386
4833
11473
12385
9566
4837
8708
6658
8630
10048
9948
10922
7002
10746
11635
11503
8481
12164
11238
10216
6387
9253
11403
12338
9999
7523
6931
11873
3959
11782
12811
10904
5680
11841
11472
10912
6855
12121
11868
12766
10550
6111
12246
11250
9065
8948
6965
9098
6191
12391
12469
10707
6378
11660
12276
10825
10228
11781
12014
12307
10187
10696
11400
11738
11343
7664
10125
11203
8599
12062
11656
11417
7055
11205
12265
11092
8744
11763
11019
11970
10151
8074
12757
12150
9904
6863
7937
11430
5374
9701
11588
9631
4871
12336
10924
11865
10572
11741
9982
12597
10963
10033
11511
11396
11408
9474
10400
10735
8384
11104
10167
11262
8869
10190
11546
11083
7840
12621
12478
12512
8505
8391
12206
10744
8995
6361
8847
10288
5576
11256
12173
10396
9109
10475
12677
11398
9132
11961
12093
12705
10628
6974
12588
12741
10050
8155
10575
10163
5993
12224
11036
9165
5915
11443
11938
9970
10137
12404
12492
12520
10449
9200
11044
10626
10876
6596
8485
8817
5832
11372
11710
10224
5812
10706
11489
11867
9733
11742
13033
12937
10225
10361
12846
10308
10457
8792
9460
10228
6753
12059
12406
12008
7691
12403
12723
10401
9100
9881
13209
12346
10816
9045
11772
12098
10838
4262
8890
11419
6853
12616
12513
9233
2517
12440
11362
11065
9572
10887
12707
12158
9174
7468
12659
12127
9267
7586
6596
10856
8241
11692
10375
11287
6768
10495
11032
12371
9494
11996
11638
10392
11045
10753
12842
12421
11611
8545
7148
10866
7161
9991
12448
11708
5515
9962
11895
12110
10266
12093
11575
11911
11954
6137
12219
12688
10864
8002
9609
10065
6222
9868
12080
12006
2594
11242
10250
10863
10065
11089
11962
11036
8186
7486
11442
11527
9298
7089
9375
9362
5291
10706
9577
12078
5381
9125
12035
11226
8058
11972
11763
10799
9484
6800
11927
11035
9938
8803
7658
11420
5084
12499
11322
11404
5140
10266
13190
9791
11109
12499
12400
13123
8743
6731
11990
11336
9147
9289
7402
9103
7569
11523
10480
10965
5503
11876
11331
10631
8308
11895
12356
10338
10892
8402
11044
10831
10111
4354
10840
9273
4873
7324
11977
10944
7935
9114
10280
10901
8564
8188
11852
11858
9830
8053
12316
12331
10215
6961
6405
9552
7464
11859
9540
11694
6675
9840
11760
8951
8222
11057
11631
11708
11498
8790
12304
11711
9939
7859
8165
9914
9008
10891
11165
9611
6385
9520
10483
11017
9244
11829
11072
11988
10228
6919
12697
12030
9097
8564
8136
11178
8581
11621
11462
10541
7980
10788
11073
12092
8965
12193
11580
11471
9993
6552
10133
12299
8843
8263
9229
11678
6797
10738
10943
9582
6562
9089
11746
11133
9703
11980
11894
11566
9141
6975
12055
12019
7699
6752
7652
9546
4058
10236
11827
11794
8917
11689
12430
11872
9348
9262
11193
12672
10103
8674
13013
12038
11035
8103
8039
8068
5395
11263
12616
12160
7025
11752
11186
11631
6956
11604
11207
11700
9436
8165
11886
11635
10255
7340
6670
10644
6477
11068
10952
10788
8154
9218
11107
12059
9999
11318
13013
11930
9243
8078
12027
10674
10161
10347
7738
10920
3318
10577
11350
10131
8061
11940
11079
9227
9471
11164
12277
12779
9786
9916
13080
10765
9421
7517
7761
9817
7227
11748
12199
11546
7138
11134
11780
11752
10430
12761
10587
10340
7149
9773
12514
11590
8769
9544
9945
10510
8548
10213
12435
11201
3662
11063
11584
10975
10590
12794
12702
11818
8161
8431
12013
11938
11758
9341
8301
10634
7642
9479
10813
11016
3674
11844
12016
11286
8565
11638
12772
10344
9595
9610
11412
12026
10007
7772
7210
11840
8850
10910
10668
12592
7179
10656
12346
11789
9977
11238
10212
11773
8948
8771
12668
11713
9907
8433
7371
11416
6804
11689
10753
11103
8491
11660
11756
11980
8311
11202
12438
12040
10439
9807
12481
12743
10632
8393
9334
11469
5499
11398
10316
11293
6008
11071
12274
12653
9909
12615
11692
12147
11128
7087
11742
12658
9822
7561
9769
10898
5734
11730
9836
10442
7426
10700
11421
10597
8253
10780
10647
12494
10291
9130
12714
12622
10003
10040
9576
9619
8413
11662
11402
10312
7882
10669
12505
11355
10161
11779
11051
11825
10679
9698
13014
11280
10160
8523
9380
10620
7950
11235
12403
12099
6081
11992
11913
11412
9627
10694
12275
11769
11336
6471
12499
12305
9733
7889
5544
10249
8510
10374
12968
11614
7629
9876
12316
11914
10338
12170
11204
11090
7967
9732
11581
11494
11645
9389
9819
12377
7515
11416
10249
12191
7761
12091
11747
10249
9794
10972
12355
11844
7748
9869
11398
11759
9292
6765
3006
10518
6154
13007
13094
11010
7466
11007
11442
10257
9414
10821
11225
12215
9298
9114
12442
12415
9493
6526
6332
9496
2839
12314
12312
9521
8540
11629
11372
12692
8474
12952
12146
12838
9730
5550
11777
10064
4249
7910
9508
11803
4548
12056
11208
10469
2631
10906
12323
11505
8919
11575
12799
12483
10087
8265
10825
12222
6922
7341
6838
10764
4910
12871
11832
11083
9151
10266
11824
12811
7266
11723
11557
11237
10511
8041
12580
11730
9936
6881
8397
8697
5361
9321
12358
11670
4871
11284
11386
10273
9322
11913
12203
11223
10356
8639
12554
11590
9805
9052
4405
9641
9145
11173
11639
10865
6423
11301
11262
9705
7300
10793
10045
12083
8484
8757
12324
12163
8443
8440
7537
12442
6341
11454
9061
9926
8959
11808
12757
11818
8700
11708
10619
11386
11151
8487
12876
12198
8275
8492
9897
11066
5740
11969
10013
11893
5739
10243
10363
9430
7702
12119
12506
12204
10245
8309
12121
12304
9892
8472
6620
11560
4455
10996
11443
10407
3363
12082
11460
10526
7198
11578
12639
10744
8441
8148
12501
12144
8722
8529
9372
11080
6270
11703
11776
11828
7717
12493
12030
11548
9367
12024
10480
11718
10118
8088
12731
12457
10877
8634
9295
8810
8917
10991
11862
11348
8108
12254
12284
12193
9633
11644
12347
10890
10709
9814
12279
12139
8060
9766
8916
10709
7456
11090
11687
11988
7191
12449
11782
11640
10245
10887
10938
11735
9624
7766
11912
11543
11093
7568
8382
9877
5859
11125
11954
11212
6281
11666
12596
6811
9475
11836
12020
11906
9262
8290
11927
12544
10299
9256
9668
11372
7381
10437
11788
11065
6302
9772
11306
13073
10733
12014
10639
12377
9991
9362
11440
12130
9083
6418
8533
7406
6018
10531
12782
11359
6393
11478
12827
9956
9727
12651
11347
11077
8983
7175
12560
12182
7615
8707
10485
11147
9404
12112
11918
11313
3105
11069
11630
11647
10128
11368
10357
11390
10092
7098
12463
11954
7976
6772
11104
11519
6845
11819
11458
11474
5863
10188
12230
11652
8759
11128
11086
11831
11473
7801
12688
12207
9973
7065
9544
10256
7039
11224
11672
11847
7117
11308
12651
11861
8871
13318
12222
10501
11720
9676
8892
12194
10023
6065
11531
11596
7332
12451
12071
11997
937
11793
11203
11196
8470
11963
11305
11621
11694
8996
12837
12020
9336
9747
9090
11981
7209
12010
12222
11169
6603
11424
11739
10026
8112
10282
11942
12129
11716
10185
10360
9889
9501
7913
8202
10960
6858
10860
11778
10360
7004
11350
11614
11223
10282
10822
11202
11224
11242
7297
12215
12088
11236
8813
8938
10950
8657
11801
10853
11279
6335
12075
11988
11415
11161
12010
11480
11506
9896
8469
10554
11976
10009
8284
6777
11033
6975
11028
11554
10072
6601
10645
12357
11454
8556
10802
10872
11442
10006
7739
10581
12444
9301
5184
8795
10290
8710
11134
11705
11477
2871
10738
12484
12028
7874
11235
12254
11081
9092
7055
11589
11895
10000
8498
8850
11973
7884
11666
12391
11763
5848
11178
12201
11112
10137
11914
12742
11576
10069
7131
12378
12089
9994
8294
8862
11793
5603
12696
12427
11408
7039
11143
12548
12434
10303
11892
12443
12126
10159
10441
12705
12688
10180
8247
7484
10528
8256
11574
10346
11614
3183
11741
11634
9995
10255
10963
11749
9414
10759
8542
12469
12070
8584
8715
9073
11164
7280
12139
11315
11465
2779
12447
11678
11111
9291
10825
12337
12042
9710
10566
11936
12335
9870
7312
7641
11188
5886
11861
12685
11264
1999
9033
12251
9930
8404
11721
10904
12432
10052
8875
12163
11900
10099
8672
7951
9025
8538
10857
11872
10626
5976
11437
12575
10916
10272
10527
11875
12293
9864
9084
11758
12151
8850
8834
8435
11460
5895
10736
9934
10029
4659
11492
11859
10668
7299
11882
12171
11310
10154
9736
11533
12373
11272
8787
8577
10917
7594
11135
11209
11053
5164
11836
11210
12111
7138
11807
12333
11903
11311
9343
12209
12130
10799
8407
3636
9660
8332
10512
12593
9949
3570
10494
11521
9918
10312
11442
11291
11037
10574
10660
11398
12524
9983
8776
9146
10145
8780
10802
12257
11789
5701
11145
11660
10434
9574
10965
10959
12159
10444
8972
12424
12250
9779
9260
7417
11141
8081
11989
11017
12058
4168
11891
11211
11693
8807
11862
12333
10728
11311
8691
12749
12593
9972
8029
9191
11791
6346
12365
12157
9910
219
11297
11703
10054
8868
12303
12288
12935
10277
8090
12643
11955
11420
8104
7274
11498
6981
11826
11420
11257
4673
10788
10892
10817
10975
12932
11176
11548
11301
6859
10561
11657
11107
9029
6567
10855
8550
12684
12531
11413
7370
10986
10312
10489
10490
11501
12568
12038
11147
8758
12756
12324
11062
7835
9340
10439
6456
12130
12228
11283
3312
11064
11393
11436
9572
11285
11538
10962
10764
6595
12782
11387
9780
8593
6761
9561
4947
12506
11999
12138
6707
10483
11840
11058
8031
13294
12116
11421
10872
8767
12436
11828
11044
6225
10345
11182
7872
9890
10359
8787
5099
11940
11200
10670
9175
12839
11762
11228
11509
8941
11535
12260
11694
7018
6408
9633
7549
12238
11961
11480
5025
11388
13117
12846
11060
12696
12458
12360
9993
9572
12764
12708
10326
7994
7252
12124
7775
11256
12336
12180
3338
9536
12550
12221
8323
11950
10422
12012
9410
9070
12097
12365
10761
7406
8213
11344
8719
11134
11599
10448
8330
11533
11762
11321
10160
11854
11236
10792
10622
10142
12330
12714
11089
9493
9103
11257
7841
11822
11896
11639
7571
11485
12821
11809
7666
13110
11257
12580
10209
6994
12350
10949
10289
6516
9903
9857
4869
12161
12382
11049
8306
11659
12347
10387
8830
12552
11034
11067
11373
7617
12167
12776
10523
7041
6508
11459
6021
10435
11691
11823
6246
11142
11185
12228
8549
12199
11628
11732
11364
8353
11598
11758
11372
9939
9729
11306
7102
11740
11088
11416
8169
11087
11869
12185
10218
12045
12465
11840
11592
6265
11321
10436
9026
8803
10252
10726
7209
12096
11931
9123
5757
9623
11010
10402
8058
12025
11959
12571
11115
9842
12769
12072
10151
8988
10596
11262
5779
11372
10554
10454
7379
12325
12095
10413
9741
12443
11835
11865
10635
7604
11491
11096
10117
7541
8392
11325
7799
12541
12648
10758
8261
11600
12952
12126
9914
12223
10429
12797
11532
9025
12806
12661
10160
8469
9741
11883
6770
11780
12930
11965
3825
11192
11589
10319
7043
13037
12842
13172
11486
8052
11970
12771
10337
9513
8270
10104
6005
10870
11975
8459
5345
11801
11668
10752
10122
12116
10414
11383
10661
8192
11759
12139
11257
6462
9803
11233
8930
11108
11590
12796
7675
9610
10966
11136
8238
11870
12130
12814
10179
8458
11190
13046
11576
7234
9523
11451
6651
12150
12343
11822
6691
11511
12104
11647
9530
12428
11631
12913
11207
7312
12164
11993
9047
8901
9094
11656
7588
12456
12862
12530
8837
9806
12391
11208
10888
12748
11758
10376
11964
8656
12654
13196
9474
9351
10169
11446
4988
10906
10196
12412
7346
10860
11316
12596
10854
12532
11726
11634
10010
8485
11086
12010
10355
9653
9556
8487
4733
10126
11948
11894
7704
11213
11424
12141
9872
12417
12555
12091
9445
7917
11982
12594
10209
8184
8867
11163
8579
12371
11628
10056
5218
11439
11130
10738
11193
12544
11934
12515
10817
8818
11504
12064
10938
9318
11317
12150
5972
12383
9929
9478
9595
9692
12453
11568
9775
10953
11481
11166
9399
9238
12424
11394
8887
6407
6831
11552
8971
11725
12334
11351
5999
10443
11917
10983
7515
11766
12038
12224
9430
8649
12403
12747
10512
8075
5689
12354
8412
11457
11780
11334
5016
10320
11772
10989
7891
12588
12376
12235
11211
8669
12481
11734
9205
9482
8829
11548
7274
12114
9750
12229
5476
11788
12061
10690
9577
12680
12592
12145
9127
8762
11821
12609
9797
8236
9221
11282
6824
11028
10738
10452
6096
11498
10544
10641
11043
12166
11771
11612
9669
8755
12035
11391
10756
8618
9224
10985
7669
11862
12722
10895
3183
10364
11711
11726
10412
12279
13198
11709
9687
8818
11966
12638
9652
10120
9271
12060
8825
11915
11328
12153
4579
12279
11511
11612
11126
9566
12714
12188
9849
7517
12573
11436
9487
7463
10684
11840
10052
10580
12180
10992
2896
11288
12617
10391
9966
12243
13001
13004
10011
8648
11531
11709
11113
8904
9499
11469
6674
10309
11752
11976
8306
10845
12123
12732
10206
11604
12102
12285
11409
8266
11966
10734
10679
10263
8058
11664
8773
12208
11479
11676
4874
11313
11238
11744
7394
10905
12256
12097
10497
9662
12598
11620
9451
5501
8053
7921
8477
9546
12239
11298
5723
9320
10058
9367
9772
9067
11654
12479
10917
8130
11435
11799
8772
7869
7631
10822
9017
11295
10998
12121
3970
10405
10977
11753
9786
10563
11681
12099
11239
8343
11950
11914
7015
7173
8634
7805
7009
9738
11459
10374
6431
10770
11355
10715
8211
11105
12467
11346
9834
6249
12322
10791
7914
6826
8916
11330
8255
9890
10887
11075
6259
9748
11091
11778
7712
12354
12040
11917
11336
9361
12150
12667
10290
8168
8330
9792
7384
11084
11601
11170
7385
11778
12070
12405
9526
12574
10311
9328
8224
7354
12457
11973
10057
4991
