-29404.5
-23489.0
-28406.0
-26332.5
-25472.5
-23871.0
-24202.5
-26288.5
-14687.0
-20165.5
-25904.0
-13205.0
-18565.5
-14838.5
-17598.5
-20268.5
-12314.5
-16413.5
-17961.5
-21350.5
-23239.5
-16098.5
-13456.0
-18176.5
-18501.5
-18805.0
-16416.5
-5002.5
-24834.5
-12234.5
-18612.5
-19444.0
-16087.0
-10885.0
-7312.5
-12024.0
-17820.5
-15403.5
-12521.0
-12948.0
-14693.5
-14235.0
-10988.5
-24506.5
-25314.0
-17168.5
-19288.5
-12980.0
-15254.0
-16989.5
-8315.0
-20234.0
-11153.0
-9487.5
-14614.5
-13950.0
-16716.0
-13105.5
-18415.5
-14704.5
-16002.5
-11582.5
-11670.5
-25065.5
-15121.5
-12658.5
-14461.0
-13728.0
-24863.5
-14887.5
-12243.5
-21236.5
-30244.0
-15114.5
-18561.5
-18506.5
-14979.0
-18381.5
-7282.0
-16420.0
-10450.0
-11701.0
-18357.5
-12847.0
-9704.0
-15138.5
-12441.5
-11906.0
-2717.0
-14487.5
-5407.5
-10567.0
-2696.0
-3834.5
-5851.0
-10169.0
-7393.5
-7973.0
-6483.0
-6275.0
-3161.5
-8690.0
-23907.5
-10159.0
-4233.5
-9623.0
-7885.5
-9129.0
-13184.0
-4774.0
-7260.0
-6935.0
-8000.0
-1225.5
-1771.0
-7194.0
-3878.0
-7058.0
-6398.0
-10179.5
-12520.0
-4223.5
-7618.0
-9900.0
-6201.5
-8147.0
-2712.5
-6537.0
-11714.5
-11058.5
-8512.0
-10921.0
-12366.0
-3862.5
-4670.0
-2309.5
-5808.5
-4134.5
-6457.5
-6493.0
-12513.5
-3702.0
-4788.5
-9992.0
-5680.0
-751.5
-4045.5
-2431.0
-4414.5
-6857.0
-3803.0
-9475.0
-2113.0
-1933.5
-6085.5
-4726.0
-7017.0
-7672.5
-8580.0
-4871.0
-8060.5
-6838.5
-3315.5
-6378.5
-4773.0
-5904.0
-3365.0
-5445.5
-5608.5
-4901.0
-3510.0
-4814.0
-13543.5
-2556.5
-4428.0
-3119.0
-442.5
-2282.0
-5717.0
-8330.0
-6942.0
-3550.0
-11724.5
-3932.5
-2566.5
-4206.5
-6501.0
-8973.0
-5475.5
-9502.0
-9817.5
-5275.0
-4498.0
-924.0
-7176.5
-1814.0
-9142.5
-5801.5
-1332.0
-4709.5
-7192.5
-4843.5
-8971.0
-5783.5
-7860.0
-12031.5
-10779.5
-8344.0
-5794.5
-7436.5
-13232.5
-3781.5
-6131.5
-6659.0
-3923.0
-9161.5
-4652.0
-2957.0
-5053.5
-8693.5
-2656.5
-2182.5
-2835.5
-2254.5
-1764.5
-2964.0
-10436.0
-4875.0
-7892.0
-3627.0
-6712.5
-5530.0
-7812.0
-1882.0
-1941.0
-3667.0
-8240.0
-4707.0
-5339.0
-4806.5
-5892.5
-153.0
-4819.5
-6872.5
-2088.0
-8129.0
-7354.0
-1583.5
-1962.0
-737.0
-1891.5
-2948.0
-5085.5
304.5
-1227.5
-1092.5
-3367.5
-2408.0
-5184.5
-3562.0
-1027.5
-9689.5
-3807.5
-591.0
117.5
-2158.0
-1704.0
-3808.0
-1618.0
-717.0
-1558.5
-4437.0
-5555.0
-660.0
-3301.5
-1762.0
-3411.0
-5850.0
-5154.5
-1647.0
-229.5
-2070.0
-3902.5
240.5
-468.5
-2896.5
-2226.5
-3560.5
2033.5
-5968.5
-6509.0
-9587.0
-2772.5
-2521.5
-4022.5
-4808.0
-5337.5
-1247.0
-5016.5
-4270.5
-5331.5
1358.5
-9238.5
-6935.5
-1073.0
-1339.5
-1664.0
-4061.5
-1869.5
-9.5
2363.5
-130.5
-1071.5
-3185.5
-645.0
-8586.5
-6092.5
-1492.0
-1096.5
-4427.0
-2447.0
1337.5
-451.5
-4609.5
-2111.5
-1246.0
102.5
-1275.0
-2353.0
-594.5
-2304.5
-4336.0
-404.0
97.5
-689.5
-891.5
-991.0
-1480.0
-4279.0
-3405.0
-547.0
1207.0
-1697.5
-3408.0
-741.0
1967.0
-997.5
652.5
623.0
976.0
-2824.5
-2553.0
-4265.0
2110.0
-655.5
-10585.5
899.0
-1128.0
581.0
-3307.5
4733.0
-755.0
-398.5
-2046.0
3221.5
1389.0
69.5
492.0
-441.0
2327.0
1516.5
2793.5
-2194.5
3080.5
-1265.5
-2330.5
103.0
-5858.5
206.5
-19.0
-124.5
-86.5
-974.5
-920.5
-1438.5
-1213.0
-3819.5
738.5
835.0
-253.5
-109.0
-3400.5
614.5
-902.0
-2300.5
-3922.5
-1058.0
1229.0
1611.5
-1262.5
-1968.5
-550.5
-4288.5
-994.0
-2426.0
-3096.5
-1840.5
-715.5
2037.5
2432.5
-400.5
1460.0
-2224.0
221.0
1200.5
238.0
-349.0
1688.5
983.0
-1816.5
-1971.5
-96.5
2669.0
675.5
-248.0
-2984.0
373.5
1014.0
1290.5
1633.0
1157.0
443.5
838.5
156.5
2102.5
1402.5
1446.5
-1094.0
708.0
3847.0
803.0
2544.5
-1897.0
-140.5
52.5
-4972.5
-3235.5
-583.0
-2446.5
-590.0
885.5
4098.0
-2259.0
-2513.5
971.5
-3271.5
-607.5
2865.5
1503.5
-18.0
2737.5
5015.5
2566.0
1455.5
2212.5
1890.5
4193.0
2854.0
-339.5
902.5
3434.5
-2631.5
-1680.0
1048.5
-199.5
1837.0
1650.5
2239.0
1821.5
1066.5
5351.0
777.5
1788.0
3704.5
1915.5
1251.0
648.5
1210.0
4054.0
-1066.5
-2097.5
-3585.0
-86.5
-3064.0
-978.5
3777.0
5930.0
-703.0
52.5
-1433.0
1439.5
138.5
-3579.0
-1026.5
-1549.0
1615.5
-16.5
-852.0
-2699.5
2717.0
-4394.5
-1398.5
-979.5
-2843.0
-3031.5
-2821.0
-4024.0
4998.0
-4321.5
4100.5
3198.0
-1638.0
1667.0
484.5
1351.5
1810.5
4144.0
3988.0
1351.0
1820.5
467.5
692.5
1704.5
1597.5
-1891.0
3052.0
1283.0
-3063.5
3279.0
1834.0
1012.5
2053.5
-46.0
1756.5
2704.5
3074.0
2711.5
4431.0
2540.0
2358.0
2297.0
2839.5
3711.5
3661.5
1002.0
4316.0
4429.5
-658.0
800.0
1976.0
5068.5
-972.0
983.5
-281.0
5357.5
209.0
-2043.5
-692.5
-2682.0
-1775.5
4272.5
-14.5
-3288.5
4725.5
-2455.0
-530.5
-1493.5
-1481.0
-10.0
3133.5
57.0
1980.0
-1452.0
779.5
622.5
821.5
-629.5
-92.5
4952.0
2111.5
4905.5
3329.0
4459.0
3157.5
3569.5
758.5
5410.0
5575.0
4675.5
4359.5
4149.0
1372.0
4183.5
2166.0
3720.0
3065.5
-981.5
1705.0
5188.5
4592.0
1829.0
5384.0
4302.5
5646.0
2418.5
1388.0
203.5
5367.5
3299.5
2873.5
1567.5
4712.5
-2944.0
1815.5
467.0
2402.5
1267.5
3100.0
2801.0
4707.5
-639.0
2894.0
2082.0
2790.0
1434.0
-1698.5
1107.0
3701.0
3878.0
5201.0
4250.0
4053.5
3297.0
4873.0
5008.0
4287.0
4801.0
4497.5
4641.5
4986.5
5411.0
5673.0
3065.5
4750.0
4369.5
4837.5
3935.0
4656.0
1895.0
158.5
5372.0
5677.0
4460.0
5277.5
3464.5
5734.5
983.0
-343.5
916.5
4630.5
4114.0
3362.5
2509.0
2966.5
5197.0
4084.5
4063.5
2800.5
2841.0
4228.5
5252.5
4369.0
487.5
4010.5
2383.5
3207.0
304.0
1888.5
3569.5
2334.0
1538.5
4808.5
5950.0
4261.5
3127.0
188.0
3362.5
5425.0
1135.0
2242.0
3814.5
2862.5
2732.0
2788.5
807.5
1649.5
1939.5
768.5
3177.5
1558.5
-68.0
1259.5
5944.5
4864.0
3706.0
2714.5
3282.5
4049.5
925.0
4863.5
2969.5
3524.0
5350.5
3574.5
2453.5
3796.0
3995.0
3807.0
3472.0
3535.0
3587.5
3078.0
2451.0
4420.0
3033.0
4816.0
3417.5
3390.0
-746.0
5383.5
3011.5
6192.0
3485.5
1508.0
5576.0
5699.0
3455.0
4433.5
2894.5
3435.5
5987.0
4993.0
2952.5
2990.5
2141.5
2853.5
5193.0
3049.5
3670.5
2742.5
5633.0
3629.5
3929.5
2844.5
5499.0
3473.5
5568.5
4758.5
3794.0
2227.5
2496.5
3219.0
849.5
3488.5
4758.5
2771.0
4381.5
-784.5
1490.0
1634.5
4237.5
4841.0
2775.0
2565.0
1446.0
3908.0
1344.0
2799.5
5428.0
3039.0
5094.0
3184.0
5561.5
5056.5
3600.0
3534.0
563.0
4988.0
2983.5
3489.0
-694.0
1619.5
-90.0
4971.5
6084.0
2717.5
3091.0
1106.5
1494.5
4295.0
1759.5
5045.0
6002.0
5930.0
3741.0
1640.5
4394.0
5844.5
2633.5
2535.5
-1632.5
-232.5
5418.5
-83.5
39.5
-18.0
58.0
2827.0
-986.5
506.5
-422.5
6.5
5766.0
4437.5
280.5
6113.0
4714.5
414.5
464.5
4023.5
1893.0
-493.5
2647.5
5682.5
2126.0
2218.0
1796.5
2159.5
-137.5
2089.0
921.5
1169.5
1566.5
1482.5
-822.0
132.5
319.0
624.5
1781.0
5676.0
5934.5
1108.0
2302.5
6154.0
4428.5
5231.0
3090.0
5177.5
3960.0
4998.5
5002.0
4636.0
2594.0
4633.0
3145.0
3411.5
4202.0
1338.0
5480.0
4360.5
3766.5
4234.5
4338.5
5775.0
3144.5
3143.5
1489.5
2416.5
4366.5
3129.5
4520.5
3876.0
4241.5
3539.5
4238.0
3665.5
5736.0
5825.5
4382.0
5244.0
3661.0
4893.0
4523.5
3429.0
5457.5
4768.5
4206.0
2291.0
4681.5
5122.5
3903.0
5046.0
4617.5
3517.0
4340.5
1667.5
6132.0
5986.0
1968.0
1174.5
3576.0
3378.5
4230.5
3440.5
2082.0
4946.0
3476.5
4393.0
2791.0
2761.0
2412.0
5412.5
3408.5
3670.5
5312.0
6090.0
4031.0
4928.5
5889.0
5913.0
6151.0
2361.5
5127.5
3555.0
6083.5
5073.5
4505.5
2096.5
6021.0
1910.0
4308.0
2348.0
2871.0
5353.5
2439.5
2452.0
1413.0
3282.0
2862.0
1003.0
5593.5
5084.0
4287.5
4789.5
5342.5
5587.0
2641.0
3055.0
1549.0
3103.0
1518.5
2270.5
875.0
1469.0
5749.0
4528.5
4824.0
2995.0
3298.5
3225.0
6149.0
3393.5
3017.0
4552.5
3640.0
3084.5
2274.0
3336.0
5596.0
3535.0
4383.0
3996.5
6046.0
5208.0
5042.0
5921.0
6000.5
5465.0
4646.0
6180.0
6048.0
4695.5
3803.0
4819.0
4644.0
2353.0
3018.0
4472.0
5536.5
2467.0
3618.0
3799.0
3918.0
3956.0
4418.0
3279.5
3613.0
5862.0
3894.5
4184.0
4258.0
6215.0
3888.5
4060.0
5797.0
6060.0
3370.5
4828.0
2553.5
5263.0
3680.0
4739.0
5080.0
5118.0
6175.0
6125.0
4199.0
4648.5
6023.5
5870.5
5920.5
5768.0
5483.0
2063.0
5969.0
5849.0
3154.0
2656.5
6139.0
3478.5
4635.0
2306.5
3702.0
3554.5
554.0
2741.5
5797.0
2900.0
5643.0
2108.0
6190.0
3684.5
3132.0
1321.5
6025.5
6011.0
1929.0
2652.5
3637.0
3611.5
5954.5
2052.0
1091.5
4834.5
4054.5
3634.5
4789.0
3738.5
4092.5
3640.5
6098.0
4487.5
4394.5
4047.0
3919.5
3415.5
204.5
5006.5
3961.5
3253.5
6005.5
3620.0
6042.0
3870.5
3840.5
3140.5
5024.5
6178.0
2591.5
6000.0
4339.5
4423.5
3990.0
5692.5
5373.0
4678.5
3248.0
4403.0
5117.0
3728.5
4784.0
3709.0
5769.0
4394.0
4384.5
3342.5
6058.0
4120.0
2800.5
3996.5
3524.0
5130.0
4198.0
5927.5
4793.0
4637.0
4570.5
4050.5
1827.5
4546.0
1675.0
4925.5
5874.5
4303.0
3505.5
4888.0
5227.5
3924.5
5329.5
5188.5
5737.0
6043.0
4441.0
4981.5
5580.0
6217.0
5867.5
3855.0
5237.5
4111.5
5608.5
5964.0
5502.5
5539.0
4768.5
5191.5
5319.0
5098.0
4671.0
4283.5
5695.5
5519.5
5343.0
6070.0
4524.5
4941.0
4182.0
5431.0
4903.5
4608.0
5137.0
5968.0
3539.5
4838.0
4446.0
4158.5
6012.0
3880.0
4572.0
5746.5
5884.0
6140.0
1567.0
6160.0
4655.0
5623.5
-3.0
4796.5
5978.5
3664.0
3095.0
4284.5
3192.5
3179.0
2918.0
4858.5
6160.0
4518.0
3439.0
6271.0
2801.0
5996.0
3042.5
4951.5
6199.0
2861.0
1458.5
3749.5
6250.0
4007.5
3409.0
2839.5
3052.0
6235.0
715.5
2114.0
6045.0
5911.0
2301.5
2953.0
1516.0
5468.0
2207.5
3826.0
5869.0
4822.0
4060.5
3825.0
2521.5
3491.0
30.5
4079.0
5698.5
4693.5
6095.0
3936.5
5494.5
4969.0
3199.5
5472.0
5712.0
4086.5
4692.0
5131.0
5068.5
5561.0
4095.0
5236.0
5716.5
5648.5
3966.0
5566.5
4438.5
4374.5
5602.0
5370.5
2642.0
5528.0
3737.0
5392.5
6085.0
3126.0
4035.0
4247.0
5478.0
3105.5
3282.0
3837.0
3956.5
3367.5
5278.5
5782.0
2796.0
4070.0
2777.0
2979.5
5652.5
634.0
5499.0
5809.5
5806.0
5909.0
5519.5
5829.5
3978.0
5724.0
1512.5
5586.0
6029.0
4269.0
3822.5
5620.0
6284.0
4458.0
2681.0
3762.5
5741.0
4078.0
5840.0
3740.0
5965.0
5304.5
4806.5
6188.0
4677.0
2549.0
765.0
4943.0
2146.5
2848.5
4313.5
1610.0
6099.0
3772.5
2278.0
4189.0
1393.0
3343.0
2875.0
3176.5
2049.0
5383.0
2848.0
2332.5
2556.5
2924.0
3226.0
3678.0
2516.0
1070.5
4252.5
4570.0
3590.5
3628.5
5987.0
4104.5
4021.0
4391.0
3986.5
2402.0
3434.5
4323.0
3601.5
5077.5
3069.0
5486.5
1872.0
2865.0
1904.5
4251.5
3967.0
3910.0
3205.0
6123.5
4704.5
4084.5
4527.0
5915.0
3454.5
5257.5
6064.0
6153.0
3847.5
6064.0
6045.5
5946.0
5660.0
5653.0
2264.0
3396.5
5797.5
4033.5
3486.0
4141.5
2876.0
4102.5
5715.0
1522.0
5330.5
2288.5
5384.0
3303.5
4444.0
4347.5
4571.0
4159.0
567.0
4322.5
6037.0
3709.0
3119.0
4697.5
4774.5
4382.5
4706.5
3034.5
3933.0
4696.5
4554.5
4968.0
4185.5
3902.5
5759.0
2687.5
5931.5
3790.5
2992.5
4668.0
4925.0
5029.5
4831.5
5246.5
5440.5
5231.5
4784.5
2933.5
6184.0
4521.5
3360.0
5354.5
4663.0
6007.0
5180.0
4887.5
5207.5
4658.5
4531.0
4723.5
5463.0
4782.0
3432.0
5104.5
4822.0
4545.5
4502.0
4758.0
3848.5
3976.5
4343.5
4021.5
3599.5
4264.5
3907.5
3722.0
6173.0
4829.5
3434.0
3860.5
4238.0
2649.5
4897.0
4111.5
4314.0
4554.0
5058.5
4408.0
4932.5
4007.5
4809.0
4573.0
5082.0
5055.5
4252.0
6229.0
4960.0
6192.0
4259.5
4046.5
4423.0
4986.5
4579.5
4995.0
2165.5
4580.0
5131.0
6185.0
6107.0
3075.0
5811.0
4890.5
6298.0
6191.0
4794.5
4920.5
4110.5
4687.0
3519.0
4623.5
5967.0
2864.5
4672.0
5010.0
5758.0
5605.0
5702.0
5495.0
6194.0
5300.0
4332.0
5255.0
5366.0
5086.5
5145.5
5138.5
6085.0
5531.5
3139.0
5048.5
4966.0
5424.0
5471.5
5803.0
6150.0
4958.5
4307.5
3936.0
6133.0
5525.0
3053.5
4600.5
4594.0
6084.5
4184.0
3302.5
3389.5
4546.5
4740.5
4900.0
4916.5
5432.0
3083.0
5805.5
5019.5
5789.0
5102.5
5523.0
3946.5
4359.5
5479.0
5140.0
6025.5
5668.0
4647.0
5261.0
6189.0
6243.0
3360.5
5124.5
5500.0
5196.0
5900.0
6224.0
4122.0
5761.0
6141.0
4887.5
4670.5
4021.0
6210.0
4284.0
6209.0
5527.0
5804.0
6231.0
4621.5
2297.0
5138.0
4865.5
5459.5
5431.0
3451.0
6179.0
3677.5
5048.5
6106.0
4447.0
6232.0
2451.5
3988.0
5431.0
6207.0
6203.0
4531.5
5869.0
5384.0
4356.5
1696.0
3951.5
3858.5
4116.0
5437.5
4518.5
6258.0
6211.0
3999.0
5583.0
6227.0
5647.0
5749.5
6198.0
5787.5
5514.0
4306.5
4283.0
4668.0
4316.5
4240.5
3557.5
4257.5
3720.0
3500.0
6122.0
5753.0
4561.0
3791.0
2748.0
5788.0
5797.0
3607.0
3729.0
4496.5
6193.0
4622.5
4210.5
3760.0
4262.5
4207.0
4991.0
5462.5
4756.5
2948.0
3141.0
4643.5
4167.0
5821.0
4045.5
3530.0
1284.5
5086.5
5616.0
4441.5
6290.0
3837.0
5679.5
6196.5
5763.0
4305.0
4752.0
5949.0
2416.0
5907.5
4576.5
2763.0
5683.0
3408.5
4217.5
5888.5
5181.0
2513.5
3653.0
6200.0
5816.0
3062.0
3646.0
5797.5
5938.0
5501.0
5629.5
3552.0
4478.5
5355.5
6123.0
2956.5
3523.5
5732.0
6019.0
5546.0
2675.5
6126.0
5539.0
5942.0
5395.0
2876.0
5923.0
3220.5
2633.5
-1890.5
5141.5
3188.5
3423.0
5703.0
5627.5
6153.0
5965.0
5724.0
1151.0
6249.5
5866.0
5977.0
6159.0
1968.0
3310.0
5812.0
5870.0
6225.0
3465.5
1567.0
1839.0
5988.0
419.0
2576.0
1297.5
3223.0
-1244.5
5885.5
262.0
-2839.5
-2675.5
-2011.0
-95.0
-2823.0
6095.0
5935.0
-4113.5
-3486.0
-1427.5
-4541.0
-1046.0
-3402.0
-1969.5
-2270.5
5540.5
5923.0
-4012.5
-2157.0
119.0
-693.0
1626.5
613.5
5882.5
3470.5
3512.0
2021.0
6150.5
2010.0
6031.0
5768.0
2220.0
3427.0
5573.5
5934.0
5774.5
6071.0
3634.5
5788.0
4521.5
2817.5
5369.0
3402.0
3141.0
5844.0
2559.0
2649.5
2705.5
2634.0
3692.5
5928.5
3869.5
2364.5
2764.0
5797.5
3682.0
2263.5
5657.5
3283.0
1892.5
6250.0
293.5
3782.5
5846.5
3188.5
6221.0
3053.0
3329.0
1736.0
2500.0
-1663.0
5139.0
5649.0
2990.5
5730.0
5315.5
3401.5
3601.0
2042.0
2033.0
2314.5
3200.0
4113.0
5983.0
3273.0
5681.0
2653.0
5856.0
5137.5
2505.5
3511.0
5493.5
4934.5
6211.0
-31.0
2123.5
3020.5
5315.0
1792.5
1021.5
6260.0
1712.5
2438.5
-3135.5
1522.5
6037.5
3443.0
2672.5
1415.5
5057.0
2366.0
5750.0
5452.0
1895.5
1345.5
2624.5
3020.5
6002.0
6215.0
5938.0
5389.0
5802.0
5791.0
5371.5
6238.0
5425.0
3851.5
3678.0
6236.0
5389.0
4488.0
5557.5
3111.0
5528.0
4635.5
5731.0
4597.0
6058.0
5523.0
5125.0
4956.5
4571.5
4709.0
5237.0
5768.0
4662.0
4478.0
4655.5
4891.0
4742.0
4845.5
5424.5
4481.0
4252.0
5153.5
5377.5
5081.5
5537.5
5834.0
4711.0
6344.0
3409.5
5558.0
5416.5
5690.0
3146.5
4409.0
1143.5
5665.0
5596.0
1281.5
5586.0
4750.0
3213.5
3678.5
5465.0
3984.0
4301.5
3960.0
4256.5
6124.0
5721.0
5741.0
4228.5
5536.5
5502.0
3355.0
5456.0
6119.5
3586.5
-258.0
3727.5
6245.0
4100.0
3644.5
6140.0
4858.0
6239.5
3004.0
4859.5
6220.0
5765.0
3594.0
3398.0
5485.0
5680.0
4417.5
3807.0
3941.0
3004.0
3476.5
5115.5
5415.0
4578.5
4193.5
4956.0
5373.0
5176.5
5745.0
5650.0
4665.0
2690.0
4442.0
5689.0
3784.5
5752.0
4594.5
5677.5
6117.0
5799.0
6172.0
2407.5
5864.0
5300.5
5966.0
4849.0
5186.5
5944.0
4842.0
5867.0
5829.0
5708.5
5802.5
2880.5
5951.0
5997.0
5864.0
2588.0
2324.0
3948.0
5056.5
2545.5
1555.0
2062.5
2783.5
2556.0
-473.0
573.5
1037.5
-277.5
6177.0
1559.5
878.5
6064.0
6206.0
2967.5
2745.0
6180.0
1759.0
1560.0
780.5
4906.5
6133.0
5697.5
4449.0
2760.5
4311.0
6043.0
4380.5
4328.0
6248.5
5867.0
5527.0
6158.0
4537.5
5741.0
5745.5
5630.0
5835.0
4704.5
3328.5
6169.5
5867.0
3978.5
2543.0
4277.5
6001.0
6230.0
4500.5
4904.0
4970.0
5847.0
5398.5
-720.0
2983.0
5150.0
5692.0
3788.0
5748.5
5553.5
3282.0
5623.5
5109.5
3586.0
3779.5
4400.5
5377.0
3607.0
6173.5
5557.5
4307.0
5450.0
6102.0
5370.0
6225.0
5993.5
4228.0
5223.0
5975.0
5941.0
6179.0
1924.0
5612.0
1874.5
6245.0
5447.5
5550.5
5497.5
5358.5
4768.0
5715.5
4151.5
5655.0
6032.5
6217.0
5927.0
3549.5
5888.0
5896.0
5641.0
4508.0
5302.5
5770.5
5177.0
1955.5
6125.0
2399.5
4378.0
3662.0
1933.5
3000.0
1320.0
5893.0
5653.5
5891.5
6023.0
3291.5
6215.0
2592.5
5695.0
4201.5
2794.0
6223.0
4755.5
4559.5
3268.5
6227.0
6005.0
5927.0
4409.5
6313.0
6189.0
5077.5
6318.0
6164.0
5757.0
3262.0
5784.0
2631.5
3137.0
5613.5
5483.5
3656.0
2873.0
3550.5
6207.0
4382.0
3646.0
5733.0
884.0
6118.0
3122.0
2873.5
2800.0
3949.5
6244.0
3624.5
2493.0
3440.0
3647.5
3678.5
5955.0
3825.0
4230.0
3476.0
3191.0
4231.5
3782.5
5070.0
6230.0
5226.5
4879.5
4741.5
6194.0
5941.0
6229.0
4426.5
4624.0
5889.0
6258.0
4978.0
6023.0
6255.0
4397.0
5722.0
6200.0
4171.5
5632.0
5399.5
5258.5
4771.0
3243.5
5199.0
5673.0
6256.0
5916.0
5607.0
6227.0
5834.0
5794.0
5509.0
4893.5
4852.0
4846.0
5386.0
6212.5
4298.0
4423.5
5633.5
5899.0
5132.5
4371.5
5318.0
5621.5
5491.5
5884.0
5421.0
6021.0
4529.0
5625.5
4114.5
4630.5
3508.0
3512.5
5165.5
5570.5
6042.5
6051.0
5953.0
3656.5
5706.0
5544.0
2918.0
5764.0
4439.0
5656.0
5526.0
4414.0
1338.5
5954.0
2406.5
1922.5
6190.0
6231.0
5833.5
5962.0
6180.0
2218.0
1896.0
-205.5
6218.0
5893.0
2937.0
1887.5
3210.5
3643.0
4332.0
4389.5
5825.5
3791.0
4462.5
4179.0
3848.5
4422.0
3635.0
3452.0
4781.0
4879.0
5655.5
6182.0
4510.0
4593.5
5700.0
4788.5
5098.0
5050.5
4992.0
4857.5
5625.0
6253.0
6152.5
4544.0
4712.0
4979.5
4878.5
4559.5
4641.0
4415.5
5102.0
4589.0
4671.5
4253.5
4461.0
4139.0
4942.0
5931.0
3877.0
6217.0
4379.5
4429.5
4703.0
3543.0
4288.5
4079.0
4790.5
5075.0
2917.5
4404.0
4985.0
6191.0
6146.0
2682.5
4609.5
5262.0
5913.0
5074.5
4352.5
6034.0
4921.5
5106.0
3855.5
4482.0
5868.0
4773.5
4976.0
4707.5
6237.0
5526.0
4818.0
4388.0
5768.5
4566.0
4956.5
5834.0
5501.0
4040.5
3718.5
6133.5
5818.0
5416.5
2734.0
5026.0
5956.0
5824.0
4646.0
5961.0
5855.5
5636.0
4966.5
4294.0
5079.0
5901.0
5243.5
4738.0
1453.5
5378.0
4329.5
4267.0
5729.0
6107.0
3999.5
5027.5
2194.5
4747.0
95.0
4870.0
4780.5
2145.5
6281.0
5994.0
4810.5
2877.5
5757.5
5965.0
5707.0
6345.0
4367.5
5511.5
5832.0
5112.0
5618.5
5458.5
6123.0
5101.0
6025.0
5374.0
4767.0
5647.0
4916.0
6032.0
925.0
5066.0
2717.5
6152.0
6204.0
425.0
5055.5
5330.5
-291.0
5905.0
6071.0
4477.5
2248.0
1774.0
5868.5
5810.0
5388.0
4711.0
5763.0
6080.0
4446.5
472.0
1139.5
5654.0
6243.0
5727.5
1502.0
6143.0
1104.0
4646.5
2864.5
4443.0
5858.0
3067.0
5449.5
4840.0
6233.0
5854.0
5202.0
4349.0
5644.0
5757.0
5966.0
5789.0
4843.5
5075.5
5081.0
5888.0
6027.0
5670.0
5043.5
5771.0
6096.0
5994.0
2906.0
5562.0
5888.0
3085.5
3091.5
4266.5
6245.0
5458.0
1266.0
1661.5
4238.5
5463.0
5015.5
5774.5
5223.5
5659.0
5617.0
5710.0
5531.0
3677.5
4409.5
2574.0
4426.0
4588.5
5650.0
4253.0
2929.5
5369.5
5410.0
4275.5
5624.0
6028.0
5487.5
4752.5
6307.0
6192.0
5819.5
4881.0
4954.0
4676.5
4970.0
5484.5
2236.5
4271.5
4909.0
4486.0
4126.0
5688.5
4076.0
2512.0
5713.0
4221.0
3766.0
6263.0
4363.0
5632.5
4449.0
4150.5
5691.0
4551.5
4414.5
4819.0
3232.5
4702.0
5221.0
6244.0
6280.5
4492.0
4862.0
5031.0
5314.0
6193.0
4908.5
5660.5
5044.5
4684.0
3800.5
4572.0
6171.0
3504.5
5003.5
4573.5
6030.0
5220.0
5152.0
5178.0
6245.0
6172.0
5243.0
6245.0
4737.5
5080.5
5000.5
5183.5
5296.0
5139.0
4209.0
6173.0
4967.5
5221.0
4730.5
5260.5
5931.0
5266.0
4374.5
3368.5
5675.0
5921.0
4122.0
4275.0
4290.0
5454.0
5486.5
3967.0
4526.5
6283.5
5725.0
5703.5
5137.0
2971.0
4867.0
3976.5
5532.0
3664.5
5836.0
6005.0
2726.5
5681.0
5462.5
5766.0
5379.0
6129.0
5752.5
5906.0
5781.0
5890.0
5758.5
5563.0
3440.5
3230.0
5960.0
5684.0
2601.0
5809.5
5812.5
1441.5
5796.5
5456.0
5847.0
2289.5
3121.5
5957.0
5751.0
5872.5
3911.5
6131.0
6073.5
3716.5
5665.5
3684.0
3675.0
4623.5
2545.5
4702.5
5115.0
3898.0
5027.0
4837.5
4356.5
5410.0
6076.0
5693.0
3969.5
3308.5
5577.0
5974.5
-1270.5
3570.5
5399.0
5931.0
5991.0
3169.5
3901.5
4175.5
4866.0
4171.5
6175.0
3894.5
5286.5
6088.0
5987.0
5733.5
4035.0
4838.0
5336.5
4736.5
3453.5
4604.0
6197.0
4830.5
4898.0
4376.0
6007.0
6124.0
3733.5
2214.5
4110.0
4436.5
3888.0
3503.5
3999.5
4086.0
4411.0
3723.0
4739.0
4787.5
3734.0
4818.5
4278.0
4594.5
3770.5
2704.0
5615.0
4538.5
4773.5
4636.0
4750.5
4074.0
4835.0
4797.5
4421.5
6307.0
4486.5
4698.0
5221.5
6329.0
4846.5
4937.5
5012.5
5375.5
5172.0
5671.0
5032.5
4979.0
4868.0
5703.5
5626.5
5254.5
5476.0
4246.0
6243.0
5331.5
4778.5
5812.5
5559.5
5183.5
4495.0
5177.5
4085.5
5333.0
4392.0
5971.0
3859.5
4399.5
5708.0
5531.0
5992.0
3679.5
4268.0
4673.0
6233.0
5653.0
4300.5
5685.0
4353.5
4955.5
3529.0
4515.0
5577.0
4874.0
5197.0
5171.5
6197.0
6207.0
5501.0
5395.5
6200.0
5300.5
5508.0
6147.0
5469.5
4802.0
4650.5
5479.0
6163.0
5112.5
4998.0
5180.5
5823.0
5197.5
5272.5
6196.0
4496.0
6158.0
4651.5
4266.0
5401.0
5394.5
4333.5
4991.0
4575.5
5693.0
4844.0
3226.0
4679.0
5611.5
4908.5
5062.5
4434.5
5366.5
4202.0
4667.5
5690.0
5278.0
6012.0
5570.0
4409.5
5078.0
4468.5
5819.0
6232.0
6131.0
3138.5
5774.5
6271.0
5663.5
4622.0
5576.0
5834.0
4707.5
4795.5
5342.5
5455.5
5454.0
4706.0
5439.0
4992.5
4314.0
5323.0
5110.5
4402.0
5433.0
5259.5
5331.5
5178.0
5270.0
5296.0
5022.5
4729.0
5340.0
5449.5
5475.5
2512.5
5042.5
5239.0
5356.5
5836.0
3191.5
5055.0
5191.0
5367.5
5194.5
3799.5
5547.5
5696.5
3863.5
1480.5
4219.0
5506.0
5412.5
5624.0
3600.5
6226.0
5331.0
5573.5
5896.5
6314.0
5807.0
5984.0
6214.0
6235.0
-1082.5
1053.0
2425.0
5979.0
5750.0
5022.5
808.5
5991.5
5953.0
4479.0
-1249.0
5981.0
-1415.5
-1911.0
-1055.0
6091.0
5921.0
-2024.5
5860.0
-2005.0
491.0
-2901.5
5996.5
5798.0
-4482.5
-8261.5
5738.0
-6041.0
5317.5
-8093.5
-9850.0
737.5
-6448.0
6162.0
6195.5
-2723.5
-1556.0
5624.5
6027.0
-3766.5
5927.5
-817.0
2449.5
-1057.5
-702.5
644.5
5742.5
5971.5
310.5
5847.5
3286.5
5733.0
5719.0
4919.0
5406.5
5560.5
5667.5
5211.0
5485.0
6091.0
4751.0
5351.5
4993.0
4146.5
5540.0
5394.5
4552.0
5155.5
1812.0
4502.5
4826.0
4179.5
4489.0
4745.5
4633.0
6178.0
3812.5
3980.0
6044.0
6107.5
4447.0
4248.5
4977.0
4656.5
4169.5
3065.5
5411.0
5804.0
4861.5
4548.5
4702.0
6198.0
5290.0
4700.0
4783.0
6212.0
5279.5
5222.5
6313.0
5260.5
4220.0
4517.5
4736.0
5574.0
4427.5
3603.0
3954.0
5908.0
4213.5
4234.5
6000.0
5606.5
5898.0
3748.5
3074.5
6239.0
3964.0
3439.0
3702.0
3938.5
4445.5
5756.5
4287.5
5916.0
5008.5
4429.0
4556.0
4885.0
4913.0
4575.5
2970.5
4791.0
4789.0
6043.0
5001.5
4155.0
4969.5
4355.0
6106.0
5278.0
6034.0
4667.5
5707.5
5125.0
6225.0
4358.5
5613.5
6136.0
5710.5
6149.0
6205.0
3819.0
4898.5
5310.0
5762.5
5275.5
5523.0
5011.5
4530.0
5144.0
4286.0
5606.0
6172.5
5665.0
5985.0
5283.0
4298.0
5169.5
5159.0
4941.0
4973.5
4254.0
4802.0
5720.0
5511.5
5924.5
4370.5
4635.0
5039.0
5652.5
5741.0
4520.5
4768.0
6131.0
5690.0
3556.0
5609.5
4841.5
4644.5
5687.0
5667.0
5889.0
5915.0
4528.5
5076.5
4626.5
5621.5
5799.0
4893.0
5255.5
5113.5
3872.0
5810.0
5955.0
4506.5
4545.0
4305.0
5948.0
5177.5
4799.0
5155.0
4610.5
5985.0
3131.0
3714.0
6245.0
4931.5
4738.0
4108.0
5182.5
4740.5
4478.0
4301.0
5593.5
6273.0
4442.0
5182.0
5668.0
4623.0
3507.5
4441.0
4786.5
4482.0
4084.0
4334.5
3358.0
5045.5
5133.5
5924.0
6226.0
4706.0
4420.0
6068.5
6251.0
6275.0
6110.5
3781.5
6018.0
6010.0
4554.5
6257.0
4218.5
5475.0
5581.5
5203.0
5713.0
5861.0
5512.5
4192.0
5504.0
5676.0
5506.0
5857.0
5815.5
6261.0
5820.5
5455.0
3906.0
5281.0
5566.0
5734.0
2591.0
3900.0
5163.0
3390.5
5591.5
2825.0
4279.0
5401.0
5927.0
5092.0
3458.5
5122.5
4636.0
3609.5
1345.0
3765.0
5936.0
4142.0
4316.5
4986.0
5634.0
5799.0
5677.5
3937.5
6264.0
5816.0
5814.0
6219.0
5074.5
4351.0
3329.5
5740.0
5867.0
5977.0
3057.0
4206.5
5970.5
6196.0
4375.0
6208.0
6213.0
5778.0
3777.0
3721.5
5132.0
6242.0
3833.5
4110.0
5235.5
5918.0
4714.0
4564.0
5944.0
5914.0
4921.5
5663.0
5784.0
4181.0
5169.0
3019.5
3776.0
4913.0
6232.0
4341.0
3928.5
4528.0
6008.5
5977.0
6223.0
5811.5
4189.5
5150.0
6222.0
5009.0
4433.5
4653.5
6110.0
4361.0
5971.0
5313.5
4780.0
5052.0
4161.0
4439.5
4850.0
4771.0
5029.5
4870.5
5855.0
5183.0
5330.0
5457.0
4896.5
6231.0
6122.0
4863.0
5803.0
5115.5
5850.0
5707.5
4490.5
5438.0
5697.0
5519.5
5753.0
4318.5
4798.5
5482.5
5983.0
5622.5
5401.0
5688.5
5647.0
5881.5
2468.0
5400.5
5876.0
4485.5
5648.0
3695.0
4994.5
4948.5
4732.0
4454.0
6099.0
5504.0
5058.5
5608.5
6251.5
4991.5
3590.5
5590.0
6019.0
4280.5
4767.0
4052.5
6074.0
3336.5
3658.5
5644.5
5549.5
6193.0
5580.0
5605.0
5627.0
6001.0
1036.5
2130.0
4997.5
5897.5
1114.0
1253.5
5704.5
2230.0
1606.0
3326.0
4342.0
3375.5
2472.5
2836.0
5634.0
5714.0
6180.0
6125.0
4541.0
5628.0
5787.0
5249.0
4559.0
6088.0
4375.5
4605.0
6016.5
6250.0
5645.5
4692.0
6033.0
6224.5
4601.0
6243.0
3894.5
3175.5
5418.0
5952.5
4156.5
5381.0
4635.5
3696.0
6144.0
4053.0
3334.5
5815.5
2614.5
2661.0
3407.0
3152.0
2843.0
3705.0
6031.5
5549.5
1798.0
2460.0
2482.5
4038.0
2864.5
3544.0
2769.0
5927.0
4140.5
5910.0
4194.0
3951.0
3397.5
4083.5
1248.0
4538.5
4960.5
5959.0
4833.0
4413.5
5255.0
5179.5
4978.5
5210.5
5196.0
5857.0
5864.0
5964.0
5821.5
3970.0
4262.0
5079.0
4869.5
3653.0
2957.5
4977.0
6130.0
4983.0
4745.5
5465.0
4984.5
5650.0
4762.5
4438.5
5256.0
5352.5
4542.0
4885.5
4828.5
5724.5
5105.5
6314.5
5047.0
6005.5
4745.5
5886.5
5233.5
5262.0
5743.5
5578.5
5902.5
5778.5
6176.0
6228.0
4857.5
5002.0
5845.0
5768.0
6212.0
6252.0
4340.0
5999.0
6205.0
6179.0
5600.0
4345.5
6063.0
6021.0
5930.0
5107.5
5237.0
5720.5
5455.0
5959.0
4730.5
6274.0
5865.0
4980.5
5628.0
5844.0
5618.0
5841.0
5308.5
3933.0
5451.5
4694.5
4321.0
4756.0
2857.0
6200.0
2486.0
5400.0
5814.5
3589.5
2879.0
2694.0
4021.0
5973.0
2855.0
3253.5
2919.0
1768.5
1944.0
2729.0
933.5
2901.5
4257.5
3109.5
3195.0
3665.5
4214.0
2485.5
3889.0
4224.0
5803.0
3470.0
4515.0
5968.0
5468.5
4817.0
4379.5
4761.0
5946.0
4759.0
4821.5
5162.5
5402.0
4962.0
5645.5
5108.5
5954.0
5935.0
4861.5
4583.5
6202.0
5869.0
5100.0
5616.5
5504.0
5767.5
5800.0
5675.0
5582.5
5969.5
5456.0
5760.5
4962.0
5109.0
5039.0
4097.5
5763.0
5101.0
6107.0
5538.0
5561.5
5618.0
5896.5
5874.5
4606.0
5989.0
3791.5
6146.0
5937.0
6225.0
6234.5
5118.0
6133.0
5563.0
5048.0
5963.0
4153.5
5520.0
2366.5
5964.0
5178.0
4809.0
4906.5
5011.5
5921.0
4572.5
4071.5
4398.0
5783.0
6144.0
2524.5
1782.0
2713.5
3587.5
5688.0
5820.0
4098.0
1467.5
3956.0
4415.0
5784.0
3614.5
5388.5
5399.0
5629.0
5705.0
5658.0
6212.0
5090.0
3946.0
3578.0
5276.0
4786.0
4722.0
5339.0
5107.5
6288.0
5959.0
4630.5
5270.0
4371.5
5963.0
5986.0
6203.5
6101.5
5591.5
3568.0
5784.5
6187.0
4351.5
5546.0
5846.0
5894.0
5151.0
4238.5
5916.0
4311.0
6030.0
3894.0
3602.0
4301.5
4305.0
3779.5
4255.5
4757.5
6158.0
5917.0
3240.5
4442.5
5881.0
4049.0
4367.5
5840.0
3817.0
3005.5
2729.0
4583.5
3326.0
6192.5
6143.0
3739.0
3640.5
4303.0
6069.0
4392.0
4845.0
3822.5
6266.0
6230.0
4493.5
6103.5
4997.5
5054.0
5915.5
4849.0
5933.5
4366.0
5077.0
4709.0
5092.5
4716.0
5603.5
5396.5
5020.0
5554.5
5337.5
5884.5
5175.0
5082.5
5907.0
5269.5
4649.0
4871.5
5076.0
5864.5
5233.5
4017.0
4430.5
4769.5
5859.0
4875.5
3709.5
4164.5
4491.0
4290.0
4648.5
4559.5
5256.0
4899.0
4492.5
2355.5
4046.0
5899.0
4504.0
4846.0
4084.0
6243.0
5922.0
4888.5
4808.0
6256.0
5071.5
5767.5
6351.0
4896.5
4928.0
4624.0
5143.5
6055.5
5247.0
3386.5
5221.5
6204.0
5816.0
4717.5
4425.5
4937.0
5047.0
4507.5
5225.0
4242.0
5961.5
3359.0
4228.5
4469.5
6179.0
6187.5
5006.5
5990.5
5836.0
4833.5
4254.5
5421.0
5187.0
4803.0
4759.0
6157.5
5162.0
5276.0
5561.0
3741.0
5785.5
3598.0
5556.5
5945.5
5552.0
3671.0
5569.0
6220.0
6031.0
3559.5
3370.0
5973.0
4364.5
6003.5
6006.0
3486.0
5479.0
1989.0
3012.5
3748.0
3504.0
2419.0
4918.0
6151.0
5393.0
3103.0
3590.5
3532.5
6220.0
6147.0
3525.5
3527.0
3584.5
5404.5
5977.0
4500.0
3841.5
4005.5
4284.5
4331.5
3097.5
3758.0
3793.0
6020.0
4046.0
5608.0
5311.5
6204.0
4481.5
3420.0
4385.0
6020.0
5609.0
5126.0
5552.0
6282.0
4017.5
4407.0
4339.0
6316.0
6251.0
5931.0
5199.0
5201.0
3972.5
3104.0
5053.5
4660.5
4982.5
3970.0
4756.5
4603.0
4047.5
4135.0
4348.0
6104.0
4836.0
3566.0
3069.5
4966.0
4272.5
3803.5
4431.0
4958.5
6193.5
4784.5
5145.0
4890.0
5998.0
4800.5
4946.0
5741.5
5374.5
5411.0
3763.5
6018.0
5237.0
6244.0
5100.5
5048.5
5100.0
5289.0
5627.0
5109.0
5291.5
5110.5
5793.0
5426.0
5314.0
5189.0
6236.0
4929.0
6045.0
5364.0
5379.5
5582.0
6044.5
5470.5
6074.0
5490.5
5550.5
5033.5
5506.0
5606.0
5389.5
5611.0
5547.0
5919.0
6178.0
6132.5
5480.0
5639.0
5426.5
3510.0
5914.0
3032.5
5327.5
5567.0
5331.0
5468.0
5062.5
5506.5
2357.0
6151.0
4590.5
3455.0
5533.5
6189.0
4685.5
4041.0
4534.0
5271.5
5279.0
3896.5
4888.5
5294.0
5371.5
5262.0
5765.0
6058.5
4365.0
6046.0
6293.0
6063.0
4250.5
4284.5
5342.0
5997.5
5411.5
4973.0
5241.0
6081.0
5391.5
5397.0
5438.0
5567.0
6153.0
4985.5
5445.5
6357.0
5148.0
5059.5
3765.5
4576.5
5463.0
6070.0
3344.0
4528.0
5585.5
4717.5
4003.5
6005.0
5490.5
4535.5
4396.0
5849.5
5007.0
6231.0
5336.5
5357.5
4893.5
5674.0
5312.5
5354.5
6297.0
5138.0
5544.0
5784.5
6198.0
5606.5
5101.0
5291.5
5479.5
5495.0
5932.5
461.5
5523.5
1206.0
5049.5
5663.5
4669.0
5565.0
5247.5
6263.0
5747.0
5501.0
5138.5
5615.0
6122.0
6138.5
5555.5
5981.5
3753.5
4418.5
4936.0
2093.5
5598.5
3901.0
5018.5
5716.5
4809.0
4905.0
4087.0
6258.0
5276.5
3389.0
5708.5
5288.0
4084.5
2933.5
4327.0
6223.0
3807.5
5415.0
4676.5
6122.0
5131.5
5926.0
4983.5
6269.0
5197.5
5781.5
6220.0
4126.5
5771.0
5370.0
6025.0
6178.0
2408.5
3081.0
5702.5
6235.0
6044.5
3652.5
5064.5
6169.0
6150.5
5317.0
3546.0
6098.0
4765.0
5887.0
2862.5
3114.0
5037.0
5977.0
3706.0
4063.5
4286.0
4169.0
5615.0
3545.5
3083.0
4218.5
-337.0
4769.5
6002.0
5637.0
6027.0
3563.5
4697.5
4106.5
4489.0
6016.0
6123.0
-853.0
5073.5
6224.0
5738.0
4294.5
785.0
2859.0
5156.5
5821.0
5629.5
949.0
1812.5
4190.5
3450.0
1290.0
5078.0
1793.0
1119.5
4458.0
6137.0
2367.5
6205.0
2993.5
6241.0
4412.5
2531.5
2453.0
2556.0
6019.5
4950.0
3690.5
3898.5
5873.0
6085.0
6045.5
3454.5
4404.0
5496.0
3646.5
5637.5
5025.5
4797.0
4818.5
6164.5
4337.5
5360.5
4331.0
4257.0
5979.5
5179.0
6223.0
5676.5
4296.0
5598.5
4133.5
6168.0
5548.5
3846.0
6073.0
4307.0
3475.0
3700.0
3443.0
6228.0
5109.0
2048.5
5032.0
5696.5
4663.0
6234.0
4687.0
4245.5
3487.5
5433.0
5313.5
5961.0
4413.5
3533.0
5733.5
5415.0
6169.0
5082.0
4608.5
5041.5
4217.5
5838.5
3794.0
5849.5
3087.5
4996.0
3936.5
5750.0
5759.0
5718.0
4859.5
2338.0
5545.0
6025.5
5823.0
3788.0
1210.0
2694.0
5538.0
3322.0
5442.0
2630.5
3392.0
5461.0
5660.0
3452.5
5536.5
5556.5
5229.0
4455.5
5521.0
4392.5
4621.5
4555.0
6262.0
4494.0
5107.0
6287.0
5076.5
4207.0
4729.0
4069.5
4362.5
4620.0
5090.0
6189.0
4231.5
6172.0
5484.5
4762.0
4961.5
3539.5
5218.0
4900.0
6266.0
5230.0
4465.5
5043.0
4333.0
4485.0
3093.0
5709.0
5081.0
4426.0
5945.0
5618.5
5293.5
5165.0
5215.0
4139.0
6291.0
5404.0
4847.0
5222.5
5159.5
5192.5
4678.5
5739.0
6261.0
5376.0
3900.5
6200.0
6211.0
5459.0
5430.0
5684.5
5397.0
6257.0
4579.5
5023.5
5775.5
5468.5
5432.5
5478.5
4114.0
5427.0
6180.0
4810.0
5292.0
4725.5
5150.5
5512.5
4801.0
5614.0
5298.5
4684.0
5427.5
5679.5
4975.5
5880.0
6160.5
5593.0
5562.5
5663.0
5664.5
6258.0
5489.0
5108.0
5644.0
5705.0
4414.5
5506.0
4926.5
5402.5
4350.5
5500.5
5447.5
4798.5
5366.0
4124.0
5198.5
5546.0
4095.5
4813.0
5787.0
5229.5
5776.0
6256.0
5483.0
6150.0
5915.0
5135.5
4745.0
5565.5
5755.0
5745.5
4011.0
5312.5
5676.0
5543.5
5876.0
3662.5
5582.0
5551.0
5851.0
5648.0
1968.0
5423.0
3659.5
3426.0
3334.5
4204.0
5778.0
3636.5
4615.0
3492.0
5676.5
5710.0
5823.0
5838.5
6256.0
6025.0
5839.0
6149.0
5578.0
5639.5
4830.0
5850.0
5929.0
5113.5
4713.0
5707.5
5804.0
6237.0
5523.0
5788.0
5496.0
6265.0
5179.5
4360.0
5813.0
5733.5
5447.0
5795.5
4874.5
4710.5
5319.5
4456.5
5744.5
5698.5
5598.5
5842.0
3857.5
5800.5
3720.5
3169.5
4170.5
5819.0
5910.5
5803.5
4009.5
3628.0
2851.0
5985.0
5916.0
6254.0
3955.0
4658.5
5867.0
5871.0
4106.5
4101.0
5820.5
4468.0
5924.0
4533.0
4538.5
5763.0
4298.5
5820.5
5458.0
5853.0
5825.0
5453.5
5930.0
5653.0
5774.0
5847.5
5244.0
5549.5
5661.5
4968.0
5498.0
4954.0
5631.0
5932.5
3633.5
5500.0
5870.0
6231.0
5992.0
4511.0
5612.0
5810.5
4916.5
6290.0
5433.0
5949.5
5744.5
5857.5
1682.5
4592.5
5657.5
4192.5
5587.0
5479.0
5657.5
3830.0
2947.0
4771.5
6160.0
5135.5
3999.0
6158.0
3439.0
5611.0
5281.0
3848.0
5927.0
3413.5
2776.0
1726.0
3118.0
3274.0
3231.0
3337.0
3726.5
5935.0
3588.5
5054.5
6238.0
5738.5
4036.0
4582.0
4385.5
3740.0
5809.0
5723.5
5608.0
3716.0
4079.0
4989.5
5687.5
5802.0
2916.5
3538.0
5889.0
5742.5
5948.0
5897.0
4868.0
3519.5
4856.5
5921.0
6239.0
5953.5
5133.5
5919.0
6306.0
6096.0
4256.0
4445.0
5973.5
4407.5
5097.5
5926.5
5672.0
5693.0
5360.5
5147.0
4231.0
5919.5
5731.0
4038.0
5969.0
5500.0
5461.0
3986.0
5719.5
5626.0
5549.5
5408.5
3988.0
3704.5
5576.5
4137.5
3759.5
5521.5
3621.0
6249.0
6292.0
2234.5
5528.0
6127.0
2268.5
6022.0
2353.5
6169.0
4830.5
5938.5
1604.0
5765.0
5888.0
2217.0
6085.0
4659.0
6267.0
5855.0
5752.0
2969.5
6197.0
6019.0
6088.0
5200.5
6178.0
5756.5
5531.0
5927.0
6010.0
2466.0
5493.0
5881.0
3644.5
6249.0
2400.5
6280.0
6043.0
5997.5
2819.0
5762.0
6284.0
6261.0
5648.5
3379.0
2653.5
914.5
2528.0
1887.0
3436.5
1024.0
2802.5
5763.5
3164.0
5943.5
4875.5
3640.0
4642.5
4082.5
5552.5
5883.5
5776.0
5763.5
5770.0
4833.5
6252.0
6260.0
4012.0
5919.0
6263.0
6258.0
5671.5
5817.0
4425.0
5771.0
5917.5
5973.0
5778.0
5817.0
4655.0
5951.5
5167.5
5971.0
5794.5
4306.0
6252.0
5805.0
4227.0
6285.0
5849.0
5975.0
4200.5
5498.5
4539.5
4289.0
4572.0
4859.0
3677.0
5755.0
4509.0
5868.0
4820.5
4175.5
5796.0
4580.5
6250.0
5885.5
3534.5
6030.0
5960.5
5968.0
1907.0
3978.0
6185.0
4811.0
5811.5
4372.0
6276.0
5818.5
5463.0
5440.5
6277.0
5262.5
5827.0
6340.0
6067.0
4079.0
3555.5
4451.5
5217.5
3684.5
4962.5
6087.0
4061.0
4839.5
6014.0
4961.0
4464.0
5207.0
3948.5
3057.5
6147.0
6028.0
4215.0
4197.0
5964.0
5863.5
5040.5
3522.5
4563.5
6010.5
5338.0
5828.0
4536.5
4995.0
5041.5
3838.0
5428.0
4383.5
5842.5
5966.0
4392.5
4521.5
4506.5
6044.0
5652.5
6351.0
4860.5
5591.5
5724.0
6159.0
4882.5
4133.5
5884.0
4264.0
5923.5
5162.0
5615.5
5827.0
5710.0
5350.0
5660.0
4979.0
5801.0
5005.5
5027.5
5828.0
5907.5
5524.5
5682.0
5921.0
4989.5
5740.5
4462.5
5713.0
4760.5
6027.0
4273.5
5893.0
4700.5
6006.0
6231.0
5572.0
5604.0
4538.0
5811.5
5759.0
5950.0
6080.0
5589.0
5987.0
3296.5
5850.0
4005.0
4053.5
5283.5
5940.5
6122.0
5991.0
4050.0
4249.0
6158.0
5993.0
6099.0
6115.0
5371.0
5807.0
5478.5
5988.0
6005.0
5768.5
3254.0
5951.5
5881.0
4643.5
3956.0
4242.5
5841.5
6057.0
5735.5
4647.5
4843.5
3593.0
5525.5
3963.0
5182.0
6251.0
5752.5
4947.5
5616.5
5172.5
4594.0
5900.0
4513.0
4589.0
4940.5
3641.5
5528.5
4742.5
4495.5
5632.0
6290.5
5925.5
5175.0
6071.0
5396.0
5085.0
5545.5
4628.5
6267.0
6235.0
4781.5
5775.5
5134.5
5027.5
5487.5
5146.0
5816.5
5611.0
4735.5
5164.0
5430.5
5179.5
5239.5
5375.0
5378.0
5607.0
5536.5
5825.0
5099.5
5854.0
5295.0
5668.0
5910.5
5595.0
5662.5
5338.0
4935.0
3187.0
4493.5
5972.0
6358.0
4806.0
4724.0
3849.0
6246.0
4188.0
5552.0
6208.0
5969.5
5008.5
3569.5
5046.0
5092.0
4901.0
5666.0
4631.0
5972.5
6218.0
5852.5
4692.0
6281.0
4776.5
5899.0
6253.0
5665.5
5503.5
5049.0
5413.0
5284.0
5917.5
4124.0
5699.0
6233.0
5816.0
5737.0
5892.5
5776.0
5272.0
4382.5
5870.0
6258.0
5837.0
5557.0
5861.5
5717.5
6228.0
4612.5
5908.0
3660.5
4941.5
5027.0
4376.0
4122.5
4155.5
4050.0
3341.0
5850.0
5801.0
5903.0
5970.0
4343.0
3452.0
4055.5
6250.0
6241.0
4412.0
3342.0
5936.5
5826.0
6266.0
4182.5
4025.5
5988.0
4216.5
5748.0
3904.0
3358.0
3869.5
4135.5
4279.0
5740.0
4281.0
5885.0
5658.0
6252.0
5746.0
5855.0
5811.0
5757.0
5958.0
4658.5
4331.5
4773.0
5861.0
4390.5
4599.0
2799.5
5744.5
4615.5
5785.0
5006.5
5479.0
5620.0
5740.0
4369.5
5092.5
3753.0
5654.0
5888.5
4258.5
3618.5
4093.5
6251.0
2089.5
4670.5
3409.5
5772.0
5669.5
5716.0
4301.0
6260.0
6251.0
5868.0
5853.0
4560.0
4239.0
4578.5
4730.0
5854.0
5882.0
3761.5
4895.0
6055.0
6206.0
4830.5
5741.0
5941.0
6025.0
4305.0
3877.5
4814.5
4645.0
4599.0
4492.5
4250.0
3820.5
4796.5
5832.5
4616.5
4569.5
4579.0
4778.5
3495.0
4237.0
5416.5
1709.0
3664.5
5860.0
6044.5
6088.0
4759.0
4125.0
4492.0
4524.5
5948.0
6120.0
3698.5
4092.5
4284.0
4224.5
4263.5
2691.0
5979.0
4638.0
6025.5
4552.5
3635.5
5829.5
3834.5
5883.0
5997.0
4066.5
4457.5
4077.5
4965.5
5976.5
5853.5
5926.0
5853.5
6046.0
4870.0
4882.5
5709.0
4467.0
4570.0
6151.0
2300.0
4830.5
4434.5
5891.0
4977.0
5498.5
4518.5
4934.0
4985.5
6066.0
4382.0
5787.0
5034.5
4186.5
4844.0
4646.0
6008.5
4827.5
4580.0
4685.0
6073.0
5873.5
5891.0
4309.5
6285.0
3932.0
6066.5
5036.0
5782.5
3694.5
4334.5
4781.5
6199.0
6005.0
4687.0
4839.5
4794.5
5840.0
4379.5
3755.0
6097.0
6261.0
3737.5
3789.5
4788.0
5600.5
4082.5
4371.0
5990.0
5974.0
4347.5
5901.0
4960.0
4863.0
3979.0
4478.5
4132.0
5625.5
5523.0
3654.5
5918.5
5920.0
5944.0
6012.5
6175.5
5720.5
5954.5
396.0
1977.5
4230.0
-79.5
1605.5
4345.0
6039.0
1359.0
2678.5
1161.5
2016.0
1689.5
6087.0
2433.0
4137.0
3662.0
4266.5
4375.5
5221.5
4842.0
4827.5
6316.0
4710.0
5140.5
5943.0
5179.0
5760.0
4961.5
4354.0
6082.0
4652.5
4976.0
4947.5
2452.5
5662.5
5949.5
4775.0
6172.0
4595.0
5767.5
4560.0
6109.5
4520.5
3702.5
4853.0
5162.0
4355.0
3608.5
4245.0
4998.5
4462.5
4039.0
4677.0
6020.0
5799.0
5856.0
4639.0
6290.0
4315.5
5979.5
5938.0
