-26752.0
-25970.0
-23983.0
-21132.0
-19923.0
-26986.0
-34289.0
-22443.0
-17508.0
-20782.0
-20450.0
-22148.0
-15739.0
-20279.0
-16238.0
-21475.0
-19012.0
-15529.0
-16185.0
-31558.0
-26979.0
-16136.0
-24126.0
-23753.0
-27052.0
-23719.0
-17072.0
-23329.0
-26613.0
-25046.0
-24676.0
-29101.0
-26387.0
-18113.0
-12260.0
-15936.0
-19896.0
-16296.0
-16644.0
-19467.0
-27083.0
-17008.0
-17095.0
-25939.0
-19382.0
-22709.0
-23942.0
-16790.0
-15342.0
-19974.0
-19575.0
-23212.0
-19073.0
-21150.0
-18907.0
-10880.0
-22053.0
-14031.0
-19745.0
-18969.0
-19515.0
-18488.0
-20082.0
-17234.0
-24329.0
-21106.0
-17563.0
-10582.0
-22478.0
-21892.0
-21300.0
-20623.0
-13076.0
-27576.0
-15295.0
-19837.0
-16712.0
-22168.0
-35617.0
-19685.0
-16867.0
-22232.0
-23377.0
-13847.0
-20546.0
-10816.0
-16914.0
-17730.0
-16282.0
-25546.0
-17956.0
-11147.0
-16506.0
-14175.0
-17231.0
-17399.0
-18652.0
-15974.0
-16896.0
-13369.0
-30273.0
-17370.0
-22756.0
-12336.0
-18825.0
-13718.0
-19405.0
-20739.0
-10589.0
-10518.0
-18765.0
-16143.0
-9419.0
-22291.0
-17740.0
-17437.0
-9757.0
-13639.0
-17040.0
-16571.0
-15628.0
-12974.0
-15763.0
-18906.0
-8992.0
-21797.0
-12695.0
-14184.0
-22684.0
-16907.0
-12864.0
-24203.0
-22431.0
-12155.0
-15239.0
-13956.0
-14993.0
-15385.0
-9710.0
-16529.0
-9896.0
-12526.0
-25244.0
-15238.0
-14590.0
-11941.0
-15609.0
-13631.0
-11879.0
-16770.0
-18866.0
-16069.0
-18825.0
-10303.0
-10247.0
-13320.0
-21470.0
-14493.0
-13730.0
-17292.0
-14517.0
-13432.0
-11467.0
-10717.0
-15546.0
-15890.0
-10583.0
-11803.0
-17192.0
-19692.0
-27046.0
-14055.0
-14635.0
-11650.0
-17407.0
-22108.0
-11821.0
-10913.0
-22149.0
-13443.0
-26957.0
-18842.0
-16068.0
-16728.0
-8745.0
-12862.0
-11056.0
-23107.0
-8871.0
-17096.0
-19661.0
-11726.0
-11663.0
-19792.0
-14452.0
-7946.0
-19207.0
-11046.0
-9418.0
-15093.0
-12419.0
-20186.0
-19990.0
-16535.0
-13454.0
-13917.0
-14891.0
-13179.0
-13251.0
-10262.0
-15911.0
-7900.0
-10446.0
-6714.0
-19772.0
-11383.0
-10581.0
-7942.0
-10223.0
-19669.0
-14997.0
-10743.0
-11800.0
-17253.0
-10619.0
-16217.0
-15626.0
-14551.0
-17865.0
-13622.0
-15814.0
-10384.0
-7819.0
-15540.0
-7609.0
-6490.0
-12414.0
-10019.0
-11997.0
-7472.0
-8701.0
-7976.0
-11917.0
-13538.0
-6383.0
-4413.0
-7839.0
-16953.0
-13359.0
-16094.0
-11073.0
-8956.0
-18200.0
-7659.0
-10228.0
-8230.0
-9291.0
-7774.0
-9436.0
-6012.0
-14266.0
-8166.0
-7355.0
-11459.0
-15164.0
-14703.0
-6563.0
-8438.0
-16044.0
-11476.0
-17111.0
-4608.0
-12927.0
-16354.0
-9998.0
-14285.0
-12781.0
-11007.0
-15067.0
-10428.0
-12348.0
-12959.0
-9378.0
-14948.0
-9975.0
-7611.0
-15023.0
-8774.0
-9148.0
-12108.0
-9792.0
-8514.0
-15346.0
-10737.0
-9149.0
-6977.0
-14997.0
-11385.0
-8379.0
-10266.0
-19066.0
-15518.0
-14194.0
-6301.0
-7892.0
-9896.0
-7551.0
-14787.0
-6544.0
-5780.0
-8819.0
-7216.0
-3744.0
-5395.0
-6837.0
-13514.0
-5527.0
-4913.0
-7161.0
-13480.0
-11232.0
-12429.0
-4659.0
-14434.0
-7375.0
-9949.0
-14528.0
-9267.0
-7056.0
-16388.0
-15041.0
-15124.0
-13236.0
-4347.0
-10986.0
-5827.0
-20280.0
-6058.0
-6640.0
-9640.0
-5308.0
-8200.0
-19376.0
-7430.0
-6558.0
-4384.0
-11063.0
-7287.0
-4309.0
-9664.0
-8335.0
-8391.0
-13826.0
-6125.0
-6070.0
-7653.0
-9747.0
-11845.0
-8024.0
-5645.0
-8591.0
-4388.0
-6260.0
-7421.0
-6639.0
-16175.0
-3045.0
-6823.0
-10048.0
-5274.0
-6992.0
-5215.0
-7569.0
-6599.0
-17148.0
-9942.0
-8499.0
-5320.0
-6627.0
-5333.0
-5903.0
-10036.0
-10863.0
-5685.0
-3720.0
-5669.0
-8348.0
-5120.0
-6129.0
-4710.0
-4672.0
-5016.0
-8574.0
-11224.0
-5535.0
-5889.0
-9241.0
-6269.0
-4312.0
-5330.0
-7515.0
-5296.0
-14912.0
-9646.0
-7624.0
-8937.0
-8627.0
-5940.0
-5117.0
-6076.0
-15086.0
-3318.0
-4601.0
-3623.0
-6657.0
-7870.0
-4748.0
-4005.0
-5273.0
-11272.0
-12182.0
-3740.0
-4521.0
-7375.0
-13649.0
-16601.0
-9129.0
-4691.0
-10515.0
-5579.0
-11204.0
-6768.0
-8779.0
-7445.0
-3127.0
-3154.0
-8661.0
-8940.0
-5352.0
-4407.0
-8771.0
-4475.0
-5748.0
-7483.0
-7318.0
-6171.0
-6738.0
-6377.0
-6007.0
-7959.0
-9351.0
-9089.0
-7419.0
-7534.0
-4046.0
-6300.0
-5523.0
-6298.0
-3162.0
-4541.0
-16992.0
-7747.0
-3963.0
-7797.0
-9784.0
-10940.0
-3560.0
-3035.0
-7367.0
-6275.0
-8372.0
-7342.0
-5801.0
-5100.0
-4762.0
-9687.0
-6463.0
-6713.0
-10180.0
-7891.0
-11266.0
-10173.0
-3986.0
-6244.0
-4383.0
-5066.0
-11257.0
-4884.0
-4939.0
-3005.0
-5007.0
-2289.0
-8887.0
-3080.0
-4585.0
-5791.0
-3750.0
-4317.0
-2589.0
-5094.0
-6232.0
-3331.0
-4499.0
-4704.0
-2693.0
-1849.0
-11171.0
-3269.0
-4923.0
-4811.0
-4857.0
-9492.0
-2473.0
-2981.0
-5888.0
-7269.0
-2829.0
-2733.0
-4901.0
-5636.0
-6882.0
-3611.0
-4624.0
-4165.0
-3681.0
-5915.0
-3842.0
-3037.0
-9326.0
-5655.0
-8576.0
-4720.0
-4428.0
-4723.0
-2864.0
-5579.0
-6868.0
-7089.0
-2886.0
-1998.0
-3459.0
-4689.0
-4567.0
-4337.0
-8773.0
-3762.0
-5199.0
-4388.0
-3651.0
-2906.0
-8918.0
-7951.0
-5143.0
-2961.0
-3545.0
-3316.0
-5624.0
-2915.0
-4377.0
-6649.0
-7182.0
-2686.0
-4464.0
-2708.0
-3948.0
-8166.0
-3613.0
-3354.0
-7854.0
-8241.0
-7899.0
-4204.0
-2127.0
-5880.0
-5167.0
-7159.0
-5031.0
-7222.0
-6556.0
-4160.0
-5471.0
-7257.0
-7793.0
-5188.0
-4118.0
-4952.0
-5448.0
-5282.0
-6017.0
-4934.0
-6538.0
-5116.0
-5180.0
-6876.0
-5732.0
-5682.0
-4859.0
-4262.0
-3880.0
-4117.0
-6677.0
-7319.0
-6209.0
-5485.0
-3137.0
-2458.0
-5070.0
-3470.0
-2591.0
-4514.0
-4434.0
-5852.0
-2505.0
-2621.0
-6737.0
-4892.0
-2423.0
-1641.0
-3797.0
-6167.0
-5457.0
-2741.0
-5451.0
-6763.0
-1607.0
-4597.0
-3289.0
-2596.0
-7411.0
-5507.0
-8110.0
-2884.0
-2131.0
-5186.0
-2750.0
-3399.0
-3514.0
-3015.0
-1953.0
-2766.0
-4916.0
-2006.0
-3465.0
-2551.0
-1731.0
-2411.0
-4551.0
-5534.0
-2951.0
-3957.0
-2445.0
-6472.0
-3544.0
-4454.0
-3189.0
-2675.0
-5855.0
-3711.0
-3093.0
-1994.0
-4125.0
-2331.0
-2723.0
-4776.0
-4293.0
-5859.0
-2408.0
-1589.0
-2992.0
-3971.0
-2964.0
-5664.0
-2704.0
-3472.0
-3096.0
-2536.0
-4197.0
-1728.0
-3673.0
-2158.0
-2705.0
-4641.0
-1985.0
-4572.0
-1747.0
-2711.0
-4966.0
-2469.0
-2455.0
-1241.0
-1774.0
-1930.0
-3639.0
-3362.0
-1628.0
-2131.0
-1580.0
-1458.0
-1457.0
-1558.0
-1691.0
-2771.0
-3474.0
-1903.0
-1558.0
-2732.0
-3046.0
-1514.0
-1494.0
-4123.0
-3631.0
-2267.0
-5363.0
-1726.0
-2815.0
-4398.0
-2065.0
-3020.0
-2308.0
-4330.0
-4576.0
-1833.0
-2123.0
-4629.0
-2782.0
-2963.0
-3756.0
-1340.0
-2721.0
-2256.0
-3566.0
-3098.0
-4561.0
-1487.0
-2016.0
-1624.0
-3171.0
-2419.0
-5675.0
-1364.0
-2454.0
-2228.0
-3372.0
-1580.0
-2523.0
-2118.0
-1450.0
-3059.0
-3464.0
-2146.0
-3210.0
-3911.0
-3968.0
-1764.0
-1155.0
-3589.0
-4011.0
-2694.0
-1072.0
-1953.0
-3753.0
-1769.0
-2178.0
-3850.0
-3610.0
-3101.0
-2062.0
-1789.0
-5386.0
-3188.0
-3185.0
-1432.0
-2004.0
-3238.0
-1968.0
-1849.0
-2346.0
-1626.0
-2016.0
-3005.0
-2708.0
-2161.0
-2304.0
-2183.0
-1987.0
-1794.0
-3094.0
-1776.0
-1492.0
-1621.0
-2035.0
-1316.0
-2268.0
-2801.0
-1118.0
-1927.0
-3296.0
-2460.0
-1473.0
-1747.0
-3038.0
-1964.0
-3203.0
-1661.0
-1600.0
-1489.0
-2579.0
-1956.0
-1908.0
-2690.0
-4172.0
-1649.0
-1624.0
-2982.0
-3994.0
-3871.0
-2044.0
-3381.0
-3353.0
-5215.0
-4547.0
-1597.0
-2971.0
-3131.0
-2422.0
-2942.0
-3654.0
-1829.0
-2389.0
-4473.0
-3433.0
-3086.0
-2521.0
-2294.0
-1715.0
-1809.0
-3581.0
-2146.0
-1611.0
-1663.0
-1584.0
-3027.0
-2005.0
-4412.0
-1407.0
-1545.0
-3572.0
-2531.0
-1870.0
-1793.0
-1722.0
-1921.0
-4224.0
-1661.0
-1407.0
-2085.0
-2353.0
-1573.0
-1336.0
-1654.0
-3346.0
-1915.0
-1597.0
-1079.0
-2403.0
-3664.0
-1285.0
-1573.0
-2562.0
-3699.0
-2826.0
-2097.0
-1671.0
-2406.0
-1780.0
-1874.0
-2402.0
-2671.0
-4328.0
-1893.0
-3253.0
-2267.0
-1973.0
-1788.0
-2154.0
-1873.0
-1649.0
-1665.0
-2012.0
-1712.0
-1690.0
-3078.0
-3602.0
-2159.0
-2107.0
-3811.0
-1751.0
-2944.0
-2049.0
-2815.0
-3336.0
-1799.0
-3507.0
-2873.0
-4674.0
-4186.0
-6047.0
-2690.0
-2228.0
-1303.0
-4726.0
-2069.0
-1567.0
-675.0
-3704.0
-3829.0
-2605.0
-2390.0
-3233.0
-3912.0
-4223.0
-4643.0
-2739.0
-3433.0
-1283.0
-3603.0
-3942.0
-6047.0
-3641.0
-2808.0
-3578.0
-3963.0
-2203.0
-6237.0
-4911.0
-3648.0
-2232.0
-3894.0
-1879.0
-1834.0
-2644.0
-2799.0
-2077.0
-1970.0
-2858.0
-2680.0
-1742.0
-2131.0
-1968.0
-3129.0
-3372.0
-2710.0
-3328.0
-6148.0
-1880.0
-6733.0
-6559.0
-4941.0
-1835.0
-4710.0
-5415.0
-3965.0
-4132.0
-5731.0
-5858.0
-2845.0
-3972.0
-5942.0
-2494.0
-8870.0
-5800.0
-5408.0
-2643.0
-5710.0
-4178.0
-5954.0
-7628.0
-6453.0
-6616.0
-4623.0
-3400.0
-4540.0
-4661.0
-3148.0
-3570.0
-5106.0
-5516.0
-9632.0
-8483.0
-5437.0
-5082.0
-6906.0
-5546.0
-3857.0
-5214.0
-4127.0
-7869.0
-3027.0
-6847.0
-3985.0
-7785.0
-3959.0
-4660.0
-5105.0
-3121.0
-5835.0
-6408.0
-4675.0
-4670.0
-4589.0
-5616.0
-3961.0
-1903.0
-2524.0
-2177.0
-4057.0
-2914.0
-2204.0
-3267.0
-4138.0
-6426.0
-1728.0
-1208.0
-2750.0
-2275.0
-3229.0
-3143.0
-3394.0
-2890.0
-1990.0
-3511.0
-3857.0
-2789.0
-2284.0
-2675.0
-523.0
-2595.0
-1902.0
-2135.0
-470.0
-1418.0
-2296.0
-1651.0
-3031.0
-1577.0
-1745.0
-1768.0
-2048.0
-857.0
-1399.0
-3571.0
-2241.0
-3492.0
-2011.0
-1779.0
-3899.0
-4652.0
-2369.0
-686.0
-2677.0
-5042.0
-4632.0
-3413.0
-3583.0
-1587.0
-4386.0
-1332.0
-1567.0
-1900.0
-4624.0
-2878.0
-2336.0
-2143.0
-2489.0
-3071.0
-2668.0
-1502.0
-1742.0
-4345.0
-1463.0
-4176.0
-2156.0
-3220.0
-1905.0
-883.0
-1524.0
-3097.0
-3272.0
-1285.0
-1429.0
-1563.0
-2470.0
-2440.0
-1759.0
-1482.0
-1549.0
-1877.0
-1674.0
-1753.0
-1724.0
-2430.0
-1999.0
-2174.0
-2292.0
-1807.0
-2212.0
-3417.0
-2356.0
-1591.0
-2860.0
-1592.0
-1762.0
-2856.0
-1476.0
-2996.0
-1796.0
-3846.0
-3077.0
-2797.0
-3495.0
-3251.0
-2342.0
-1882.0
-3548.0
-3372.0
-2284.0
-3515.0
-1757.0
-2415.0
-2548.0
-2987.0
-2061.0
-2152.0
-2668.0
-3089.0
-491.0
-2272.0
-2603.0
-880.0
-1900.0
-1623.0
-1106.0
-2523.0
-1737.0
-1022.0
-3196.0
-2438.0
-2908.0
-2257.0
-3438.0
-2475.0
-1674.0
-2464.0
-2595.0
-2324.0
-1038.0
-2216.0
-1219.0
-1294.0
-1281.0
-1895.0
-2314.0
-666.0
-1266.0
-1347.0
-2183.0
-1787.0
-588.0
-2496.0
-2623.0
-3552.0
-659.0
-2603.0
-1464.0
-1463.0
-2827.0
-1390.0
-1788.0
-2965.0
-2179.0
-3866.0
-3815.0
-3048.0
-1913.0
-2332.0
-3036.0
-2923.0
-2091.0
-1447.0
-3468.0
-2716.0
-2425.0
-2296.0
-3638.0
-976.0
-2083.0
-3090.0
-2047.0
-2275.0
-5494.0
-2026.0
-1264.0
-1971.0
-3050.0
-906.0
-2548.0
-3065.0
-1620.0
-1675.0
-2650.0
-2175.0
-5499.0
-2579.0
-1477.0
-2025.0
-2956.0
-1123.0
-515.0
-985.0
-2393.0
-1818.0
-1147.0
-1396.0
-2843.0
-4774.0
-1411.0
-2971.0
-1992.0
-2201.0
-2819.0
-2485.0
-1575.0
-1909.0
-1398.0
-1836.0
-1083.0
-1759.0
-1522.0
-1124.0
-969.0
-883.0
-1373.0
-1423.0
-1635.0
-925.0
-1672.0
-1377.0
-1125.0
-1283.0
-1483.0
-1630.0
-1072.0
-1918.0
-1523.0
-801.0
-1299.0
-3133.0
-1638.0
-1646.0
-2403.0
-2294.0
-2438.0
-1854.0
-1360.0
-2055.0
-2446.0
-1369.0
-1278.0
-984.0
-2290.0
-3394.0
-1133.0
-1815.0
-1603.0
-1144.0
-1574.0
-1408.0
-3538.0
-2252.0
-1111.0
-2278.0
-2509.0
-1515.0
-1318.0
-975.0
-1121.0
-1779.0
-1536.0
-1198.0
-2120.0
-1376.0
-245.0
-1793.0
-1310.0
-833.0
-1072.0
-1765.0
-1186.0
-1495.0
-2292.0
-1509.0
-1493.0
-3623.0
-1638.0
-1424.0
-2405.0
-3704.0
-1072.0
-115.0
-1840.0
-1656.0
-1452.0
-3249.0
-1620.0
-2432.0
-2383.0
-1855.0
-1059.0
-2607.0
-3183.0
-2299.0
-1277.0
-2129.0
-2024.0
-2111.0
-1733.0
-1511.0
-1123.0
-1924.0
-1126.0
-2362.0
-2492.0
-3171.0
-1076.0
-2139.0
-1131.0
-1437.0
-3173.0
-1155.0
-486.0
-2350.0
2.0
-2960.0
-728.0
-1632.0
-646.0
-2307.0
-2032.0
-1601.0
-4954.0
-3505.0
-1482.0
-2573.0
-1589.0
-677.0
-3012.0
-2656.0
-1169.0
-1878.0
-2467.0
-1714.0
-1591.0
-1945.0
-2031.0
-3775.0
-5079.0
-1138.0
-1657.0
-1677.0
-5418.0
-3300.0
-1806.0
-2171.0
-4139.0
-1686.0
-3983.0
-1556.0
-1263.0
-3067.0
-2860.0
-4794.0
-1911.0
-3609.0
-2299.0
-620.0
-1416.0
-1341.0
-1586.0
-1277.0
-5676.0
-1832.0
-1052.0
-1501.0
-1854.0
-991.0
-434.0
-2449.0
-1530.0
-831.0
-887.0
-1966.0
-2658.0
-3720.0
-3056.0
-339.0
-5429.0
-3686.0
-1041.0
-1535.0
-745.0
-1910.0
-1106.0
-750.0
-132.0
-3190.0
-3458.0
-1062.0
-2048.0
-820.0
-2737.0
-1823.0
-5867.0
-2832.0
-1652.0
-1774.0
-4116.0
-2336.0
-4817.0
-5073.0
-3695.0
-2337.0
-1846.0
-2802.0
-1945.0
-1487.0
-1114.0
-5176.0
-4080.0
-1136.0
-1349.0
-678.0
-1740.0
-1322.0
-1887.0
-2718.0
-2526.0
-3267.0
-635.0
-276.0
-2935.0
-2423.0
-1453.0
-2730.0
-1192.0
-1048.0
-2375.0
-2684.0
-1863.0
-1060.0
-1727.0
-2242.0
-1450.0
-1888.0
-557.0
-1303.0
-1613.0
-2338.0
-858.0
-2425.0
-1688.0
-3321.0
-1192.0
-1118.0
-2983.0
-1176.0
-1652.0
-1566.0
-1332.0
-2563.0
-2213.0
-2541.0
-2722.0
-2468.0
-1494.0
-1582.0
57.0
-1864.0
-2266.0
-2112.0
-1530.0
-3294.0
-1927.0
-2397.0
-2282.0
-1148.0
-1151.0
-2391.0
-2313.0
-1788.0
-1611.0
-3105.0
-2213.0
-1700.0
-2075.0
-2392.0
-2821.0
-2588.0
-184.0
-258.0
-477.0
-2210.0
-1503.0
-125.0
-300.0
-1637.0
-1749.0
-814.0
-999.0
-430.0
-1713.0
-2063.0
-630.0
-1254.0
-1855.0
-2029.0
-3785.0
-2226.0
-1230.0
-3434.0
-1729.0
-1827.0
-2490.0
-4540.0
-740.0
-984.0
-1893.0
-615.0
-3146.0
-2166.0
-2817.0
-485.0
-688.0
-2576.0
-3504.0
-738.0
-1343.0
-3070.0
-1034.0
-1604.0
-1740.0
-2807.0
-1517.0
-2284.0
-525.0
-865.0
-1430.0
-3356.0
-1991.0
-966.0
-823.0
-4426.0
-1137.0
-1317.0
-354.0
-1859.0
-3118.0
-1277.0
-994.0
-586.0
-2983.0
-2152.0
-1461.0
-1404.0
-1131.0
-3004.0
-3083.0
-1145.0
-1605.0
-1493.0
-4514.0
-1692.0
-2238.0
-1854.0
-526.0
-1497.0
-1352.0
-1530.0
-1845.0
-1083.0
-1202.0
-1287.0
70.0
-1470.0
-1358.0
-2251.0
-1333.0
-1365.0
-1005.0
-1190.0
-1240.0
-2511.0
-859.0
-2523.0
-917.0
-880.0
-975.0
-2701.0
-932.0
102.0
-1403.0
-1767.0
-1177.0
-123.0
90.0
-1195.0
-1263.0
-180.0
-846.0
-2083.0
-2360.0
-2330.0
-1159.0
-1678.0
-2141.0
-1515.0
-6274.0
-1080.0
-1134.0
-3029.0
-1138.0
-3569.0
-1741.0
-1398.0
-755.0
-828.0
-469.0
-402.0
-1449.0
-1267.0
-472.0
-1774.0
-1888.0
-1412.0
-2234.0
-1441.0
-1409.0
-1466.0
-2342.0
-34.0
-1363.0
-3379.0
-1461.0
-2608.0
-2145.0
-450.0
-1339.0
-2739.0
-978.0
-988.0
-1226.0
-2389.0
-1313.0
-71.0
-214.0
-1869.0
-2173.0
-1536.0
-1600.0
-1913.0
-1048.0
-1865.0
-972.0
-2749.0
-1448.0
-1481.0
-1729.0
-1833.0
-918.0
-2129.0
-514.0
-1779.0
-1271.0
-1071.0
-1178.0
-392.0
-501.0
-359.0
-1832.0
-158.0
-367.0
-1158.0
-685.0
-3247.0
-5529.0
-205.0
-1558.0
-1586.0
-3480.0
-665.0
-726.0
-963.0
-1623.0
-6150.0
-1693.0
-2260.0
-2000.0
-1783.0
-2254.0
-869.0
-623.0
-1421.0
-54.0
-370.0
-344.0
-1848.0
-3703.0
-909.0
-243.0
-1265.0
-2594.0
-1732.0
-283.0
-1136.0
-1421.0
-617.0
-1470.0
-726.0
-1504.0
-1663.0
-1635.0
-2412.0
-2048.0
-1073.0
-197.0
-1843.0
-879.0
-872.0
-1049.0
-602.0
-1339.0
-1229.0
-12.0
-1786.0
-3539.0
107.0
156.0
-1371.0
-778.0
-873.0
-1388.0
-1483.0
-2264.0
-1428.0
-1147.0
84.0
-1017.0
-2338.0
-1114.0
-453.0
-1694.0
-7970.0
-934.0
-170.0
-77.0
-1354.0
-1690.0
-80.0
-2495.0
-1235.0
-1810.0
-2295.0
-1037.0
-578.0
-2001.0
-1453.0
-1496.0
-1394.0
-1830.0
-2073.0
-1298.0
-1863.0
-2047.0
-2626.0
-1434.0
-1276.0
-919.0
-1300.0
-1997.0
-542.0
-883.0
-583.0
140.0
-2225.0
-2797.0
-836.0
-1485.0
-1689.0
-1793.0
-282.0
-1574.0
-2558.0
-2085.0
-2241.0
-3970.0
-108.0
-927.0
-3276.0
-1911.0
-347.0
-2024.0
-2586.0
-4093.0
-2550.0
-1873.0
-1801.0
-3818.0
-116.0
-2496.0
-2345.0
-2185.0
-2456.0
-3187.0
-1985.0
-2723.0
-2170.0
-2279.0
-1769.0
-1701.0
-2290.0
-1489.0
-1952.0
-3429.0
-2416.0
-2709.0
-728.0
-1227.0
-1054.0
-838.0
-29.0
-454.0
-165.0
-64.0
-1842.0
-2294.0
-32.0
-1311.0
-1267.0
-1674.0
-4677.0
-2367.0
-749.0
-1650.0
-1252.0
-2169.0
-1322.0
-1630.0
-2302.0
-1173.0
-1518.0
-1286.0
-2603.0
-450.0
-1902.0
-97.0
-1267.0
-2054.0
277.0
-697.0
-759.0
-1733.0
-3241.0
-1619.0
-2630.0
-1601.0
-1298.0
-3698.0
-2147.0
-1941.0
-1499.0
-1798.0
-3397.0
-2960.0
-2378.0
-1234.0
-1320.0
-727.0
-892.0
-2149.0
-1036.0
6.0
-2485.0
-456.0
-6786.0
-1753.0
-882.0
15.0
-1169.0
-568.0
-1714.0
-1693.0
-1776.0
-1070.0
-1748.0
-849.0
-656.0
-1282.0
-2535.0
-983.0
-621.0
-861.0
-1350.0
-1091.0
-183.0
-968.0
-1055.0
-1272.0
-496.0
-954.0
-1053.0
-1221.0
-2101.0
-908.0
-1223.0
-1268.0
-1158.0
-2543.0
-1040.0
-950.0
-2508.0
-681.0
-2151.0
-1202.0
-1583.0
-753.0
201.0
-1090.0
-1177.0
-1318.0
-1153.0
-1171.0
-943.0
-4.0
-1205.0
-1441.0
-34.0
-15.0
-1301.0
-1030.0
-915.0
-1872.0
-1048.0
-952.0
-1493.0
-901.0
-845.0
-826.0
-2153.0
-344.0
-869.0
-897.0
-1422.0
-776.0
-877.0
-822.0
-1101.0
-1078.0
-251.0
-767.0
-1052.0
-1315.0
-1537.0
-941.0
-550.0
-1167.0
-1229.0
-1099.0
-1062.0
-1628.0
-1586.0
-1218.0
-3638.0
-1319.0
-1101.0
-865.0
-992.0
-772.0
-466.0
-1198.0
-979.0
-878.0
-835.0
-113.0
-1136.0
-3813.0
-2214.0
-470.0
-1013.0
-946.0
-3162.0
-1233.0
-1060.0
-1321.0
-1581.0
-119.0
-826.0
-837.0
-1944.0
-1047.0
-859.0
-828.0
-1280.0
-486.0
102.0
-878.0
-1295.0
-1250.0
264.0
-856.0
-1470.0
-1552.0
-1617.0
-579.0
-1291.0
-1230.0
-1288.0
-2529.0
-1174.0
-510.0
-1619.0
-1079.0
-2418.0
-1735.0
-1791.0
-778.0
-28.0
137.0
-550.0
-1131.0
-922.0
-608.0
-832.0
276.0
-725.0
-4597.0
-843.0
214.0
-1150.0
-1091.0
-868.0
-967.0
-1713.0
-922.0
-1477.0
-2359.0
-173.0
-937.0
-2764.0
-825.0
-768.0
-1281.0
-1238.0
-952.0
-653.0
120.0
-1117.0
-1254.0
249.0
-1759.0
-1025.0
-1895.0
-1423.0
-1236.0
-1097.0
-5934.0
-3035.0
-4878.0
-1717.0
-561.0
-2468.0
-2175.0
-1984.0
-1465.0
-2827.0
-705.0
-302.0
-23.0
-654.0
-2010.0
-2453.0
-1154.0
-948.0
-87.0
-737.0
-1278.0
-951.0
-625.0
-3241.0
-850.0
-581.0
-5656.0
-2763.0
-1101.0
-3764.0
-1098.0
-2126.0
-379.0
-2267.0
-1102.0
-363.0
-1043.0
-1548.0
-2339.0
67.0
-465.0
-1561.0
-2929.0
-68.0
-1277.0
-1286.0
-2388.0
-1451.0
-1280.0
-1531.0
-2390.0
-1031.0
-1453.0
-672.0
-418.0
-2226.0
-1236.0
-2004.0
-1854.0
-2126.0
-840.0
-402.0
26.0
-1696.0
-1142.0
-1063.0
-131.0
-366.0
-1608.0
-2111.0
-2039.0
-354.0
-38.0
-1520.0
-1205.0
-303.0
-4223.0
-497.0
-2766.0
-1521.0
-9.0
-187.0
-1113.0
-1309.0
-425.0
-778.0
-602.0
-1294.0
-473.0
-379.0
-30.0
-1105.0
-541.0
-1199.0
213.0
-1081.0
-2228.0
-2369.0
193.0
-1365.0
-1635.0
-1726.0
-861.0
-1088.0
-341.0
-4183.0
-3052.0
-3334.0
-2093.0
-1873.0
-81.0
-1230.0
-96.0
-1246.0
-1681.0
-1441.0
-1021.0
-1571.0
186.0
-1435.0
-1115.0
-1849.0
-1849.0
-1447.0
-1365.0
-387.0
-1431.0
-1457.0
-497.0
-2115.0
-1267.0
-928.0
-1381.0
-4180.0
-1844.0
58.0
-1246.0
-2432.0
-817.0
-1488.0
-1530.0
-1042.0
-2419.0
252.0
-1012.0
-1742.0
-4192.0
-1469.0
-364.0
-1455.0
-1197.0
-1133.0
-1282.0
-1095.0
-287.0
-1774.0
-1072.0
-1650.0
-1373.0
-1289.0
-876.0
-159.0
-743.0
-461.0
-1739.0
-872.0
-949.0
-759.0
-760.0
-882.0
-1196.0
-499.0
-961.0
-1252.0
-285.0
-406.0
-1032.0
-1188.0
-880.0
-1458.0
-844.0
-870.0
-859.0
-2856.0
-84.0
-811.0
-640.0
-1209.0
-503.0
-621.0
146.0
-1021.0
-336.0
2.0
56.0
-558.0
-1237.0
-1613.0
-964.0
-724.0
-1427.0
-1133.0
-1476.0
-1049.0
-523.0
-1428.0
-942.0
-2110.0
-1115.0
-1792.0
-838.0
34.0
-888.0
-1162.0
-920.0
-954.0
-834.0
-892.0
215.0
-3783.0
-7823.0
140.0
-154.0
-1130.0
-988.0
-501.0
-1221.0
-1449.0
-506.0
-1717.0
-667.0
-1135.0
-1017.0
-2510.0
-992.0
-803.0
-30.0
-938.0
-808.0
-573.0
130.0
-1151.0
-450.0
-343.0
192.0
-719.0
-1093.0
-1374.0
-830.0
-1068.0
-1324.0
-1695.0
-1400.0
-1080.0
-1798.0
-1721.0
-1367.0
-1790.0
-1673.0
-1677.0
-1307.0
-209.0
-289.0
-2523.0
-1795.0
-1034.0
-346.0
-954.0
-539.0
-2058.0
-2159.0
-1692.0
-1308.0
-1295.0
-766.0
-1783.0
-1455.0
-2013.0
-4933.0
-1792.0
-224.0
-1066.0
-1413.0
-1730.0
-1195.0
49.0
-645.0
-1652.0
-559.0
-956.0
-984.0
-1154.0
-1210.0
-526.0
-417.0
-1192.0
-1934.0
-1572.0
-2134.0
-967.0
-1352.0
-1500.0
-1447.0
-2848.0
-667.0
-2129.0
-1221.0
-2371.0
-1567.0
-1712.0
-1134.0
-1510.0
-803.0
-923.0
-1422.0
-1435.0
-1022.0
-319.0
-825.0
-1238.0
-2245.0
-245.0
89.0
-1876.0
-113.0
-967.0
-1263.0
-2068.0
-522.0
-2095.0
-173.0
-307.0
-1068.0
-2881.0
-933.0
-1011.0
-345.0
-655.0
-390.0
-470.0
153.0
-2664.0
-690.0
321.0
247.0
-1000.0
-1001.0
-1609.0
-1426.0
-247.0
-1292.0
-495.0
-1271.0
-1272.0
7.0
-1770.0
-738.0
-2035.0
-1507.0
-1932.0
-749.0
150.0
-424.0
-265.0
-553.0
-213.0
-979.0
-454.0
-841.0
-661.0
-1319.0
-47.0
-405.0
-1351.0
-2195.0
-376.0
-1463.0
-1423.0
-1087.0
-1648.0
-260.0
-1116.0
-975.0
-2128.0
-773.0
-1874.0
-355.0
-1054.0
-454.0
-837.0
-279.0
-1141.0
-1123.0
61.0
183.0
-207.0
-2173.0
-1845.0
-1210.0
-1523.0
-1221.0
-1022.0
-2113.0
-1644.0
-546.0
-2898.0
-600.0
-1992.0
-1883.0
-1762.0
-4124.0
-3428.0
-4208.0
-2536.0
-589.0
-448.0
-847.0
-293.0
346.0
-2251.0
-1694.0
-380.0
-2227.0
-2751.0
-482.0
-309.0
-1392.0
-1283.0
-1201.0
-2452.0
-339.0
-1263.0
-1476.0
-1657.0
-903.0
-796.0
-601.0
-1628.0
-402.0
-742.0
-909.0
-966.0
-455.0
-739.0
-961.0
-1310.0
-1457.0
-1765.0
-1038.0
-324.0
-1463.0
-445.0
-1351.0
-1471.0
-436.0
-2042.0
-1642.0
-3169.0
-1323.0
-1753.0
-923.0
-141.0
-765.0
-254.0
-1074.0
-923.0
-153.0
-257.0
-756.0
-1049.0
-1390.0
-238.0
-742.0
-1312.0
-81.0
-573.0
-1184.0
-693.0
-899.0
-2257.0
-787.0
-897.0
-1271.0
-1427.0
-60.0
-107.0
-663.0
-1612.0
-253.0
-696.0
-101.0
-1058.0
-867.0
22.0
-438.0
-675.0
-1312.0
-1500.0
-1279.0
-1168.0
-1851.0
-1248.0
-1674.0
-479.0
69.0
-1353.0
-509.0
-1790.0
-1139.0
-2429.0
-375.0
-1621.0
-378.0
-1765.0
-622.0
-870.0
-2459.0
-306.0
301.0
-2082.0
-5299.0
-437.0
-372.0
-2977.0
-2843.0
4.0
-3083.0
-4388.0
-223.0
-2244.0
-863.0
-878.0
-1202.0
-4010.0
-1971.0
-1515.0
-420.0
-1541.0
-326.0
101.0
-1066.0
-1103.0
-1618.0
94.0
9.0
-1366.0
-1522.0
-2178.0
-2279.0
-2590.0
-1512.0
-755.0
-1174.0
-1634.0
-1073.0
-1701.0
-76.0
-2191.0
-1250.0
-2475.0
-323.0
-932.0
-664.0
-1734.0
-1325.0
-369.0
-1205.0
-425.0
-859.0
-928.0
-1937.0
-604.0
-72.0
-1740.0
-856.0
-936.0
-965.0
-1161.0
-420.0
-1487.0
-302.0
95.0
-863.0
-2802.0
-282.0
-827.0
-669.0
-755.0
-654.0
-743.0
160.0
-1009.0
-1164.0
-17.0
-754.0
-558.0
-959.0
-1448.0
-930.0
-313.0
-848.0
-1233.0
-1073.0
-1064.0
-936.0
-1792.0
-673.0
-1777.0
-1656.0
-1819.0
-363.0
-800.0
-326.0
-776.0
-647.0
-979.0
-173.0
-253.0
123.0
-1951.0
-2421.0
-587.0
-231.0
-2494.0
-611.0
-437.0
-1306.0
-1020.0
-2090.0
-3355.0
-232.0
-1956.0
-1445.0
-1760.0
6.0
-1292.0
-515.0
-1552.0
-362.0
-146.0
-192.0
-2199.0
-1497.0
10.0
-1743.0
-1663.0
-1645.0
-2929.0
-186.0
62.0
-2207.0
-1457.0
-905.0
-2480.0
-149.0
-1942.0
-415.0
-1039.0
-2159.0
-3495.0
-2047.0
-143.0
-182.0
-2635.0
-582.0
-1053.0
-1863.0
-1638.0
-878.0
-1305.0
-3553.0
-30.0
-1638.0
-1923.0
-292.0
-757.0
-1547.0
-1329.0
-996.0
-2105.0
-1103.0
-791.0
-1050.0
-1055.0
-929.0
-967.0
-236.0
-1701.0
-581.0
-1040.0
-1072.0
-909.0
-292.0
109.0
-290.0
-451.0
-1983.0
-1436.0
-997.0
-1081.0
-1072.0
42.0
-1339.0
-953.0
-484.0
-1563.0
-923.0
-2117.0
-1258.0
-1899.0
-818.0
-453.0
-756.0
-598.0
-560.0
-266.0
23.0
-889.0
348.0
-381.0
-1687.0
-742.0
-2528.0
-1823.0
-812.0
183.0
-1220.0
-1188.0
-518.0
-1472.0
-1246.0
-897.0
-809.0
-2004.0
-248.0
-431.0
-1566.0
-953.0
-336.0
168.0
-348.0
-1022.0
-1160.0
-61.0
-175.0
-1439.0
-1378.0
-2133.0
102.0
-923.0
-980.0
-1143.0
-1764.0
-1078.0
-991.0
-1550.0
-2193.0
-1753.0
-1422.0
-1421.0
-395.0
172.0
-206.0
-1019.0
-1136.0
-910.0
-1375.0
-1147.0
-1586.0
-320.0
-1256.0
-524.0
-1173.0
-1113.0
-141.0
-275.0
-1083.0
-912.0
-857.0
-2662.0
76.0
-758.0
-419.0
-3104.0
-940.0
-884.0
-461.0
-1111.0
-908.0
66.0
-393.0
-907.0
-956.0
265.0
-284.0
-486.0
-1533.0
-1654.0
-811.0
-891.0
-1384.0
-960.0
-1163.0
-1091.0
-383.0
-1423.0
-1243.0
-1435.0
-1000.0
-1365.0
-1140.0
-439.0
-421.0
-208.0
-691.0
-288.0
-1006.0
-514.0
-1551.0
-1695.0
-1922.0
-344.0
-894.0
-1819.0
-942.0
-230.0
-1786.0
-607.0
-1098.0
-1960.0
-1077.0
-426.0
-289.0
-1313.0
-170.0
-1332.0
-396.0
-561.0
-375.0
-341.0
-1079.0
-1138.0
-421.0
-22.0
-1152.0
-1167.0
-2659.0
-1289.0
-1253.0
-450.0
-1392.0
-2241.0
-1658.0
-1501.0
-412.0
-2306.0
-2800.0
-1763.0
-1975.0
-1454.0
-296.0
-1386.0
-288.0
-262.0
-2461.0
-1630.0
-3478.0
-1905.0
247.0
-397.0
-1755.0
-3854.0
-1689.0
-1654.0
-2202.0
-453.0
-2017.0
-1347.0
-1168.0
-1523.0
-968.0
-768.0
-266.0
-1838.0
6.0
-760.0
-831.0
-424.0
-777.0
-742.0
-318.0
-952.0
-1013.0
347.0
-757.0
-1576.0
-1574.0
-1878.0
-1021.0
-943.0
-1191.0
-1109.0
-1947.0
-1118.0
-577.0
-1956.0
-1110.0
-2493.0
-1498.0
-1655.0
-419.0
-220.0
-352.0
-300.0
-1160.0
-866.0
-302.0
-1396.0
-270.0
-523.0
-1968.0
-1887.0
-1571.0
-2041.0
-1500.0
-208.0
-1869.0
-818.0
-1550.0
-1924.0
-129.0
111.0
-385.0
-2167.0
57.0
-73.0
-220.0
-757.0
-237.0
-163.0
218.0
-1065.0
-1479.0
220.0
-3116.0
-375.0
-625.0
-2098.0
-1982.0
-1579.0
-2458.0
-1167.0
-788.0
-2830.0
-3443.0
-2182.0
-730.0
-4414.0
-2277.0
-6602.0
-201.0
-3218.0
-73.0
-426.0
-2876.0
-2062.0
-2094.0
-2688.0
53.0
-283.0
-4773.0
-3183.0
-3133.0
-3044.0
-2685.0
-1643.0
-2295.0
-4642.0
-2305.0
-9720.0
-1667.0
-2648.0
-266.0
-2765.0
-875.0
-3361.0
-1166.0
-2693.0
-2513.0
-228.0
-2292.0
-1792.0
-1587.0
-2333.0
-153.0
-2486.0
-1900.0
-3407.0
-934.0
-1063.0
-435.0
-1420.0
-2106.0
-1116.0
-1988.0
-2340.0
-1047.0
-1407.0
-1388.0
-1563.0
-522.0
-1674.0
-4677.0
-2341.0
-1828.0
-257.0
-1730.0
-1060.0
206.0
-1906.0
-1270.0
-101.0
-1623.0
-1043.0
-1434.0
-133.0
-1525.0
-1142.0
-1018.0
-3548.0
-894.0
-372.0
-1168.0
-3058.0
-1162.0
-824.0
-252.0
-1205.0
-415.0
129.0
-1328.0
-2476.0
-1811.0
-93.0
-25.0
-1093.0
-2319.0
-1410.0
-1337.0
-1424.0
-1262.0
-1136.0
-1133.0
-1261.0
-975.0
-1400.0
-1063.0
-1379.0
-958.0
-1363.0
-1170.0
-290.0
-891.0
-77.0
-1452.0
-365.0
-147.0
-428.0
197.0
-1372.0
-1774.0
211.0
110.0
-1201.0
-391.0
-323.0
-1274.0
-1120.0
-503.0
-1808.0
-276.0
-263.0
-2013.0
-1994.0
-2997.0
-1186.0
-410.0
-1332.0
-353.0
-452.0
-821.0
-963.0
-1568.0
-793.0
-1181.0
-1089.0
-1278.0
-1882.0
-321.0
-917.0
-1229.0
-1340.0
-1498.0
-1150.0
-1338.0
-1752.0
-1500.0
-1238.0
-5551.0
-2483.0
-467.0
-330.0
-321.0
-276.0
-1335.0
-849.0
-360.0
-318.0
-517.0
-539.0
-744.0
-162.0
-1867.0
-1172.0
-2298.0
-121.0
-1403.0
-1033.0
-948.0
-3485.0
-1042.0
-222.0
-309.0
-1421.0
42.0
182.0
-829.0
-815.0
-729.0
-270.0
-69.0
-1029.0
-2631.0
-55.0
-7.0
-1415.0
-1714.0
-937.0
-1629.0
-2697.0
-388.0
-1768.0
-453.0
-383.0
-449.0
-1760.0
-1623.0
-1364.0
-2718.0
-2410.0
-379.0
-337.0
-98.0
-968.0
-317.0
-1701.0
-3837.0
-1160.0
98.0
-944.0
-4018.0
-704.0
-738.0
-1948.0
-417.0
-139.0
-1326.0
-1255.0
-789.0
-2150.0
-865.0
-732.0
-776.0
-1640.0
67.0
201.0
-1028.0
-1321.0
-220.0
-527.0
-1429.0
-1177.0
-523.0
124.0
160.0
-1176.0
-1343.0
-1567.0
-6055.0
-935.0
-931.0
-287.0
-190.0
-985.0
-255.0
-1556.0
-1233.0
-1632.0
-1086.0
-1176.0
-1491.0
-146.0
208.0
-1023.0
-936.0
26.0
-767.0
-828.0
129.0
-962.0
-1852.0
-257.0
-791.0
-1512.0
-1023.0
-722.0
-935.0
-951.0
-968.0
-1521.0
-1269.0
-1439.0
-326.0
-1229.0
-924.0
-802.0
-810.0
-680.0
-783.0
-583.0
-872.0
-991.0
-1292.0
-860.0
-741.0
-1195.0
-1450.0
-1541.0
-753.0
-870.0
-897.0
-1008.0
-1341.0
-949.0
-924.0
-1271.0
-969.0
-1421.0
-1101.0
-1522.0
-682.0
-384.0
-313.0
-942.0
-1069.0
-80.0
-84.0
-205.0
272.0
-1727.0
-1118.0
-369.0
-772.0
-1228.0
-1205.0
-349.0
-1293.0
-1396.0
-938.0
-2521.0
-441.0
-734.0
-406.0
-1857.0
-26.0
117.0
-333.0
-1341.0
-419.0
-325.0
217.0
-1468.0
-1351.0
-255.0
-979.0
-1082.0
-1370.0
-2026.0
-2391.0
-876.0
-2052.0
-1486.0
-2247.0
-1411.0
-509.0
-1514.0
-435.0
-1840.0
-1736.0
-1515.0
-383.0
-803.0
-756.0
-1663.0
-629.0
-1127.0
119.0
-1083.0
-152.0
-2934.0
-1635.0
-319.0
93.0
-2173.0
-614.0
-78.0
-2579.0
-567.0
-2506.0
-3747.0
-1633.0
-2879.0
-190.0
-2570.0
-24.0
-2946.0
-1807.0
-1526.0
-148.0
-3424.0
-1512.0
-2206.0
-4794.0
201.0
-2049.0
-1589.0
-8800.0
-2397.0
-6412.0
117.0
-1979.0
-2699.0
-7207.0
-2033.0
-205.0
-1798.0
-2211.0
-3444.0
-1581.0
-1771.0
-1479.0
-1883.0
-1929.0
-308.0
-1765.0
-131.0
-2491.0
-266.0
262.0
-2109.0
-1753.0
296.0
-1578.0
-2294.0
-1660.0
-1223.0
-2573.0
-1104.0
-1402.0
-2976.0
-1367.0
-1015.0
-1880.0
-2619.0
-2608.0
-1392.0
-235.0
-1339.0
-82.0
-180.0
-1585.0
-1465.0
-1770.0
24.0
108.0
-1035.0
-1499.0
-1408.0
-1114.0
-2083.0
-1090.0
-1048.0
-2769.0
-3102.0
-330.0
-1290.0
-962.0
-1628.0
-1164.0
-1217.0
-884.0
74.0
-920.0
-906.0
-1275.0
-367.0
159.0
-496.0
198.0
-1422.0
-1274.0
-142.0
-41.0
-1910.0
-554.0
-271.0
-1981.0
-1042.0
-1226.0
-2001.0
-866.0
-25.0
-2543.0
-875.0
77.0
-2520.0
-278.0
-448.0
-68.0
-41.0
-1700.0
-2846.0
-3086.0
-80.0
-1766.0
-2401.0
-2955.0
-742.0
-968.0
-2636.0
-1816.0
-2406.0
-501.0
-1336.0
-1934.0
-3201.0
-3253.0
-1399.0
-2205.0
-3134.0
-3342.0
-2834.0
-2528.0
-1429.0
-306.0
-92.0
-2610.0
-192.0
-303.0
-3565.0
-2539.0
-30.0
-1966.0
-3750.0
-2282.0
-2394.0
-4018.0
-867.0
-2408.0
-3586.0
-40.0
-1138.0
-1445.0
-3378.0
-1346.0
-1894.0
-1958.0
-1088.0
24.0
-701.0
64.0
-1503.0
-1644.0
290.0
-99.0
-1930.0
-1433.0
-1896.0
-906.0
-926.0
-3579.0
-255.0
-1412.0
-1259.0
-644.0
-2278.0
-922.0
-2293.0
-2010.0
-1827.0
-1006.0
-792.0
-1032.0
-1482.0
-1722.0
-1274.0
-878.0
-35.0
201.0
-1198.0
-1157.0
-29.0
51.0
-1122.0
-2182.0
-4.0
-2502.0
-1048.0
-1065.0
-1427.0
-863.0
-880.0
-784.0
-1705.0
-1143.0
-739.0
-1237.0
-1852.0
-88.0
-166.0
-739.0
-2296.0
-518.0
-169.0
-22.0
-4904.0
-1876.0
-1611.0
-848.0
-1021.0
-176.0
-909.0
-987.0
-2254.0
-285.0
-1489.0
-1003.0
-2105.0
-1210.0
-1088.0
-1142.0
-690.0
-767.0
-326.0
-1082.0
-201.0
-1393.0
-265.0
-693.0
-1603.0
-1322.0
-717.0
-722.0
-1423.0
-1058.0
-317.0
-1250.0
-1054.0
-1005.0
-2103.0
-846.0
-790.0
-958.0
-1375.0
-814.0
-779.0
-483.0
-1253.0
-224.0
153.0
-711.0
-955.0
-1618.0
67.0
155.0
-881.0
-1224.0
-1362.0
-874.0
-1114.0
-1336.0
-945.0
-1517.0
-1017.0
-659.0
-1299.0
-498.0
-1229.0
-1216.0
-1117.0
-315.0
-122.0
-161.0
-2259.0
-543.0
-2573.0
-835.0
-265.0
365.0
-416.0
-1712.0
-56.0
-791.0
-1733.0
-1706.0
-84.0
-1544.0
-1298.0
-2104.0
-5455.0
-37.0
-138.0
-501.0
-929.0
-5.0
209.0
-147.0
-279.0
-839.0
-249.0
159.0
-1916.0
-1368.0
-12.0
-726.0
-1000.0
-1289.0
-728.0
-821.0
-524.0
-2001.0
-1317.0
-2057.0
-1192.0
-1232.0
-2218.0
-287.0
-871.0
-4124.0
-1594.0
-1298.0
-1912.0
-107.0
-2819.0
-281.0
-1509.0
-877.0
-96.0
-312.0
-2113.0
-1285.0
22.0
-973.0
-2892.0
-958.0
-119.0
-2137.0
-1748.0
-1006.0
-1652.0
-967.0
-1299.0
-1460.0
-980.0
-2506.0
-1259.0
-813.0
-1445.0
-198.0
-121.0
-697.0
-927.0
-232.0
160.0
-108.0
-226.0
-2400.0
-1367.0
-1062.0
-222.0
-1475.0
-259.0
-875.0
-1137.0
-248.0
-1584.0
-501.0
-1221.0
-1256.0
-1521.0
-1145.0
-1042.0
88.0
-166.0
-840.0
-1537.0
-2219.0
-98.0
-39.0
-1928.0
-2211.0
-761.0
-757.0
-1885.0
-1631.0
-168.0
-2598.0
-479.0
-1810.0
-2133.0
-2227.0
-178.0
-168.0
-2262.0
-1544.0
-854.0
-914.0
-432.0
-342.0
-398.0
-562.0
-1420.0
-2476.0
-1552.0
49.0
-1548.0
-2064.0
-1394.0
-862.0
-906.0
-1016.0
-702.0
-293.0
-1121.0
-256.0
-1525.0
-475.0
-987.0
-1016.0
-1295.0
-532.0
-277.0
-711.0
-125.0
-521.0
-238.0
-25.0
-821.0
234.0
-375.0
-1265.0
-707.0
-703.0
-874.0
-75.0
-51.0
-1442.0
-2085.0
-1639.0
-1625.0
-813.0
88.0
-153.0
-1586.0
-473.0
-2185.0
-874.0
-1086.0
-179.0
-151.0
-906.0
-1318.0
-2299.0
-1073.0
144.0
-1874.0
-1366.0
-2113.0
-1877.0
-1409.0
-129.0
-1041.0
-1364.0
-295.0
-1649.0
-3110.0
-333.0
-1956.0
-2100.0
-1400.0
-278.0
-2021.0
-56.0
-2078.0
-1406.0
-2172.0
-1264.0
-169.0
-152.0
-1259.0
-3524.0
-29.0
-905.0
-1248.0
32.0
-25.0
-2684.0
-1204.0
-1468.0
-1163.0
-1537.0
-907.0
-945.0
-1775.0
64.0
29.0
-100.0
-1248.0
-938.0
-325.0
-42.0
-1210.0
-1139.0
150.0
-74.0
-145.0
-1191.0
-1409.0
-909.0
-1007.0
-368.0
-897.0
-1599.0
-2283.0
-197.0
-1402.0
-1175.0
-1160.0
-2890.0
-1276.0
-275.0
-266.0
-188.0
-56.0
-2391.0
96.0
-119.0
-105.0
396.0
-2140.0
-1749.0
24.0
-704.0
-1311.0
-84.0
-807.0
-3169.0
-2058.0
-1342.0
-1852.0
-1102.0
-1752.0
-1002.0
-1611.0
-1316.0
-1632.0
-780.0
-643.0
-746.0
-194.0
-1072.0
-920.0
-1003.0
-857.0
106.0
-1150.0
-683.0
-1374.0
-842.0
-1433.0
-1331.0
-925.0
-2250.0
-358.0
-297.0
-2052.0
-1404.0
-1958.0
-2631.0
-1289.0
-1368.0
-200.0
-236.0
-875.0
-974.0
-1710.0
-1444.0
-1377.0
-1764.0
-1296.0
-1689.0
-702.0
-720.0
-1147.0
-1416.0
-249.0
-2806.0
-581.0
-1137.0
-3484.0
-1838.0
-946.0
-200.0
-909.0
-855.0
-763.0
-272.0
-1150.0
-248.0
-107.0
-1529.0
-1196.0
-3298.0
408.0
-2.0
-1861.0
-1962.0
-1450.0
-1920.0
-1906.0
-391.0
-177.0
-1432.0
-3119.0
-1726.0
-2570.0
-535.0
-2792.0
-1777.0
-2257.0
86.0
-115.0
18.0
-2209.0
-200.0
14.0
-850.0
-155.0
-19.0
-1268.0
-992.0
63.0
-1582.0
-1277.0
-79.0
88.0
-517.0
-2878.0
-1935.0
-1611.0
-83.0
71.0
61.0
-1802.0
38.0
205.0
-428.0
-275.0
-56.0
-178.0
97.0
-1238.0
-957.0
117.0
-704.0
-229.0
-1542.0
-2404.0
-766.0
81.0
-349.0
-926.0
-1699.0
-530.0
-891.0
-1286.0
-447.0
-1931.0
-1618.0
-1161.0
-218.0
-805.0
-372.0
-392.0
-1201.0
-1970.0
139.0
-1000.0
222.0
-197.0
-3400.0
162.0
153.0
-1488.0
40.0
19.0
-2125.0
-330.0
-1888.0
-4108.0
-1295.0
-23.0
-100.0
-4454.0
67.0
-816.0
-3285.0
-264.0
-3410.0
-34.0
13.0
-1814.0
-3040.0
120.0
-2396.0
-3637.0
-3575.0
-2647.0
-831.0
-1277.0
-309.0
-3560.0
-3218.0
-161.0
-5637.0
-4956.0
-3019.0
-3149.0
-3537.0
-3482.0
-70.0
136.0
71.0
-7449.0
-3247.0
-2735.0
39.0
68.0
249.0
-1184.0
-3670.0
-1731.0
166.0
-3159.0
-30.0
-1752.0
-2303.0
-2501.0
-1868.0
-2013.0
-861.0
232.0
-1381.0
-1002.0
-83.0
148.0
5.0
-996.0
84.0
-68.0
145.0
-1601.0
-1004.0
-6137.0
-705.0
-898.0
-1229.0
-729.0
-1562.0
-805.0
-968.0
-1563.0
-1103.0
-1074.0
-133.0
-1859.0
-1186.0
-1004.0
-1425.0
-1171.0
-828.0
-694.0
-703.0
-971.0
-520.0
-933.0
-783.0
-35.0
397.0
-1019.0
-1238.0
-27.0
-4134.0
-998.0
3.0
-706.0
-1822.0
-1283.0
-906.0
-1634.0
-820.0
-800.0
-67.0
-802.0
61.0
-736.0
-2275.0
-1007.0
-105.0
-705.0
177.0
-1025.0
-1134.0
121.0
86.0
-926.0
-1451.0
-1356.0
-801.0
-1451.0
-987.0
-940.0
-1791.0
-1207.0
-291.0
-1959.0
-384.0
-1728.0
-1159.0
-98.0
-238.0
-272.0
-491.0
-403.0
-692.0
-56.0
-1218.0
-798.0
115.0
-342.0
-2780.0
-696.0
-687.0
-1649.0
7.0
-70.0
-1263.0
-1230.0
-867.0
-1473.0
-1891.0
-89.0
-886.0
-2056.0
-73.0
-793.0
-752.0
-668.0
66.0
-46.0
-804.0
-1044.0
-1517.0
184.0
-713.0
-1711.0
-1684.0
-1726.0
-785.0
-1025.0
-1696.0
-1125.0
-2229.0
-1227.0
-121.0
-2425.0
-394.0
-1833.0
-1500.0
-2949.0
-259.0
-701.0
94.0
-1667.0
-1397.0
-1298.0
-178.0
-290.0
-257.0
-487.0
-1793.0
-7.0
24.0
-1863.0
-1352.0
-77.0
-1732.0
-549.0
-1350.0
-2349.0
-1653.0
-9.0
-240.0
-1659.0
79.0
-1326.0
-855.0
-1343.0
-728.0
-24.0
214.0
-3340.0
-1016.0
-719.0
-1162.0
-928.0
-1033.0
-1604.0
-797.0
-924.0
-210.0
-2021.0
-498.0
-382.0
-993.0
-1451.0
-229.0
-1702.0
-2268.0
-1263.0
-157.0
-1642.0
-107.0
-1692.0
-584.0
-803.0
-1096.0
-1050.0
293.0
-1280.0
-1880.0
-1062.0
-965.0
-1009.0
-874.0
18.0
-1999.0
-1064.0
-1026.0
-3102.0
-772.0
-832.0
-275.0
-941.0
-770.0
-924.0
-834.0
-1063.0
17.0
-245.0
-777.0
-918.0
-2165.0
9.0
100.0
-1024.0
-491.0
-1432.0
-813.0
-1079.0
-498.0
-884.0
-1327.0
-523.0
-226.0
-1444.0
-2079.0
-1715.0
-2725.0
-2440.0
-299.0
-55.0
-115.0
-2217.0
-1138.0
-2102.0
-2637.0
-345.0
-15.0
-357.0
-1790.0
-852.0
-1867.0
-1816.0
-2598.0
-124.0
-1155.0
-931.0
-1155.0
-3643.0
-54.0
-1124.0
-198.0
-2416.0
34.0
-1563.0
-941.0
-61.0
-2745.0
197.0
-89.0
-1989.0
-2545.0
-1392.0
27.0
-1191.0
-1510.0
-579.0
-1579.0
-1688.0
-248.0
-2079.0
-1710.0
-242.0
-2672.0
-2154.0
-1399.0
-1230.0
-2816.0
-1920.0
17.0
-2040.0
51.0
-3633.0
-2576.0
-101.0
-2935.0
-1860.0
280.0
-297.0
-3733.0
-3280.0
-1030.0
-1024.0
-2903.0
143.0
-1711.0
-2295.0
-1782.0
-3650.0
-932.0
106.0
-846.0
-802.0
-901.0
133.0
-1431.0
-982.0
-1714.0
41.0
-1256.0
-1170.0
-2738.0
-1618.0
-1005.0
-2856.0
-1610.0
-3614.0
-1431.0
-3270.0
-266.0
-1028.0
-973.0
-2035.0
-873.0
-1371.0
-947.0
-3060.0
-2544.0
-3061.0
-61.0
-837.0
21.0
-1740.0
-234.0
-2243.0
-2518.0
20.0
-737.0
-1102.0
-2269.0
-1043.0
-751.0
-2792.0
-1119.0
-1315.0
-1603.0
-1243.0
-982.0
-2792.0
-877.0
-889.0
-1017.0
-672.0
-1278.0
-771.0
-251.0
-2915.0
-31.0
189.0
-2114.0
-930.0
-1301.0
-1125.0
63.0
-1015.0
-2375.0
-2749.0
-1429.0
-1025.0
-957.0
-1067.0
-1651.0
-173.0
-1751.0
-2235.0
-989.0
-1681.0
-2469.0
-1820.0
-148.0
-894.0
-102.0
-2211.0
-212.0
-3343.0
-3242.0
-40.0
316.0
-2068.0
-3406.0
-2888.0
-1968.0
-3920.0
-3115.0
226.0
-3991.0
-276.0
-1212.0
-1455.0
-894.0
-1736.0
-767.0
-1031.0
100.0
214.0
-827.0
-873.0
-56.0
152.0
-873.0
-1267.0
-1109.0
-797.0
142.0
-1072.0
-1064.0
-1697.0
-841.0
-1065.0
-4383.0
-1079.0
-2446.0
-2277.0
-125.0
-2209.0
-1033.0
-1132.0
-1425.0
-1511.0
-808.0
91.0
218.0
-1382.0
-124.0
-223.0
-890.0
-16.0
119.0
-1114.0
-1257.0
40.0
-1059.0
-1206.0
-988.0
-1079.0
-1039.0
-1167.0
-1255.0
-2402.0
-916.0
3.0
-392.0
-2161.0
-882.0
-743.0
-116.0
-287.0
-745.0
33.0
-910.0
-1048.0
-1892.0
186.0
-21.0
-176.0
-2597.0
-1684.0
-3239.0
118.0
-959.0
-2005.0
-370.0
-165.0
-1016.0
-2153.0
-26.0
-1704.0
-1653.0
-1799.0
106.0
181.0
-19.0
-1995.0
-2122.0
-1634.0
-977.0
-2217.0
190.0
-1493.0
-1679.0
-1919.0
-8605.0
-3429.0
-1408.0
153.0
-4091.0
-3820.0
-1048.0
-2905.0
-2718.0
-2621.0
90.0
-2191.0
-1499.0
-1190.0
-1111.0
-1689.0
-965.0
-122.0
-2904.0
-1578.0
-1168.0
-696.0
-691.0
-1005.0
-1192.0
-943.0
-800.0
-242.0
-1345.0
-947.0
-902.0
-450.0
-821.0
-1329.0
-2031.0
-1195.0
-1238.0
-1756.0
-897.0
-686.0
-704.0
-1019.0
-974.0
-85.0
-772.0
-7.0
-329.0
-959.0
-1913.0
88.0
-1255.0
-1192.0
-837.0
-687.0
-122.0
-264.0
-2589.0
-2526.0
-33.0
-291.0
-1166.0
-960.0
-802.0
-31.0
-91.0
-1083.0
37.0
-225.0
60.0
-1491.0
-1083.0
174.0
161.0
-2071.0
-1571.0
-1479.0
-2023.0
-869.0
-1020.0
-920.0
-1198.0
-1304.0
11.0
-1990.0
-882.0
-1813.0
-1907.0
-1411.0
-931.0
-683.0
-102.0
-7.0
-294.0
-321.0
-4.0
-112.0
1.0
-1632.0
-1728.0
13.0
116.0
-1098.0
-248.0
-250.0
-2942.0
-2865.0
-3035.0
-3511.0
-3262.0
56.0
-2621.0
-1183.0
55.0
61.0
-95.0
-2291.0
-1758.0
-22.0
226.0
-3281.0
-397.0
106.0
-33.0
-246.0
-1749.0
-3142.0
-1732.0
-1457.0
-247.0
-2722.0
-1990.0
-1880.0
-175.0
-2447.0
-1404.0
-1862.0
-1936.0
-1825.0
-2337.0
-980.0
-2784.0
-2129.0
-1131.0
-912.0
-860.0
-83.0
-692.0
-2078.0
-2755.0
98.0
-2135.0
-2966.0
-297.0
-16.0
-972.0
-1502.0
-1313.0
-1320.0
-825.0
168.0
-1241.0
-881.0
-1581.0
-3188.0
-95.0
-868.0
-36.0
-177.0
-1378.0
-4059.0
-992.0
-1664.0
191.0
-1422.0
-1274.0
-1227.0
-1289.0
-1354.0
-1299.0
-881.0
-1049.0
-170.0
-189.0
-1577.0
-137.0
-1786.0
-2280.0
-2911.0
-770.0
215.0
-154.0
-2661.0
-252.0
15.0
-887.0
-2091.0
197.0
-1609.0
-3665.0
50.0
-1074.0
-1217.0
-1619.0
-244.0
-1267.0
-1150.0
-820.0
-1472.0
-926.0
-1368.0
-1298.0
-1876.0
76.0
-781.0
-220.0
-975.0
-722.0
-684.0
-793.0
-1024.0
-1593.0
-741.0
175.0
-2569.0
-1703.0
-1712.0
-2935.0
-1108.0
-961.0
-918.0
-1007.0
-1725.0
-286.0
-3104.0
-209.0
-2662.0
-2267.0
-1152.0
-1296.0
-69.0
-1531.0
-3557.0
-354.0
-3716.0
-3929.0
-44.0
-2823.0
-2364.0
-1574.0
138.0
-1687.0
-2117.0
-2499.0
21.0
-1816.0
-434.0
-1191.0
-2818.0
-823.0
-1140.0
-745.0
-2363.0
-1262.0
-1256.0
-865.0
-205.0
-171.0
26.0
-735.0
-916.0
-2497.0
-1278.0
-59.0
-1339.0
-1142.0
-1339.0
-852.0
-950.0
-464.0
-922.0
-1409.0
-895.0
-162.0
-1260.0
-892.0
-1691.0
-1351.0
-1294.0
-912.0
-705.0
-736.0
-989.0
-1553.0
-195.0
-1204.0
-279.0
116.0
-1556.0
-1603.0
-201.0
-791.0
-1238.0
46.0
-297.0
-1430.0
-2151.0
-2074.0
-3030.0
-2231.0
-1856.0
-57.0
-2623.0
-38.0
-1889.0
-850.0
-2616.0
-1633.0
-681.0
-1768.0
-1436.0
-1634.0
345.0
-1266.0
-1240.0
-2943.0
-1878.0
-1043.0
-1887.0
-434.0
-1105.0
-2513.0
-1361.0
-1807.0
-1426.0
-1500.0
-2964.0
-1716.0
-1516.0
-1402.0
-298.0
-127.0
-469.0
-1630.0
-866.0
26.0
-1458.0
-971.0
-1110.0
-1774.0
-755.0
-793.0
-1076.0
-916.0
-829.0
-543.0
