-5452
-6598
-5909
-3103
1905
3083
-4496
-684
-791
-459
-111
2712
1814
4574
-4492
-10697
398
490
-3896
-8802
-4939
-5146
-4050
5082
925
122
-3728
4106
5256
3606
-1810
1718
4436
5380
-1995
-1539
3854
-1499
2118
-351
-5279
4377
-3140
-285
5644
-24
-5384
3932
-220
-486
-512
2379
2879
3738
-244
1485
2635
5240
1814
-2820
-4261
-4741
-3942
-139
5396
2193
-3074
2722
5739
3429
1544
2727
3778
7506
2985
3709
5115
8966
3507
-285
-774
3161
-6338
5737
6512
4174
-622
1646
2184
5990
-1908
7435
3983
7496
5557
-3982
4694
5115
137
-1493
-1397
3320
-5465
2965
7166
4813
-1233
2210
6441
4007
2896
6438
6222
9037
3082
-1488
4014
4863
-2163
1079
-3880
2379
-106
7526
5128
4218
-3927
1760
7224
6264
5239
7177
4866
5126
2378
739
5577
8473
1245
-1572
4403
649
-4211
5455
8193
4816
-2906
5978
4007
7823
7322
7834
6611
6199
1707
-529
6758
7871
4473
1550
3571
1793
-3437
9249
9170
6482
2011
5799
9086
6033
3072
7336
5485
4332
8848
905
5139
7991
3143
1253
-730
7432
4277
5337
7688
8602
2421
8153
4206
9158
5135
8785
8327
8277
3375
1628
10099
10137
3413
5424
177
4100
-3411
8699
7823
6700
1727
10074
10898
7292
7355
9215
8308
11026
5005
5328
10621
10611
8107
2972
3661
5370
3440
7831
7167
8170
1279
8670
8686
7874
8022
7626
10429
9452
2065
5296
4566
8018
8004
2519
4183
5818
5032
6011
10140
9084
-1159
6417
8243
6932
5315
7630
10015
8096
3010
7367
8406
8829
4209
5026
1952
215
6322
6387
8711
6491
4037
9970
8450
7354
6302
9419
10568
8600
7982
6065
6022
7382
8178
9764
-635
1254
4769
4833
8494
8127
4899
8471
6621
8132
7572
8243
9239
11364
3558
9009
8222
8238
4865
8664
5434
1806
2727
9060
8931
8456
2505
9879
9500
9097
9606
9386
11495
9229
3306
8490
8663
10491
6758
6205
2676
3923
1818
4042
8516
9022
5385
10010
8452
6177
7367
7939
11694
9064
2657
4660
9527
11167
5508
5486
1994
6950
2617
8749
8644
9675
1441
9794
8505
8158
8099
9517
9255
6543
5713
6675
9546
10128
8110
7099
5475
4379
453
5177
5451
10411
5204
9311
8546
7225
6111
8513
7345
7741
4278
4347
7296
11113
6703
8114
5903
4637
2935
5614
8543
9643
4572
10295
9871
8466
10013
7970
10127
10174
6608
6794
10973
8828
7725
6144
5385
7590
6850
8157
9817
10546
1071
9068
10532
9515
9010
10270
11543
8465
9644
9090
9574
10808
7646
9595
4690
8100
6635
8662
9836
11150
2816
10111
10523
8296
8156
9216
11574
10925
6521
8769
9393
11299
9037
7824
5745
5354
6061
8517
8734
10403
5180
9820
9564
7544
6658
9059
11100
11169
5883
4696
8909
10829
8277
6445
6218
3372
3580
7923
9783
8936
4487
9492
10536
6739
9523
8969
10137
9736
1886
8266
9337
11151
9196
7366
5197
4258
5059
8758
11111
9151
3333
11211
11128
6415
8881
10712
10763
11040
6368
9790
10131
9459
9637
7309
6903
7933
7816
8044
9469
10755
2719
11612
9638
7202
10655
7815
10259
10706
3651
8130
7625
11752
6734
8435
6818
5779
3869
7069
10087
11540
5871
10906
9679
8540
9491
9347
11360
10895
9338
10027
10542
11245
8539
10126
6143
7761
8152
10382
10372
10415
6238
12045
11183
9898
9001
10544
10933
10923
8270
6012
10513
12143
9958
9264
7874
9379
6723
10374
11293
10652
4873
11067
11351
10560
8581
11784
11423
10486
8303
8822
10040
10182
8668
8858
8884
8072
1422
10460
11795
10815
7149
11163
11267
10671
7713
8212
10198
11714
8542
9898
10875
11267
7499
6610
7830
8954
8071
8320
10418
11204
6323
11135
11033
11416
8461
11576
10728
10480
9620
7972
11009
11627
9859
9753
8356
9346
4026
9709
10653
11579
5913
10641
9430
10234
9430
12191
11037
11578
8506
6545
11839
11923
9562
9730
10053
8918
6667
9215
10789
11111
3778
11788
9875
11560
8535
12283
10858
10334
7560
8507
11444
11144
8437
6843
8580
9236
7816
9155
9814
11783
5108
10449
9941
11268
9565
12095
12383
10390
7817
6140
10448
12053
9112
9158
11401
10545
5297
10109
11546
11428
5942
10771
10515
11155
9131
12136
11428
12419
6135
6020
11343
12305
5715
7549
10366
11180
4856
9246
10322
10908
9203
10725
11479
12071
10374
9598
10945
11054
8447
6654
11154
12867
8837
8199
10855
9965
6002
10089
11251
11328
7299
9702
10405
11210
10968
12438
11946
9736
8434
5585
11680
12318
8198
9787
9850
9841
7001
10852
11309
11231
7469
11705
10478
11331
10012
11962
12378
10817
9745
9051
11613
12197
8749
10622
10308
10362
8192
10374
11169
10423
8255
11065
10425
11457
11233
11838
11081
11273
8672
6506
11693
12495
10450
10080
9026
9767
6954
11757
11128
12184
7044
11418
10804
11167
11122
11784
12482
11716
9528
8786
11776
12405
8775
10451
9331
10659
6099
9513
11887
12402
5927
11098
10691
10476
11441
11670
12137
11511
9604
8893
11904
11463
10656
11103
6744
10639
9049
11225
11867
12118
5635
11783
11913
10744
11570
12147
12266
12096
9720
8569
12353
11712
11621
10965
9904
12328
7263
11547
12289
11304
6715
10826
10738
11851
9863
11154
10576
11480
8076
8832
11967
12392
9617
10438
10087
10151
5458
10468
11011
12233
8041
11699
12066
9003
10291
11829
10061
12194
10836
9601
13174
12995
7950
10969
11721
8343
7420
11541
12589
11193
3997
12258
12330
12641
11498
10900
12286
11899
6196
6852
11943
12070
9919
6013
9600
8833
5517
9749
12254
11782
7666
10434
11908
12176
11054
10613
12351
10425
7155
7781
13098
12218
10360
8432
7466
10744
5229
10817
10680
12241
7611
11805
10633
12151
10768
11130
10796
12235
9066
8442
12689
12746
10176
10305
8910
10494
5168
10711
8974
11794
5786
11636
12301
13104
10248
11738
10224
10875
9414
8468
12664
12325
10920
9751
9938
8805
8282
11556
11607
11824
6027
12199
11711
11050
10815
12157
12253
12221
11151
10270
12251
12538
11916
9854
10161
11491
8822
11658
12016
11681
7848
12161
12010
11237
11600
12236
12478
12462
10624
9434
12202
11887
11109
6841
7157
11631
5866
12184
12142
11884
6372
10123
12680
11620
7384
11909
12113
10829
11452
8355
12355
12159
10660
7974
10142
11822
7679
12402
11102
12391
5137
11187
11420
12000
11779
13049
12831
12738
11802
7117
12535
12549
9501
10884
8866
11412
8934
11473
12780
12516
6733
11803
12549
11842
10968
12632
12262
11523
9867
6256
12212
12340
9063
9641
9979
10004
7014
11623
10718
12306
8307
10131
11170
12105
10808
12345
12280
11960
11995
4484
12847
12369
9573
6645
9886
10802
8153
12385
12229
12148
5090
10902
12123
10414
9797
12697
12478
12669
10568
6590
12590
11768
8653
9523
10573
11580
8484
11708
12131
12505
5507
11518
11094
10735
9419
12583
12252
13036
10358
8649
12940
12376
11086
10631
10767
10866
7644
12549
12330
11755
6621
10663
11179
11969
11133
13130
12748
11270
9021
4887
11154
12126
9050
10819
10393
8312
5934
11123
11797
12306
7816
10662
9731
11581
9850
11554
12675
12283
7055
8331
12314
12602
9693
10867
11182
9907
6946
10355
10315
12059
6996
11320
11678
11578
10948
11627
12217
11652
6874
7066
11898
12205
9277
10128
9838
11181
4798
9855
10620
12025
8532
11821
11662
12424
10895
12456
12802
11889
7314
7576
12233
12609
9973
10211
9653
10672
7015
11250
11784
12948
9753
12075
12076
12139
11425
13055
12794
12534
9832
7755
12226
12634
11081
10461
9034
11310
7195
11942
11804
12526
8230
10032
11937
12021
9654
11957
11068
9946
6146
7874
11334
11571
7689
7678
10818
9646
1144
11508
11775
12640
8852
11323
11855
12047
10925
12793
12357
12290
9950
9006
13031
13002
10401
10805
11478
11126
10038
12400
11968
12571
9979
12459
12329
12488
11444
12569
12588
12695
11720
10255
12626
12852
10832
10424
9948
11943
7004
12504
12147
12875
9645
11735
12548
12385
9150
12638
11557
12393
10827
9808
12710
12882
10374
10717
10882
9577
8371
10446
12409
12675
9825
11916
12504
12093
11858
12455
12913
12583
9174
8645
12868
12866
11472
8949
9130
10535
5735
10365
12796
12985
8326
12303
12531
12225
11792
12832
13084
11694
11624
8842
12822
12889
11618
10981
10661
10786
9088
10883
12742
12148
8981
11595
12748
12800
9228
12497
12668
13071
11107
9941
12607
12901
10928
10214
12161
10395
10382
12370
12058
12780
8477
11995
11528
12423
11237
12921
12601
12341
9387
9948
12700
12750
11425
10053
10065
11784
8434
12094
12715
12759
8999
12640
12900
10775
11680
12743
12348
12746
11145
10108
12417
12956
11425
10600
9883
11228
10509
12496
12341
13070
7904
12003
12757
12435
12005
12552
13181
12552
10017
9686
12955
12712
9992
11927
9403
11869
5508
12286
12950
12326
8514
12664
12288
10638
11383
13003
12816
13055
11495
9774
12277
12558
10308
10125
10915
12476
9305
11846
11808
12614
7673
11477
12857
12223
9953
11824
12497
12228
10202
9067
11659
12628
10679
10013
8759
11324
9543
11971
12547
12316
9037
12000
11823
12629
11735
12867
12494
12823
11437
10616
12286
12289
11337
11589
10702
11344
9711
11970
12456
12468
9098
12496
12820
12372
11672
13106
12967
12638
9981
10043
12275
12465
12068
11227
11558
11343
9857
12882
12788
12256
9111
12064
13263
12424
11149
12873
12929
12253
12246
10866
12502
12994
11946
10542
12283
12306
10391
12932
13079
12823
8976
12788
12110
13055
11562
12613
12539
12423
11684
9009
13172
13310
10929
10432
12500
11904
10477
13347
13039
12900
9145
11196
12794
13184
10643
13266
13034
12877
11696
9228
13240
13084
11471
9650
12984
12515
8218
13049
12739
12550
10087
12425
12692
12939
11201
12893
12703
12009
12063
10595
13116
12254
11833
10892
11973
10921
10463
12808
12251
12970
9315
12403
13330
12953
10971
11393
13196
12461
9963
9930
13084
13015
9641
11198
11353
11357
7230
12253
13026
13124
9672
12811
12692
12955
11521
13115
13117
12578
11967
10516
12882
12736
11967
10547
11963
12068
9991
11448
12323
12905
9853
12858
13056
12802
11255
13104
12958
13060
11241
10753
13044
12690
11516
9300
11524
12183
10435
12751
13423
12687
8104
12546
13208
12819
10007
13533
13033
13266
12687
10904
12988
13443
10309
10982
12511
11952
10009
13220
12777
12655
8047
13092
12337
13139
10973
12653
12658
10988
10146
9956
13089
13013
10932
11133
11877
11362
8227
11616
13254
12935
9111
12329
12726
12362
11582
12964
13025
12489
11751
10886
13158
12261
11851
10662
11903
12136
10917
11760
13014
12802
9508
12451
13241
12871
11376
13288
13048
13015
12075
10956
13395
13366
11298
11452
12586
12611
10215
12041
11980
12409
9304
13003
13278
13291
12052
13303
13260
13370
9309
10469
13060
12936
12277
10806
12063
12367
11073
12466
13298
13035
8992
11866
12279
12905
11550
12421
12575
12949
11591
10219
11987
12574
11799
11676
11458
12370
11288
12394
12341
12682
10030
12706
12966
13207
11824
12506
12829
12666
12161
11365
13103
12990
12132
11051
12268
10920
10907
12990
13370
12897
8809
13036
13147
12134
11150
12840
13012
13134
12082
10897
12553
12896
11384
11702
11718
12188
10704
12823
13151
12824
10376
13051
13377
12361
12189
13027
13152
13248
11107
11342
13096
13223
12226
11538
11824
12176
10733
13090
12571
12639
8045
12935
12868
13161
11848
13447
13121
12360
10630
9300
13184
12901
12453
11880
12015
11753
10381
12712
13721
13052
9922
12827
12873
11521
11415
12859
13158
12731
12101
10287
13342
13115
11920
11585
12104
12348
9077
13099
12568
12797
10245
12395
13178
13031
11439
12530
13133
12424
11424
10395
13253
13645
11489
10839
12510
12454
10159
11921
12826
12545
9267
12821
13408
13466
11616
13130
13598
13185
12228
10245
13216
13444
12211
10219
12435
12639
9448
13157
12741
12942
9360
12950
12904
13073
10973
13272
12886
11932
12135
9839
13003
12980
11433
10837
11774
12257
10540
12144
12978
12943
9199
12431
13199
12605
11848
13352
13280
13237
11339
11140
13537
13440
11570
10100
12094
11801
10891
13023
13275
12619
10525
12958
13085
13071
12147
12700
13452
13726
10379
11248
13219
13424
12256
11563
12573
12250
10328
13181
12513
13194
9238
12617
12890
13255
11537
12877
12800
12796
11744
11639
12481
13043
11251
11248
11888
11262
9593
12101
12882
12471
8476
11829
12750
12250
12240
12997
13315
12796
11752
11318
12589
13472
11608
11689
12351
11804
10667
12429
12702
13016
8280
12982
13177
13056
11593
12802
13378
12742
10442
11288
13363
13214
11593
11428
11833
11615
10627
13037
12297
12597
8312
13217
12651
13036
12145
13517
12511
12862
11019
10733
12414
13097
10961
11013
12214
11277
10077
12386
12668
12466
7385
12406
12344
13064
11479
13603
13611
13365
10742
11362
13053
13475
12324
11749
11902
10985
10881
12810
13359
12725
7256
12938
13169
13326
10826
12960
12118
13237
12272
11877
13549
13234
11822
11710
11509
12153
10844
13335
13260
13166
9468
13320
12985
13251
12135
11601
12669
12610
10960
10766
13309
13065
12356
11714
11736
12130
11155
12733
12950
12882
8144
12938
12701
13213
12122
12929
13318
13213
11149
11084
13046
12554
12444
11547
10627
12118
11047
11869
11624
12910
10070
12142
12651
13249
12197
12785
13057
13111
11742
9914
12865
12676
11244
11879
10888
12702
10575
13036
12718
12809
9696
12614
13368
13193
12209
13080
12879
13032
11907
11308
13104
12587
11923
11878
12512
12057
10988
12275
12833
13199
9933
12245
13060
12745
12165
12869
12809
12798
11017
10483
12927
12576
11781
11115
12006
12095
9913
11324
12547
12847
8235
12629
12644
12886
11438
12920
12989
13310
12357
11086
13220
13565
12274
11688
12233
12543
10955
12936
12869
12864
8222
12659
13471
13292
12191
13313
13208
13655
12558
10975
13430
13276
11736
11770
12069
12497
11672
12981
13146
13281
9169
13310
13366
13677
11765
13457
13100
13369
11750
10777
13669
13537
12359
11070
12185
12386
10822
13613
13214
12480
10118
13084
13160
13433
12240
13132
12909
13044
12746
11149
13773
13423
12113
11092
11877
12949
10331
13706
13177
12937
9609
12823
13277
13576
11658
13419
13171
13266
12148
9683
13395
12963
11192
11445
12101
12273
10674
12278
13213
12115
6939
11779
12925
13031
11283
13374
13064
12160
11532
10477
12992
13332
12365
10812
11912
12262
10826
13213
12556
12430
8520
13064
12727
12086
11452
13017
13217
12911
10818
11620
13424
13081
12038
11371
11996
11979
10832
13073
12962
12895
8809
12542
13532
12722
11580
12874
13221
13751
11965
11434
13455
12864
12525
12014
12501
12154
11011
13412
12786
12589
9054
13097
13163
13171
12208
13390
13224
13700
12156
10940
13094
13384
12388
11882
12743
12514
10377
13313
12994
12960
9360
13116
13081
13300
11274
13334
13663
13258
12181
11486
12877
13674
12009
11874
10840
12755
10512
12459
12921
13170
10215
13111
13290
13373
11109
12961
13211
12588
11643
10205
13394
13322
12411
11404
12509
12211
9828
12692
12844
13018
8995
12596
13114
12623
11924
13098
13551
12857
11735
10948
13295
13151
12068
11087
11988
12558
10737
13130
13106
12451
9825
12914
13206
13202
11442
13533
13037
13294
11821
10642
13460
13493
12239
11720
11880
12380
10432
13166
12664
13000
8534
12310
12754
13061
12553
12937
13176
13107
12532
10612
13263
13210
12062
11551
12551
12726
9625
13051
13406
13229
9243
13093
12836
13200
12229
13400
13088
13235
12395
10933
13414
13415
11435
11803
12379
12009
10212
12468
12559
12854
8307
12523
12901
12460
11103
13286
12716
13211
12402
10344
12997
13432
11423
11575
12060
12751
10620
13222
12633
13216
9653
12917
13209
13291
12518
13397
13313
12520
12766
10842
13093
13354
12083
11843
12412
12739
10367
13013
13019
13528
9344
12918
13107
13326
12504
13543
12989
13208
12339
11315
13545
13095
12043
11748
12639
12786
10421
12753
13244
13296
10033
12881
13143
12772
12255
13240
13417
13143
12631
11674
13680
13547
12094
11830
12450
13136
10976
12814
13033
13070
9707
12992
13771
13630
12261
13745
13152
13329
12464
9775
13138
13374
10784
11088
12261
12726
10440
13277
13150
12425
10058
12674
13553
13444
11194
13447
13295
13383
12499
11664
13232
13218
11744
10826
12957
13159
11685
13529
13314
12095
9618
13010
13345
12794
12022
13314
13383
13585
12827
11647
12810
13425
12709
11663
12048
13130
10627
13463
13478
13422
10505
13172
13503
13436
12200
13600
13566
13594
12817
11697
13229
13114
11816
11814
11517
12911
10365
13316
13438
13224
10665
13089
13203
13494
12636
13037
12629
13319
12391
11636
13390
13121
12206
11776
12792
12967
11120
12864
13622
13356
9692
12376
13016
13216
11647
11513
13117
13209
12285
11450
13234
13180
11758
11710
12269
12385
9321
13239
12873
13243
10223
12553
13185
13160
12318
13237
12708
13042
11978
10293
13676
13122
11576
11786
12308
12474
9485
13311
13476
13286
9669
13097
13484
13292
11896
13064
12615
13238
12535
10873
13352
13236
11776
11780
11443
12155
10031
13347
13181
12741
10198
11109
12718
11630
12018
12058
12352
13006
9549
9725
13284
13199
11534
11509
11197
12229
10698
12436
12576
12865
8851
12361
13135
13254
11726
12392
12986
12873
10071
11872
13334
13326
11354
11936
10678
12463
10549
13385
13348
12846
10479
12886
13119
13298
12277
12514
13305
13156
12225
10813
13486
13453
11759
11830
12573
12973
10540
13123
13384
12924
10812
12263
12711
13407
12233
13500
13336
13419
11855
11115
13255
13143
11908
11753
12287
12940
11368
12920
13003
13151
9593
12797
13046
12728
11978
13080
13155
13120
12371
11018
13215
13481
12504
11313
11998
11624
11096
12433
12877
13217
10596
12946
13199
13044
12331
13094
13435
12968
12377
11116
13344
13273
11939
11581
12384
12983
10298
12972
13425
12747
8916
12292
13162
12604
11105
13422
12684
12462
11639
9713
12427
12980
11642
11816
12090
12312
9865
13090
12813
13294
8579
12877
12753
13162
12490
12992
13198
12690
10919
11675
13097
13420
12464
11692
11620
12050
11465
13004
11883
13224
8076
12244
12719
13092
12310
13282
13218
12929
12160
11000
12975
13189
11737
11281
11835
11408
10436
12598
13243
13253
9064
13017
13178
13057
12399
13382
13268
13037
11457
11570
13020
13202
12030
11434
10510
11183
11425
10891
13124
13037
7709
13126
12818
12260
12192
13234
13366
13470
12689
11325
13365
13417
12336
11477
11315
12541
11249
13238
13546
12895
7461
13079
13312
13405
11625
13312
13184
13183
12869
10689
12981
13117
11473
11999
12784
12895
11602
12591
13335
12846
7358
12612
13164
12340
12564
13027
13180
13230
12518
10602
13232
13394
11884
11847
12171
12585
10035
12446
13120
13011
5057
12869
12655
13072
12249
12893
12921
12894
11797
11026
13550
13194
12489
10867
12129
12067
10985
13271
12762
12804
6892
12838
13178
13370
12422
13330
13063
12973
11560
10891
12899
13090
11322
11765
12697
12858
11092
13059
13174
13239
7547
12647
12690
13220
12259
13143
13012
12861
12462
11417
13125
12826
12322
10677
12227
12755
10491
12384
12833
12718
10095
13085
12725
13129
12339
12895
13220
13248
12382
12011
13267
13331
12337
11598
12938
12102
11170
13133
12658
13264
9150
12953
13451
12837
11606
12561
13377
12777
11562
11138
13256
13064
11662
10059
12130
12373
11105
12782
13134
13213
8691
12907
12667
12758
12319
13018
13179
13282
11961
11897
13283
13035
12475
11483
12470
12424
10710
12977
12777
13201
10329
12642
13256
13138
11918
13527
13132
13336
11590
11810
13247
12632
12498
11268
12787
12669
11471
12875
13129
13023
8796
13082
12940
13480
12312
13060
13198
12743
12486
11717
13527
13145
12221
12053
11823
11761
11767
12940
12902
13251
10827
13047
12733
13068
11732
13072
12552
13155
11987
11900
13136
13097
12259
12062
12901
12896
11116
12967
13445
12934
10269
12988
13170
12789
12558
13261
13366
13317
12409
10866
13439
13594
11759
11839
12409
12731
11278
13146
13327
13246
10128
13022
13146
13151
11745
13065
13281
13323
12623
11167
13262
13400
11964
11743
12941
12585
11240
12833
13413
13407
10286
12975
12967
13152
11979
13066
13289
13191
12332
11776
13411
13334
12500
12351
12295
12574
10976
12908
12932
13234
9916
13068
13315
13010
12240
13355
13376
13263
12445
11416
13085
13110
12519
12012
11966
12272
10263
13213
13255
12811
9558
12805
12863
12948
12699
13373
12971
12476
11665
11767
13529
13332
12250
11856
12496
12948
11253
13105
12705
12892
10941
13036
12856
13399
12461
13452
13468
13429
12593
11036
13153
12776
12368
11984
12301
11471
11457
13380
12912
13386
9956
13081
13216
13360
12367
13079
13234
13072
12266
11969
13634
13203
12313
12058
12785
13121
11482
13193
13514
13277
8959
12391
13258
13353
11862
13017
13348
13178
12633
12046
13617
13405
12412
11790
12318
12570
10171
13308
13425
13123
8235
12771
13391
13047
12240
13217
13415
13241
12278
10902
13092
13422
11841
11613
12632
12089
9781
13218
11857
13004
8398
12850
12327
12175
12477
13112
12870
12790
12423
11562
13327
13355
12550
11681
12687
12656
11337
12999
13321
12658
8601
12718
13204
12808
11154
11594
12654
12913
11514
9187
13155
12451
11565
11137
12502
12201
10594
13117
13116
13050
9792
12146
13043
13322
12504
13213
13068
13173
12590
11151
13144
13222
12148
11551
12434
12924
11047
13334
13038
12882
10171
12837
13160
13065
11733
13199
13099
12865
12330
11726
12919
13080
12290
11578
12348
12265
10838
13044
13042
13202
8865
12810
13143
13132
12572
13232
13042
12942
12005
11576
13215
13186
12185
11974
12605
12511
10524
12763
12924
12715
9624
12753
13195
12902
12265
13114
13119
13327
12369
11464
13195
13046
12143
12114
12360
11844
11321
13332
13207
12842
7142
13061
13102
13283
12255
13298
13161
12925
12169
11375
13439
13338
12480
10758
12008
12722
10387
13234
12962
12849
10090
12814
13264
13047
12447
13412
12909
13226
12203
11768
13376
12826
12534
11200
12957
12834
10698
12841
13132
13266
10250
12811
13146
12961
12475
13102
13164
13326
12345
11890
13210
13317
11891
11654
12223
12712
11466
13011
13096
13323
9786
12863
13171
13412
12187
13355
13292
12852
12471
11732
13254
13601
12336
11225
12538
12725
11086
13027
12908
13322
8354
12790
13025
13178
11945
12620
12430
12815
12302
11475
12914
12772
11488
10941
12651
12612
10419
12596
12727
12944
9432
12583
13232
13109
11991
12515
12004
13288
12073
10974
12931
13439
11891
11809
11484
12700
11049
12874
12676
12567
6103
12845
13132
12578
12372
13115
13227
13190
12473
11729
12771
13293
12213
10094
12958
12549
10515
12981
13076
12787
9273
12427
12910
13378
11685
13248
12237
13207
11991
11519
13563
12453
11551
9906
12226
12599
10839
12718
12959
12839
8503
12774
13144
13428
10947
13447
13222
13206
12064
11540
13376
13326
12232
10227
13112
12632
11347
13071
13008
12689
9991
12443
13296
13201
10782
13404
12665
13081
11942
10819
13515
13626
12107
10006
13157
12722
10537
12908
13255
12865
9278
11786
13462
13357
11025
13378
13353
13094
12414
11805
13639
13561
12353
10053
13127
11282
11420
13011
13228
13195
9630
12780
13101
13249
11962
13484
13151
13394
11719
11477
12756
13014
12234
10886
12689
12906
11316
12899
13318
13384
9301
12607
13253
13524
12155
13647
13349
12831
11752
11177
13574
13541
11970
11525
12416
11622
10267
13054
13068
12523
9332
12812
13270
13060
12306
13163
13181
13439
10838
11320
13526
13290
11774
11961
12535
11385
10772
12778
12970
13300
8466
12232
12487
12237
12260
12421
12816
13165
11997
11524
13017
12836
12252
11725
12754
12270
11052
12779
13033
13315
9434
12704
13256
12909
11692
13218
13233
13124
11615
11705
13181
12994
12021
9340
13213
12538
11093
12948
12956
13063
9998
12989
13151
13161
12003
13210
13549
13287
12645
11538
13411
13300
12322
11648
13096
12796
11461
13155
13395
13162
9637
12738
13234
13384
12646
13604
13309
13249
12691
11454
13366
13456
12487
11678
12946
12198
10655
13166
12970
12994
9564
12823
13489
13362
12746
13450
13504
13069
13098
11813
13194
13297
12393
12068
13003
12803
11498
13307
13482
13337
11299
13272
13343
13346
12235
13478
13535
13214
12487
11331
13251
13577
12464
11645
12968
12614
10711
13347
13171
13443
10607
12879
13326
13444
12531
13388
13329
13159
11272
11483
13512
13572
12302
11493
12922
12660
11230
12409
12904
13250
10264
12941
13394
13250
11885
13469
13237
12849
12083
9839
13501
12810
11743
10314
13016
12727
9373
13360
11799
12863
9232
11639
12807
12933
10735
13075
12174
12718
12046
9419
13054
12846
10734
10553
13036
11902
9589
13217
12881
13409
8710
12975
13375
13551
12003
13621
13338
13388
12208
12107
13238
13601
12370
11702
13179
12960
10836
13497
13387
12951
9998
13094
12915
13688
12232
12909
13324
13339
12034
11610
13572
13186
12048
11933
13119
12962
10808
13373
13261
12673
8651
12330
13243
12324
12580
13294
13495
13079
12854
11802
13406
13603
12307
12195
13062
13056
11419
13458
13276
13426
9863
13103
13209
13336
12635
13601
13401
13291
12938
11091
13507
13703
12590
11623
12943
13263
10914
13450
13441
13234
9384
13246
13065
13377
12253
13343
13034
13322
12755
11502
13760
13344
12292
11601
12587
12961
10605
13400
13172
13354
8892
12971
12962
12900
12219
13303
13382
13184
12524
11898
13711
13357
12751
12097
13166
12666
10889
13311
13059
13275
10791
12853
13186
13393
12341
13390
13460
13182
12580
11789
13653
13326
12449
12039
13052
13032
11342
13395
13352
12874
10165
12667
13128
13030
12259
13226
13120
13318
12708
11676
13171
13100
11971
11658
12075
12308
11566
13233
12882
12614
9807
12647
13095
13076
12067
12884
12962
13255
11919
11913
13472
13087
12609
11803
11630
12528
11924
12688
13164
13016
9770
12988
12955
12152
12422
13449
13481
13352
12291
12114
13249
12982
12412
11927
13025
12638
11112
13055
13402
12691
9180
13088
13180
12483
12285
13620
13208
12455
12618
12053
13173
13397
12457
11511
12488
12414
11508
13108
12947
13080
10421
13196
12936
13441
12292
13143
13192
11664
13050
11954
12537
13332
12775
11567
12630
12636
11810
13187
13232
12864
8912
13382
12985
13225
12531
13218
13026
13239
12138
10791
13347
13435
11826
11614
12964
12700
9772
13159
13305
12528
9030
12938
12571
12266
11553
13438
13110
12924
12274
11721
12675
13497
12411
11435
12133
12797
10897
12500
13099
13067
10530
12507
13102
12746
12369
13223
12807
13257
12800
11895
13675
13446
12360
12184
13068
12667
11593
13592
13606
13086
9263
11916
13684
12889
11874
13376
13089
13160
13208
11896
12938
13302
12261
10937
12823
12509
11517
13493
12974
12089
8953
13088
13303
13586
11307
12975
13084
13594
12711
11590
13240
13154
12190
11963
11882
13133
11983
13406
12975
13121
9977
13035
13199
13109
11635
13367
13199
13147
11801
11372
13010
12748
12437
11926
12086
11267
10927
13293
13100
12853
10469
12448
12993
13351
11489
13206
13117
13141
12545
10973
13410
13047
11391
11092
12554
12354
9611
12745
12627
11639
10007
12042
12911
12029
11593
13208
13301
12655
10896
11509
13203
13158
11920
11449
12498
11945
10381
12817
12912
12806
9962
12760
12598
12991
11834
13312
12994
12806
12180
10982
13106
12814
11425
10447
12579
12800
11136
12952
12494
12827
9451
12303
12361
12692
11063
12937
12973
13085
12278
11111
13308
12958
12492
9888
12548
11989
11006
13393
13094
12801
10215
12414
12736
13365
11886
13442
13208
13179
12556
11399
13477
13290
12206
10893
13125
12547
10398
13256
13472
13341
10586
12727
13105
13072
11888
13578
13397
13527
12795
11289
12978
13472
11980
11738
12969
13248
10881
13549
12924
13276
9231
12823
13006
13502
12382
13447
13472
12871
12434
11530
13298
13445
11899
10566
12373
13011
10993
12887
13226
12543
9686
12832
12683
13441
11898
13714
12951
12672
12753
11765
13137
13235
12122
11221
12827
12680
11024
13059
13417
13205
10041
12679
13325
13215
12145
13544
13499
13205
12971
11418
13376
13275
12260
11034
12672
12753
11220
13598
13347
13314
9981
12927
13110
13250
12126
13131
13230
13459
12766
11449
13200
13334
11923
11797
12568
12961
11411
13219
13057
12839
10061
12804
12953
13258
11748
13125
12657
13152
12098
11347
13363
12871
11805
11573
12551
13086
10912
13381
13000
13230
8864
12517
13342
13016
12264
13078
13121
13111
10801
11526
13167
13086
11992
11426
11492
13378
11176
12876
12830
13406
9435
12807
12656
12928
12120
13062
13252
12522
12102
11666
13264
13483
11931
12042
12678
13270
10858
13557
13186
13150
9870
12378
13312
13683
12417
13807
13281
13387
12764
11437
13477
13646
12567
11463
13093
12784
11401
13445
13424
13152
10536
13083
13508
13291
12413
13254
13574
13338
12786
11232
13404
13587
12044
10784
12465
12628
9919
13020
13199
13151
8092
11805
12751
12881
10887
13103
12734
13131
12273
10025
12796
12787
12023
11138
13184
12898
11039
13805
13591
12992
9752
12964
13421
13626
12037
13353
13333
13381
12424
10915
13481
13457
12323
11236
12389
12906
11164
13359
13458
13108
9980
12953
13366
12663
11658
13560
12503
13311
12861
11800
13376
13335
11522
12002
12829
13171
11938
13352
13155
13341
9074
12867
13541
13285
12078
12490
13492
13018
12625
10788
13660
13459
12382
11780
12733
12896
11542
13477
13347
13380
9328
12942
13472
13119
12284
13508
13059
13445
12696
11596
13746
13666
12210
11581
13149
13112
11299
13633
13630
12844
8429
12917
13727
13658
12383
13391
13496
13655
12608
11287
13376
13454
12286
12039
12967
12907
10653
13413
13423
13318
9125
12746
13384
13368
12346
13367
13292
13286
12552
11362
13454
13462
12016
11629
13130
12661
10743
13407
13246
13335
8712
13128
13274
13615
12329
13132
13538
12791
12849
11508
13493
13702
12491
11670
12816
13009
11082
13472
13737
13229
8418
12484
13657
13635
12552
13241
13459
13392
12653
11575
13642
13586
12278
11814
12419
12963
9772
13464
13286
13482
8269
13189
13287
13536
12565
13305
13432
13406
12553
11003
13301
13556
12314
11584
13178
13208
10239
13382
13139
12983
7766
12629
13067
12891
12311
13505
13159
13255
12926
11184
13479
13046
12016
11492
12615
13248
11140
13628
13328
12798
7419
12974
13544
13302
12177
13519
13151
13298
12713
11299
13702
13198
12183
11349
12792
13244
11128
12948
13497
13179
7595
12938
13280
13350
11804
13034
13250
13171
12628
10985
13686
13371
12434
11465
12473
13092
11606
13183
13453
13113
8440
12709
13311
13344
12152
13557
13332
13228
12678
11486
13550
13324
12653
12272
13006
12932
11459
13297
13584
12698
7193
12822
13529
13214
12368
13379
13404
13297
12473
11199
13219
12878
12065
11802
12883
12792
11290
13386
13347
13390
8490
12988
13124
13202
12345
13533
13314
13319
12889
11457
13575
13422
12334
11647
13094
13111
11738
13412
13446
13300
8000
13095
13241
13264
11903
13478
13395
13091
12764
11073
13395
13237
11919
11831
13012
13003
11924
13215
13044
13461
8401
13084
13599
13406
12340
13372
13471
13500
12980
11857
13539
13547
12551
12244
13318
12889
11343
13537
13499
13359
8021
12558
13194
13731
12314
13371
13519
12938
12711
11611
12984
12759
12087
11959
12954
12987
11068
13225
13091
13280
9307
12900
13121
13477
12526
12987
13037
13330
12257
11492
12978
13303
12504
10799
12089
12898
11130
13346
13088
12661
8223
12633
13115
13249
12093
12978
13181
13172
11877
11907
12811
13085
12391
11803
