-42577.0
-37834.0
-40136.0
-31667.0
-28534.0
-38399.0
-33451.0
-35587.0
-24944.0
-41084.0
-40030.0
-29344.0
-27460.0
-34311.0
-34682.0
-42840.0
-29012.0
-22838.0
-27672.0
-43963.0
-45099.0
-25021.0
-18843.0
-35333.0
-29128.0
-37840.0
-34491.0
-22019.0
-40029.0
-35677.0
-34136.0
-36603.0
-29209.0
-30949.0
-29196.0
-27252.0
-40942.0
-33965.0
-20669.0
-24133.0
-25279.0
-35941.0
-28147.0
-36211.0
-16170.0
-25786.0
-33023.0
-29416.0
-23688.0
-24401.0
-18860.0
-30749.0
-26273.0
-17861.0
-22432.0
-22150.0
-29224.0
-30200.0
-31238.0
-23844.0
-14718.0
-20554.0
-27283.0
-30892.0
-22763.0
-24176.0
-23431.0
-29984.0
-33356.0
-29277.0
-24894.0
-30377.0
-46562.0
-24748.0
-24398.0
-19389.0
-24004.0
-17794.0
-20456.0
-22653.0
-14913.0
-24359.0
-28891.0
-24653.0
-23651.0
-29711.0
-34139.0
-31279.0
-23149.0
-40012.0
-30150.0
-25873.0
-20518.0
-22570.0
-21114.0
-27657.0
-14591.0
-24420.0
-20239.0
-19858.0
-21782.0
-21604.0
-44288.0
-16187.0
-28904.0
-28643.0
-23963.0
-22937.0
-20773.0
-15845.0
-30462.0
-21963.0
-21471.0
-25300.0
-20395.0
-41595.0
-20402.0
-18834.0
-23696.0
-28065.0
-28296.0
-26934.0
-23883.0
-28448.0
-20133.0
-17213.0
-27004.0
-25733.0
-23282.0
-19222.0
-25636.0
-29646.0
-26514.0
-22377.0
-23921.0
-18904.0
-30311.0
-24175.0
-23419.0
-30197.0
-12899.0
-19724.0
-19203.0
-28678.0
-13740.0
-19447.0
-22467.0
-23777.0
-19150.0
-28084.0
-14878.0
-24327.0
-25587.0
-20420.0
-28027.0
-31413.0
-24704.0
-24662.0
-14437.0
-33936.0
-16585.0
-11836.0
-19933.0
-16177.0
-11334.0
-20066.0
-33178.0
-21716.0
-26166.0
-22306.0
-19650.0
-24605.0
-28093.0
-19753.0
-22024.0
-22970.0
-6475.0
-16117.0
-17767.0
-17721.0
-14880.0
-12526.0
-34529.0
-14566.0
-17564.0
-20384.0
-25732.0
-31486.0
-12865.0
-35522.0
-27672.0
-10735.0
-17572.0
-13911.0
-18778.0
-22458.0
-19689.0
-12967.0
-9211.0
-15700.0
-17195.0
-22786.0
-31686.0
-9916.0
-17589.0
-12899.0
-25375.0
-24161.0
-11884.0
-16987.0
-17934.0
-16382.0
-7623.0
-13785.0
-15717.0
-20565.0
-8864.0
-14165.0
-26479.0
-16296.0
-18277.0
-20108.0
-14492.0
-18717.0
-15777.0
-19700.0
-16597.0
-16910.0
-19779.0
-16847.0
-27529.0
-26541.0
-20417.0
-13302.0
-15116.0
-12290.0
-32149.0
-20209.0
-12444.0
-16682.0
-11964.0
-14493.0
-19085.0
-27078.0
-19937.0
-20595.0
-20365.0
-20355.0
-13088.0
-14731.0
-15897.0
-16474.0
-14224.0
-12111.0
-28745.0
-25834.0
-21360.0
-11883.0
-23074.0
-16836.0
-13911.0
-14593.0
-15011.0
-13678.0
-8509.0
-10231.0
-23151.0
-20093.0
-17214.0
-20777.0
-30276.0
-30365.0
-28826.0
-16141.0
-22565.0
-21498.0
-11276.0
-15979.0
-18042.0
-18654.0
-14171.0
-14689.0
-31409.0
-24771.0
-13499.0
-22518.0
-28192.0
-26662.0
-9958.0
-29945.0
-14672.0
-23598.0
-10110.0
-18176.0
-7502.0
-19283.0
-7647.0
-16642.0
-24373.0
-12475.0
-23310.0
-23721.0
-21693.0
-21133.0
-17304.0
-13153.0
-18754.0
-14119.0
-13086.0
-15689.0
-12381.0
-15584.0
-11141.0
-17682.0
-21611.0
-16356.0
-6793.0
-10017.0
-28452.0
-25361.0
-23951.0
-14297.0
-13672.0
-15333.0
-9975.0
-11439.0
-11159.0
-17161.0
-15602.0
-12642.0
-35181.0
-16414.0
-11953.0
-16899.0
-13458.0
-12901.0
-19301.0
-10879.0
-9895.0
-10802.0
-13723.0
-9272.0
-9782.0
-20009.0
-8592.0
-22890.0
-19114.0
-10263.0
-10786.0
-9809.0
-8198.0
-11300.0
-25147.0
-18901.0
-8973.0
-19240.0
-9261.0
-11784.0
-6801.0
-10956.0
-10316.0
-13285.0
-9355.0
-12314.0
-13174.0
-10086.0
-9858.0
-10906.0
-14094.0
-14004.0
-21376.0
-11871.0
-37182.0
-12465.0
-17950.0
-15373.0
-10758.0
-7490.0
-14460.0
-11700.0
-15318.0
-12205.0
-15467.0
-9071.0
-9059.0
-20288.0
-21310.0
-23891.0
-6134.0
-25797.0
-11756.0
-33864.0
-7850.0
-10212.0
-11997.0
-6522.0
-14863.0
-8922.0
-7421.0
-8947.0
-22107.0
-8553.0
-17863.0
-12161.0
-6385.0
-7461.0
-13868.0
-20736.0
-12795.0
-17844.0
-27142.0
-8663.0
-10521.0
-13130.0
-17234.0
-32697.0
-9356.0
-11287.0
-9838.0
-9834.0
-7041.0
-14178.0
-9856.0
-12346.0
-13657.0
-8676.0
-11194.0
-24758.0
-9220.0
-15875.0
-9663.0
-14078.0
-31675.0
-11947.0
-17782.0
-6453.0
-14778.0
-10936.0
-10734.0
-9804.0
-13896.0
-13819.0
-22803.0
-18125.0
-4532.0
-7815.0
-12151.0
-27494.0
-14591.0
-17918.0
-9430.0
-4108.0
-25779.0
-10495.0
-15575.0
-17557.0
-23747.0
-21135.0
-6373.0
-11435.0
-7598.0
-11132.0
-11075.0
-6323.0
-4134.0
-6846.0
-6453.0
-14479.0
-6279.0
-7281.0
-8884.0
-5581.0
-20657.0
-13475.0
-7993.0
-3528.0
-16306.0
-9089.0
-9829.0
-13124.0
-8095.0
-6581.0
-9519.0
-4672.0
-5509.0
-9164.0
-9709.0
-14786.0
-10040.0
-9934.0
-19269.0
-14066.0
-6593.0
-8221.0
-8783.0
-9031.0
-7021.0
-6332.0
-8252.0
-14845.0
-10409.0
-9639.0
-20702.0
-4239.0
-15155.0
-9138.0
-6066.0
-11316.0
-13943.0
-4231.0
-11494.0
-4971.0
-7151.0
-8187.0
-13211.0
-14166.0
-6861.0
-6966.0
-11118.0
-16684.0
-8936.0
-7452.0
-9457.0
-7041.0
-7810.0
-16758.0
-6743.0
-5134.0
-12084.0
-9375.0
-7729.0
-15811.0
-15101.0
-7582.0
-11075.0
-10385.0
-7784.0
-6027.0
-8090.0
-12193.0
-7718.0
-10895.0
-13145.0
-17313.0
-13301.0
-8365.0
-7344.0
-9779.0
-7379.0
-15559.0
-5105.0
-13459.0
-10344.0
-5997.0
-9141.0
-10815.0
-8204.0
-12278.0
-5176.0
-8007.0
-6134.0
-7981.0
-7717.0
-6422.0
-12366.0
-4939.0
-7751.0
-8769.0
-6402.0
-8908.0
-6305.0
-9636.0
-9190.0
-5363.0
-5391.0
-5128.0
-6447.0
-5618.0
-9499.0
-12064.0
-3890.0
-3399.0
-9774.0
-3890.0
-5357.0
-10150.0
-12829.0
-16420.0
-5004.0
-16539.0
-9885.0
-7504.0
-3309.0
-5084.0
-6056.0
-8124.0
-9143.0
-14334.0
-6349.0
-6108.0
-6046.0
-10441.0
-11623.0
-4026.0
-7134.0
-4464.0
-16619.0
-5292.0
-5969.0
-6322.0
-6543.0
-7324.0
-12353.0
-4675.0
-7133.0
-11671.0
-4292.0
-4042.0
-4560.0
-10532.0
-6522.0
-6409.0
-14965.0
-17041.0
-3180.0
-4456.0
-7160.0
-3664.0
-8397.0
-6327.0
-10004.0
-3592.0
-9967.0
-15788.0
-4702.0
-3360.0
-13562.0
-3518.0
-5275.0
-7368.0
-3514.0
-3216.0
-6644.0
-7623.0
-15725.0
-17154.0
-14058.0
-5737.0
-4877.0
-6306.0
-4753.0
-7829.0
-5756.0
-21559.0
-5832.0
-9476.0
-8796.0
-25097.0
-6726.0
-5169.0
-6738.0
-5941.0
-5394.0
-6168.0
-6420.0
-8099.0
-8238.0
-12199.0
-6042.0
-19603.0
-6944.0
-15264.0
-13797.0
-9472.0
-5882.0
-3033.0
-5438.0
-7393.0
-19954.0
-8122.0
-3958.0
-5292.0
-16120.0
-6411.0
-13040.0
-3593.0
-8696.0
-5503.0
-6095.0
-22178.0
-5549.0
-6510.0
-4537.0
-6930.0
-5687.0
-14634.0
-5681.0
-3997.0
-12202.0
-10974.0
-4630.0
-3251.0
-5377.0
-6726.0
-5375.0
-8308.0
-4398.0
-26158.0
-5707.0
-3311.0
-9935.0
-4459.0
-6436.0
-4179.0
-3459.0
-8953.0
-3102.0
-3028.0
-10338.0
-10894.0
-12549.0
-7800.0
-5278.0
-11337.0
-14175.0
-15721.0
-8230.0
-7989.0
-16528.0
-7609.0
-5926.0
-6084.0
-12276.0
-6213.0
-4227.0
-8564.0
-6480.0
-8001.0
-5133.0
-8801.0
-3961.0
-3835.0
-3950.0
-3858.0
-2675.0
-4590.0
-8060.0
-4143.0
-2904.0
-6084.0
-2583.0
-3054.0
-4402.0
-4884.0
-4788.0
-3939.0
-5374.0
-6921.0
-13247.0
-3051.0
-7124.0
-4441.0
-10189.0
-10514.0
-12608.0
-15347.0
-5033.0
-9010.0
-13393.0
-5168.0
-7756.0
-4889.0
-15175.0
-6802.0
-7551.0
-16480.0
-4160.0
-8106.0
-6817.0
-5904.0
-1867.0
-6148.0
-13392.0
-8562.0
-7604.0
-11475.0
-13075.0
-9307.0
-12723.0
-14616.0
-6550.0
-5848.0
-4153.0
-10807.0
-3702.0
-13054.0
-6974.0
-9665.0
-6903.0
-18126.0
-10438.0
-8101.0
-7123.0
-10272.0
-7879.0
-9048.0
-9340.0
-5114.0
-3377.0
-10478.0
-6142.0
-4246.0
-4987.0
-6478.0
-5450.0
-12031.0
-2474.0
-3005.0
-4021.0
-4632.0
-4897.0
-9008.0
-4522.0
-4908.0
-2540.0
-11002.0
-3083.0
-2372.0
-10412.0
-2731.0
-7982.0
-7132.0
-5669.0
-3018.0
-12680.0
-2531.0
-7825.0
-3447.0
-2452.0
-3201.0
-4353.0
-4521.0
-10218.0
-8362.0
-4646.0
-4523.0
-26702.0
-3840.0
-11936.0
-3959.0
-3707.0
-3756.0
-10134.0
-12652.0
-11557.0
-3316.0
-3558.0
-4610.0
-3762.0
-3280.0
-4517.0
-4002.0
-2625.0
-2292.0
-3299.0
-4585.0
-4380.0
-3334.0
-5706.0
-3222.0
-4344.0
-2918.0
-12538.0
-2786.0
-3975.0
-3222.0
-3002.0
-4054.0
-2915.0
-2940.0
-3209.0
-2956.0
-6167.0
-2483.0
-4039.0
-3290.0
-5545.0
-7813.0
-3399.0
-6966.0
-4724.0
-2589.0
-2465.0
-3153.0
-4129.0
-5214.0
-2557.0
-5144.0
-4606.0
-1475.0
-4797.0
-3594.0
-3073.0
-3129.0
-6175.0
-11132.0
-11566.0
-6470.0
-4176.0
-5767.0
-9284.0
-9826.0
-10196.0
-4810.0
-9049.0
-6841.0
-7586.0
-10413.0
-8821.0
-10254.0
-6101.0
-6192.0
-10544.0
-3942.0
-9934.0
-18074.0
-21496.0
-10852.0
-10683.0
-4293.0
-14874.0
-9535.0
-4733.0
-3290.0
-3469.0
-8534.0
-5642.0
-5165.0
-5199.0
-5077.0
-6442.0
-3364.0
-5722.0
-5336.0
-3223.0
-2940.0
-4020.0
-4094.0
-6179.0
-4273.0
-2349.0
-3452.0
-3445.0
-2330.0
-7593.0
-8596.0
-3104.0
-8906.0
-4181.0
-2604.0
-5547.0
-3599.0
-3146.0
-8424.0
-6783.0
-5272.0
-3822.0
-6979.0
-9434.0
-4143.0
-7612.0
-15381.0
-17310.0
-8380.0
-8457.0
-5481.0
-7064.0
-9886.0
-14999.0
-7477.0
-6611.0
-6122.0
-8211.0
-7656.0
-9819.0
-9158.0
-6030.0
-5321.0
-6284.0
-5599.0
-8475.0
-3782.0
-8169.0
-7332.0
-7847.0
-8569.0
-6408.0
-4401.0
-6570.0
-5297.0
-5032.0
-7721.0
-6404.0
-8045.0
-9316.0
-9163.0
-5478.0
-2221.0
-5249.0
-9354.0
-20894.0
-5575.0
-13000.0
-3213.0
-7587.0
-8371.0
-4858.0
-6879.0
-7951.0
-7407.0
-10077.0
-5340.0
-10105.0
-8569.0
-7810.0
-5943.0
-17359.0
-19255.0
-6985.0
-7537.0
-8203.0
-10463.0
-6647.0
-9886.0
-3970.0
-6861.0
-14186.0
-6934.0
-4164.0
-4223.0
-14277.0
-11349.0
-5023.0
-8140.0
-6825.0
-8428.0
-3669.0
-9339.0
-6122.0
-10728.0
-7514.0
-6356.0
-20059.0
-6542.0
-3639.0
-20846.0
-6185.0
-3313.0
-4249.0
-5369.0
-7234.0
-7474.0
-4698.0
-5580.0
-8866.0
-16867.0
-4606.0
-7557.0
-4791.0
-10442.0
-2306.0
-8776.0
-9135.0
-2996.0
-6403.0
-3214.0
-8306.0
-11002.0
-3501.0
-6469.0
-14637.0
-4062.0
-13067.0
-3359.0
-4194.0
-9041.0
-8573.0
-14410.0
-4380.0
-14543.0
-5612.0
-10457.0
-4077.0
-2438.0
-4689.0
-6146.0
-4093.0
-3144.0
-5924.0
-6402.0
-5381.0
-4214.0
-9862.0
-7132.0
-1977.0
-7514.0
-13986.0
-10222.0
-3808.0
-4706.0
-2987.0
-17191.0
-2371.0
-2576.0
-2670.0
-5088.0
-5271.0
-3166.0
-8275.0
-5914.0
-4602.0
-2111.0
-5320.0
-2765.0
-3210.0
-4753.0
-2993.0
-3165.0
-6728.0
-2910.0
-3738.0
-4458.0
-3297.0
-2316.0
-2173.0
-2209.0
-5439.0
-2956.0
-5941.0
-3236.0
-2199.0
-9678.0
-5671.0
-3784.0
-4752.0
-4822.0
-5258.0
-4688.0
-6810.0
-7242.0
-7396.0
-12455.0
-8745.0
-10375.0
-5035.0
-7809.0
-27055.0
-8972.0
-9612.0
-15168.0
-4536.0
-13820.0
-9260.0
-18020.0
-7660.0
-15154.0
-8993.0
-10187.0
-14036.0
-14662.0
-15923.0
-6586.0
-19807.0
-18395.0
-17882.0
-13392.0
-15317.0
-7102.0
-14107.0
-13532.0
-24227.0
-9974.0
-13553.0
-17859.0
-4281.0
-14978.0
-9185.0
-8749.0
-10123.0
-10511.0
-5571.0
-8663.0
-3740.0
-6016.0
-3558.0
-7036.0
-1901.0
-6548.0
-8930.0
-14978.0
-9796.0
-10269.0
-5713.0
-6504.0
-8565.0
-3421.0
-6605.0
-3112.0
-5496.0
-6207.0
-4973.0
-6310.0
-4464.0
-2737.0
-2852.0
-7011.0
-2007.0
-2450.0
-8147.0
-7555.0
-10697.0
-3454.0
-9300.0
-3250.0
-3028.0
-4916.0
-3081.0
-2358.0
-4807.0
-2375.0
-7780.0
-10240.0
-3018.0
-8607.0
-2104.0
-8973.0
-8711.0
-5690.0
-8236.0
-4241.0
-4910.0
-7683.0
-6996.0
-8854.0
-5817.0
-6272.0
-6595.0
-4116.0
-4886.0
-7875.0
-5124.0
-8071.0
-4388.0
-3183.0
-8175.0
-8286.0
-3374.0
-10207.0
-4529.0
-8941.0
-4465.0
-5170.0
-5025.0
-6211.0
-2222.0
-2048.0
-18871.0
-15461.0
-6204.0
-6162.0
-7178.0
-10316.0
-20432.0
-9348.0
-9298.0
-7308.0
-14819.0
-8435.0
-7772.0
-9524.0
-11325.0
-8232.0
-9046.0
-10126.0
-6648.0
-9295.0
-9493.0
-8440.0
-4210.0
-9791.0
-7229.0
-10113.0
-4478.0
-5249.0
-2172.0
-12931.0
-6482.0
-22045.0
-4481.0
-11165.0
-20403.0
-13986.0
-18299.0
-12733.0
-20333.0
-30656.0
-20510.0
-13061.0
-18881.0
-17691.0
-22046.0
-12721.0
-21233.0
-9054.0
-23678.0
-13573.0
-7102.0
-13331.0
-19130.0
-19521.0
-16456.0
-8759.0
-18152.0
-6048.0
-7997.0
-18149.0
-13077.0
-13428.0
-12877.0
-13878.0
-9791.0
-10535.0
-5023.0
-13087.0
-11708.0
-10472.0
-30023.0
-16057.0
-9697.0
-12122.0
-12499.0
-13245.0
-5523.0
-10239.0
-9859.0
-2038.0
-9056.0
-9608.0
-7389.0
-6474.0
-8247.0
-6281.0
-6874.0
-13316.0
-3866.0
-18827.0
-14364.0
-4254.0
-6417.0
-5861.0
-4849.0
-4832.0
-7371.0
-18097.0
-4713.0
-2298.0
-4186.0
-3362.0
-5491.0
-3168.0
-4030.0
-2252.0
-15987.0
-9467.0
-11877.0
-4182.0
-9474.0
-3793.0
-3359.0
-9080.0
-10074.0
-4112.0
-5958.0
-6329.0
-19828.0
-10576.0
-6488.0
-4882.0
-7079.0
-11707.0
-11560.0
-6994.0
-2105.0
-2302.0
-6231.0
-7504.0
-2871.0
-1976.0
-2967.0
-8107.0
-19783.0
-12306.0
-16840.0
-2367.0
-9049.0
-7342.0
-9665.0
-11720.0
-2036.0
-20762.0
-8600.0
-9976.0
-16257.0
-5100.0
-13050.0
-11208.0
-12718.0
-16057.0
-14706.0
-13394.0
-20482.0
-15186.0
-14158.0
-24951.0
-16050.0
-15123.0
-15625.0
-14506.0
-14771.0
-14161.0
-25377.0
-24486.0
-14179.0
-14117.0
-16205.0
-16238.0
-12883.0
-14808.0
-12124.0
-12076.0
-12553.0
-8349.0
-8039.0
-7975.0
-13852.0
-3052.0
-15110.0
-10067.0
-16157.0
-11280.0
-5377.0
-15686.0
-5328.0
-12100.0
-12497.0
-6276.0
-23602.0
-6843.0
-4775.0
-18208.0
-8614.0
-9264.0
-5585.0
-8342.0
-7504.0
-12921.0
-5973.0
-3725.0
-9257.0
-4822.0
-3085.0
-3956.0
-7429.0
-3344.0
-4843.0
-3013.0
-2863.0
-4585.0
-5004.0
-4089.0
-2621.0
-2777.0
-6338.0
-3786.0
-3349.0
-7473.0
-6040.0
-4051.0
-2645.0
-3760.0
-7555.0
-4809.0
-2502.0
-2678.0
-2508.0
-3022.0
-2219.0
-2403.0
-4822.0
-2174.0
-3015.0
-2705.0
-4217.0
-2320.0
-6377.0
-2320.0
-3393.0
-2059.0
-2537.0
-2705.0
-5389.0
-3982.0
-10918.0
141.0
-3466.0
-2683.0
-2548.0
-2095.0
-3144.0
-3293.0
-3999.0
-3719.0
-2400.0
-4896.0
-6101.0
-7680.0
-2612.0
-6116.0
-2963.0
-5309.0
-6090.0
-6981.0
-21523.0
-12411.0
-4879.0
-3278.0
-4506.0
-5071.0
-8439.0
-6536.0
-5661.0
-2826.0
-4152.0
-2699.0
-3701.0
-2167.0
-3772.0
-22957.0
-2185.0
-7260.0
-14584.0
-2314.0
-5823.0
-2288.0
-2477.0
-2327.0
-6076.0
-2528.0
-2406.0
-5796.0
-2036.0
-2074.0
-2975.0
-4817.0
-3417.0
-4900.0
-6073.0
-3430.0
-13439.0
-5472.0
-3546.0
-6469.0
-12251.0
-5255.0
-12462.0
-7804.0
-10734.0
-5724.0
-8129.0
-8626.0
-8307.0
-5089.0
-6737.0
-7719.0
-7147.0
-20564.0
-11340.0
-13231.0
-1918.0
-8845.0
-19835.0
-9615.0
-7884.0
-6978.0
-6437.0
-5790.0
-8202.0
-7141.0
-5097.0
-3851.0
-16159.0
-4177.0
-3426.0
-3666.0
-3304.0
-4094.0
-3734.0
-2382.0
-2865.0
-2994.0
-6580.0
-2207.0
-6859.0
-7994.0
-6468.0
-8699.0
-3833.0
-7055.0
-8008.0
-7768.0
-5488.0
-7523.0
-3949.0
-3813.0
-6254.0
-5540.0
-17590.0
-6723.0
-19889.0
-2107.0
-9361.0
-4167.0
-2293.0
-3112.0
-2197.0
-6225.0
-5345.0
-7129.0
-5891.0
-12680.0
-17899.0
-19568.0
-2680.0
-14677.0
-5092.0
-7056.0
-7124.0
-17217.0
-6096.0
-15251.0
-7169.0
-2232.0
-6307.0
-2434.0
-6296.0
-8264.0
-8346.0
-2779.0
-7610.0
-7342.0
-5366.0
-6646.0
-5032.0
-13791.0
-6565.0
-4186.0
-2158.0
-4640.0
-15908.0
-6145.0
-6286.0
-4810.0
-14761.0
-4929.0
-20109.0
-16115.0
-3710.0
-7907.0
-7676.0
-7102.0
-7132.0
-19624.0
-4721.0
-4582.0
-8152.0
-5433.0
-5584.0
-3244.0
-8209.0
-8716.0
-6786.0
-5076.0
-2123.0
-13527.0
-13351.0
-5530.0
-4526.0
-2065.0
-2176.0
-6851.0
-3079.0
-2440.0
-18032.0
-13478.0
-1955.0
-3625.0
-8627.0
-11380.0
-1974.0
-13963.0
-2429.0
-7019.0
-2022.0
-1930.0
-13929.0
-10817.0
-3036.0
-11932.0
-10185.0
-3196.0
-3866.0
-2124.0
-1882.0
-3019.0
-2977.0
-18559.0
-3666.0
-19712.0
-2952.0
-2363.0
-6711.0
-5048.0
-5957.0
-3160.0
-4011.0
-4219.0
-2277.0
-8613.0
-3283.0
-6502.0
-14455.0
-2028.0
-4218.0
-10516.0
-2289.0
-4871.0
-4030.0
-4436.0
-2396.0
-6551.0
-4164.0
-7451.0
-8531.0
-4021.0
-2528.0
-2078.0
-3132.0
-2974.0
-2154.0
-3152.0
412.0
-4139.0
-20616.0
-13619.0
-2106.0
-23507.0
-20950.0
-23495.0
-22114.0
-22130.0
-17957.0
-17363.0
-26200.0
194.0
-23244.0
-21103.0
-24320.0
-25070.0
-16886.0
-21069.0
-25717.0
-21969.0
-17395.0
-14094.0
-16531.0
-13804.0
-21379.0
-22583.0
-13447.0
-17471.0
-19637.0
-16072.0
-13539.0
-20296.0
-15868.0
-12948.0
-9976.0
-11446.0
-15008.0
-11477.0
-11479.0
-11053.0
-10180.0
-7565.0
-1076.0
-12913.0
-4655.0
-474.0
-8292.0
-5521.0
-9058.0
-4685.0
-7668.0
-4307.0
-2869.0
-8079.0
-2261.0
-9259.0
-2835.0
-2848.0
-5805.0
-2296.0
-11761.0
-3297.0
-3135.0
-2808.0
-2886.0
-4399.0
-5186.0
-2113.0
-4798.0
-3161.0
-5069.0
-2123.0
-5658.0
-2156.0
-2463.0
-7487.0
-7832.0
-4538.0
-2377.0
-5464.0
-5196.0
-2210.0
-8130.0
-2946.0
-7905.0
-2187.0
-2147.0
-12028.0
-4638.0
-2305.0
-2232.0
-3693.0
-4861.0
-1988.0
-7123.0
-6201.0
-5673.0
-2364.0
-2185.0
-2216.0
-5592.0
-5186.0
-2534.0
-1972.0
-2299.0
-6500.0
-2714.0
-4115.0
-3775.0
-7793.0
-8361.0
-8124.0
-8686.0
-8216.0
-5068.0
-5091.0
-5953.0
-9572.0
-5045.0
-4777.0
-6416.0
-8093.0
-15149.0
-7845.0
-34411.0
-6566.0
-5814.0
-7075.0
-3493.0
-14678.0
-4536.0
-5583.0
-5658.0
-8709.0
-2017.0
-2494.0
-6414.0
-7390.0
-20171.0
-9434.0
-3777.0
-5390.0
-4749.0
-9251.0
-4045.0
-18904.0
-2032.0
-2835.0
-14926.0
-2359.0
-2020.0
-2023.0
-2879.0
-7049.0
-12963.0
-4066.0
-2757.0
-5070.0
-4661.0
-4625.0
-1963.0
-6564.0
-2628.0
-3000.0
-3322.0
-2422.0
-3385.0
-2491.0
-4402.0
-3066.0
-2224.0
-2169.0
-2865.0
-2124.0
-11210.0
-4505.0
-2592.0
-2193.0
-4713.0
-4400.0
-2436.0
-2142.0
-8119.0
-4037.0
-3144.0
-6140.0
-2267.0
-6627.0
-5496.0
-3907.0
-6970.0
-4458.0
-6662.0
-9410.0
-7313.0
-2265.0
-2244.0
-9882.0
-6757.0
-4137.0
-5302.0
-4026.0
-6737.0
-5658.0
-7151.0
-6472.0
-3567.0
-3067.0
-6003.0
-3761.0
-8435.0
-7051.0
-7851.0
-5089.0
-7859.0
-9674.0
-8743.0
-3974.0
-16585.0
-12783.0
-3060.0
-7757.0
-2460.0
-8738.0
-14387.0
-7290.0
-11368.0
-8947.0
-5729.0
-8485.0
-8442.0
-2321.0
-9433.0
-3287.0
-10834.0
-1993.0
-2117.0
-9524.0
-4686.0
-3624.0
-9070.0
-10073.0
-6327.0
-6809.0
-5521.0
-10034.0
-5030.0
-7535.0
-5959.0
-2004.0
-6836.0
-2015.0
-9050.0
-10339.0
-4922.0
-2037.0
-6584.0
-7681.0
-6461.0
-4174.0
-9540.0
-6912.0
-2551.0
-3814.0
-6360.0
-5572.0
-6934.0
-8173.0
-6962.0
-4972.0
-6806.0
-6157.0
-5472.0
-13669.0
-4630.0
-9229.0
-3456.0
-4556.0
-5764.0
-9709.0
-8192.0
-6052.0
-8145.0
-6422.0
-2246.0
-7920.0
-4194.0
-2799.0
-7653.0
-4341.0
-6709.0
-2098.0
-2019.0
-3133.0
-8468.0
-5504.0
-3659.0
-2513.0
-5201.0
-1956.0
-2587.0
-2017.0
-12766.0
-10603.0
-2122.0
-4916.0
-2658.0
-2870.0
-2145.0
-5284.0
-5609.0
-4148.0
-2478.0
-13440.0
-3224.0
-5672.0
-2572.0
-10250.0
-1898.0
-9062.0
-4588.0
-2001.0
-2814.0
-2749.0
-16014.0
-4316.0
-1969.0
-10039.0
-4532.0
-4650.0
-4963.0
-3042.0
-2949.0
-5994.0
-2018.0
-4183.0
-5113.0
-6698.0
-9029.0
-6276.0
-7947.0
-4175.0
-1994.0
-5704.0
-4256.0
-2257.0
-1163.0
-5139.0
-7426.0
-5268.0
-8838.0
-5964.0
-18214.0
-10382.0
-7671.0
-9349.0
-9201.0
-9759.0
-6977.0
-19974.0
-45514.0
-11669.0
-22698.0
-15386.0
-11582.0
-14021.0
-36913.0
-36702.0
-10509.0
-9547.0
-9081.0
-10532.0
-9504.0
-10543.0
-9756.0
-8600.0
-10168.0
-10633.0
-7631.0
-30916.0
-20457.0
-8541.0
-13586.0
-8507.0
-29508.0
-8475.0
-8108.0
-7601.0
-9614.0
-7420.0
-8990.0
-9434.0
-29816.0
-8903.0
-7794.0
-17939.0
-11016.0
-9015.0
-9190.0
-22026.0
-8432.0
-9854.0
-16913.0
-7895.0
-9078.0
-21972.0
-8158.0
-9089.0
-6517.0
-43879.0
-13273.0
-9059.0
-10002.0
-7551.0
-21424.0
-12228.0
-8930.0
-18004.0
-17196.0
-7501.0
-6698.0
-5489.0
-13592.0
-9578.0
-7300.0
-8719.0
238.0
-8077.0
-19192.0
-5687.0
-6127.0
-6201.0
-2384.0
-7295.0
-6242.0
-3123.0
-7971.0
-2312.0
-15143.0
-15726.0
-15519.0
-4801.0
-14779.0
-2267.0
-15147.0
-16284.0
-11722.0
-12747.0
-4983.0
-2177.0
-2117.0
-2304.0
-13434.0
-4324.0
-2027.0
-2095.0
-8778.0
-11549.0
-9208.0
112.0
-9616.0
-11435.0
-11261.0
-11449.0
-20030.0
-19920.0
-23209.0
-12345.0
-18040.0
-11962.0
-11570.0
-12031.0
-13260.0
-10976.0
-12575.0
-10427.0
-12172.0
-9219.0
-9713.0
-109.0
-10965.0
-21603.0
-187.0
-1505.0
-11064.0
-10409.0
-10087.0
-17844.0
-10.0
-8724.0
-7898.0
-7673.0
-3897.0
-4429.0
-3151.0
-10919.0
-2530.0
-7590.0
-2411.0
-2205.0
-4163.0
-12252.0
-4376.0
-2279.0
-14983.0
-2405.0
-2660.0
-6532.0
-3252.0
-2309.0
-4971.0
-11369.0
-2362.0
-2358.0
-2105.0
-3508.0
-2062.0
-3183.0
-2127.0
-3139.0
-3103.0
-3306.0
-2937.0
-18267.0
-5904.0
-3109.0
-1844.0
-3350.0
-3874.0
-4313.0
-4261.0
-2515.0
-2176.0
-3718.0
-2979.0
-1986.0
-2359.0
-2001.0
-2928.0
-2358.0
-3463.0
-2326.0
-3117.0
-2580.0
-3513.0
-2302.0
-2301.0
-2229.0
-2275.0
-2164.0
-2066.0
-1924.0
-5048.0
-13727.0
-3823.0
-5262.0
-3261.0
-2998.0
-4245.0
-6801.0
-4054.0
-2475.0
-2583.0
-3059.0
-3705.0
-4057.0
-4554.0
-2323.0
-3653.0
-6324.0
-2023.0
-3118.0
-2138.0
-2823.0
-2395.0
-3966.0
-2331.0
-2127.0
-2444.0
-1795.0
-7280.0
-2036.0
-3312.0
-2145.0
-2439.0
-8477.0
-2141.0
-5120.0
-3188.0
-4870.0
-2884.0
-2444.0
-2328.0
-4120.0
-2619.0
-2317.0
-6249.0
-7863.0
-5921.0
-1967.0
-2012.0
-5887.0
-8923.0
-6949.0
-3178.0
-8126.0
-3534.0
-4835.0
-4156.0
-6998.0
-4786.0
-6206.0
-10033.0
-9147.0
-4570.0
-5862.0
-10379.0
-2306.0
-4989.0
-7576.0
-3035.0
-2090.0
-5834.0
-2552.0
-7247.0
-2860.0
501.0
-8814.0
-7016.0
-3454.0
-7477.0
-2437.0
-5225.0
-2909.0
-14301.0
-2101.0
-12868.0
-2014.0
-7051.0
-3430.0
-7576.0
-2276.0
-1980.0
-5580.0
-8326.0
-3997.0
-2015.0
-2430.0
-5908.0
-2231.0
-1947.0
-1867.0
-2603.0
-2893.0
-2141.0
-2415.0
-2749.0
-13420.0
-3100.0
-2024.0
-2088.0
-2846.0
-2566.0
-2530.0
-2972.0
-2333.0
-4139.0
-2220.0
-4186.0
-7692.0
-3326.0
-3048.0
-2028.0
-2092.0
-5993.0
-2684.0
-2240.0
-4104.0
-4935.0
-7997.0
-6594.0
-2111.0
-1903.0
-5246.0
-4522.0
-2303.0
-4063.0
-3835.0
-1787.0
-5314.0
-9159.0
-6914.0
-5722.0
-5296.0
-8323.0
-7621.0
-8204.0
-8954.0
-1854.0
-2857.0
-2895.0
-7777.0
-4932.0
-8036.0
-4581.0
-3853.0
-7360.0
-2353.0
-15111.0
-7591.0
-7206.0
-2135.0
-7074.0
-12919.0
-2954.0
-3213.0
-2246.0
-5390.0
-5379.0
-6518.0
-7172.0
-16432.0
-7241.0
-11698.0
-24722.0
-8433.0
-4086.0
-4666.0
-2657.0
-8132.0
-6024.0
-8767.0
-6940.0
-2983.0
-1868.0
-7985.0
-4523.0
448.0
-2817.0
-7563.0
-7499.0
-8457.0
-6440.0
-34137.0
-37625.0
-34353.0
-7718.0
-7445.0
-9935.0
-8078.0
-28433.0
-8751.0
-28753.0
-33424.0
-8806.0
-17005.0
-18796.0
-9558.0
-11846.0
-34122.0
-32988.0
-14655.0
-10180.0
-9327.0
-10150.0
-8952.0
-10876.0
-10805.0
-23161.0
-8301.0
-33598.0
-10901.0
-9885.0
-9484.0
-9087.0
-7906.0
-11094.0
-7595.0
-6523.0
-8605.0
-7530.0
-8995.0
-9483.0
-5482.0
-10064.0
-8748.0
-8449.0
-9039.0
-9771.0
-8917.0
-11401.0
-8587.0
-7362.0
-7702.0
-6311.0
-8051.0
-7668.0
-7348.0
-8536.0
-7634.0
-8413.0
-9492.0
-10565.0
-7047.0
-6057.0
-5644.0
-9342.0
-8749.0
-6270.0
-7476.0
-10604.0
-8015.0
-9781.0
-8315.0
-7704.0
-7273.0
-8135.0
-4266.0
-8178.0
-9368.0
-9339.0
-6900.0
-7298.0
-6937.0
-9850.0
-7556.0
-4826.0
-7645.0
-2825.0
-8107.0
-9433.0
-6513.0
-2118.0
-6583.0
-3958.0
-1972.0
-11457.0
-7188.0
-4139.0
-4454.0
-2409.0
-2328.0
343.0
-4515.0
-3909.0
-13219.0
-5678.0
-4779.0
-4759.0
-2212.0
-3154.0
-1824.0
-2722.0
-6532.0
-4314.0
-2044.0
-6406.0
-2978.0
-3280.0
-4651.0
-1977.0
-22324.0
-2620.0
-2749.0
-2572.0
-4313.0
-15597.0
-2217.0
-12680.0
-4296.0
-3042.0
-2246.0
-4040.0
-3181.0
-11239.0
-17245.0
-2558.0
-3303.0
-2347.0
-6830.0
-5182.0
-3461.0
-2739.0
-2035.0
-4106.0
-4693.0
-2028.0
-4888.0
-4228.0
-14966.0
-3767.0
-2354.0
-2156.0
-2625.0
-3341.0
-2175.0
-5275.0
-2609.0
-1824.0
-1884.0
-3081.0
-1911.0
-15472.0
-1852.0
-2082.0
-2161.0
-2693.0
-11990.0
-11814.0
-1946.0
-4118.0
-4781.0
-2467.0
-11422.0
-12143.0
-3372.0
-2257.0
-2139.0
-1772.0
-4268.0
-3188.0
-2061.0
-2635.0
-2839.0
-6124.0
-12136.0
-1860.0
-21342.0
-2691.0
-4501.0
-1943.0
-2180.0
-2384.0
-2992.0
-1873.0
-2150.0
-4261.0
-1865.0
-2765.0
-6738.0
-4437.0
-2281.0
-1835.0
-2309.0
-4844.0
-1914.0
-3062.0
-2157.0
-3439.0
-7693.0
-1897.0
-6602.0
-2546.0
-3754.0
-2035.0
-2307.0
-5648.0
-3013.0
-3129.0
-1978.0
-1961.0
-4216.0
-2680.0
-2470.0
-3311.0
-2298.0
-2825.0
-3407.0
-3854.0
-5102.0
-2845.0
-2155.0
-2994.0
-1991.0
-4123.0
-2715.0
-3124.0
-1880.0
-2034.0
-6469.0
-5887.0
-2020.0
-1905.0
-1832.0
-2116.0
-6719.0
-6799.0
-3210.0
-4085.0
-2039.0
-2392.0
-2864.0
-2047.0
-3798.0
-2535.0
-2960.0
-1975.0
-2346.0
-1877.0
-1974.0
-2050.0
-2082.0
-4163.0
-3984.0
-2982.0
-4986.0
-2625.0
-5040.0
-4104.0
-2105.0
-5454.0
-4479.0
-2276.0
-5122.0
-7705.0
-6774.0
-5409.0
-2954.0
-3863.0
-6696.0
-7554.0
-9167.0
-7929.0
-2748.0
-5405.0
-2989.0
-8621.0
-6728.0
-2652.0
-6677.0
-2368.0
-2086.0
-5055.0
-5258.0
-3970.0
-2297.0
-2247.0
-2910.0
-3684.0
-5734.0
-3319.0
-4570.0
622.0
-2128.0
-4314.0
-8365.0
-2042.0
-2204.0
-4478.0
-4481.0
-1933.0
-1889.0
-2522.0
-5460.0
-2026.0
-1997.0
-2956.0
-2946.0
-3228.0
-2146.0
-1946.0
-2897.0
-2764.0
-2982.0
-3355.0
-2227.0
-14379.0
-4451.0
-9045.0
-5045.0
-2335.0
-5263.0
-1947.0
-4436.0
-6593.0
-9706.0
-8310.0
-12306.0
-7997.0
-7179.0
-7122.0
-3008.0
-8258.0
-5633.0
-7454.0
-5681.0
-7349.0
-3460.0
-7184.0
-8304.0
-2651.0
-6353.0
-7457.0
-3005.0
-8813.0
-13433.0
-7225.0
-18358.0
-3962.0
-7624.0
-5944.0
-2872.0
-4830.0
-5399.0
-5639.0
-2467.0
-3500.0
-8834.0
-2039.0
-3831.0
-7493.0
-7718.0
-2354.0
-5725.0
-1905.0
-3734.0
-2194.0
-5266.0
-1916.0
-2183.0
-2877.0
-1904.0
-2616.0
-2506.0
-4734.0
-5316.0
-1807.0
-2961.0
-3557.0
-3735.0
-3030.0
-5935.0
-4165.0
-2841.0
-6340.0
-2927.0
-8371.0
-3901.0
-5969.0
-5136.0
-2535.0
-11008.0
-1844.0
-6247.0
-3325.0
-5470.0
-1897.0
-4292.0
-7646.0
-2102.0
-4371.0
-1783.0
-4750.0
-5627.0
-1904.0
-1955.0
-2683.0
-3212.0
-3011.0
-1938.0
-1967.0
-5928.0
-2490.0
-2390.0
-5534.0
-2129.0
-2993.0
-2190.0
-3417.0
-2450.0
-1956.0
-2169.0
-1867.0
-2037.0
-6488.0
-4924.0
-2445.0
-4850.0
-6910.0
-7325.0
-5869.0
-3997.0
-4127.0
-1979.0
-2199.0
-5238.0
-8936.0
-4719.0
-7746.0
-7761.0
-161.0
-7608.0
-2039.0
-4765.0
-8407.0
-1921.0
-6243.0
-8339.0
-7094.0
-6726.0
-7600.0
-5106.0
-7356.0
-7166.0
-1955.0
-7236.0
-7788.0
-5321.0
-3774.0
-7891.0
-6486.0
-7357.0
-7922.0
-7979.0
-2080.0
-4141.0
-5316.0
-7462.0
-7131.0
-13245.0
-2807.0
-2064.0
-7661.0
-2600.0
-5874.0
-7106.0
-1842.0
-5861.0
-2608.0
-2466.0
-2503.0
-2276.0
-3897.0
-2566.0
-2816.0
-4190.0
-7037.0
-3013.0
-2584.0
-4398.0
-18414.0
-2347.0
-4291.0
-2151.0
-8399.0
-6358.0
-1910.0
-2195.0
-4187.0
-1971.0
-5694.0
-1801.0
-3540.0
-3073.0
-3101.0
-4257.0
-2561.0
-2555.0
-3483.0
-4173.0
-3523.0
-3050.0
-2609.0
-2941.0
-3348.0
-4486.0
-2931.0
-3039.0
-4600.0
-7640.0
-1964.0
-1922.0
-1967.0
-2079.0
-2200.0
-3598.0
-3332.0
-1999.0
-2061.0
-1823.0
-4285.0
-3185.0
-1926.0
-1885.0
-2361.0
-2379.0
-4139.0
-1974.0
-5870.0
-2059.0
-7155.0
-7003.0
-6973.0
-2160.0
-3351.0
-2140.0
-6380.0
-2202.0
-1793.0
-5375.0
-3116.0
-5450.0
-7167.0
-1890.0
-5310.0
-2520.0
-5537.0
-5753.0
-1880.0
-6761.0
-5983.0
-3957.0
-4548.0
-4845.0
-1938.0
-4073.0
-7958.0
-7392.0
-4431.0
-7853.0
-7370.0
-5766.0
-2997.0
-2612.0
-5553.0
-5475.0
590.0
-6887.0
-2673.0
-5765.0
-6607.0
-4684.0
-6175.0
-6473.0
-5689.0
-5026.0
-2278.0
-1991.0
-2626.0
-2410.0
-3217.0
-4706.0
-7114.0
-5921.0
-4341.0
-7885.0
-3016.0
-2198.0
-5389.0
-17780.0
-1772.0
-2024.0
-10351.0
-1947.0
-12077.0
-3250.0
-9348.0
-3604.0
-3314.0
-5247.0
-1855.0
-2342.0
-2307.0
-7533.0
-4490.0
-10437.0
-3105.0
-8024.0
-4666.0
-3696.0
-1978.0
-6873.0
-3036.0
-3158.0
-6782.0
-7470.0
-4623.0
-1870.0
-3953.0
-3849.0
-2535.0
-1872.0
-5928.0
-3093.0
-2306.0
-2253.0
-3224.0
-5155.0
-7818.0
-2054.0
-7558.0
-4376.0
-2056.0
-7349.0
-3458.0
-2776.0
-6658.0
-6590.0
-1822.0
-6258.0
-4649.0
-1958.0
-5447.0
-7288.0
-2082.0
-7155.0
-2548.0
-2669.0
-6280.0
-4469.0
-8798.0
-2445.0
-8399.0
-4630.0
-6392.0
-4947.0
-2917.0
-2083.0
-7217.0
-5816.0
-6760.0
-5757.0
-2856.0
-4969.0
-4833.0
-8469.0
-3993.0
-3125.0
-2616.0
-3889.0
-4409.0
-6798.0
-6378.0
-2771.0
-7219.0
-7611.0
-2192.0
-1950.0
-2722.0
-2482.0
-2228.0
-2245.0
-1824.0
-2039.0
-3806.0
333.0
-5035.0
-2115.0
-6590.0
-1959.0
-1830.0
-7001.0
-2879.0
-4048.0
-3397.0
-1966.0
-3517.0
-2608.0
-3076.0
-6441.0
-4695.0
-2356.0
-2671.0
-6920.0
-4098.0
-2308.0
-8293.0
-5855.0
-3577.0
-11180.0
-4734.0
-3232.0
-1968.0
-1993.0
-6184.0
-2689.0
-3220.0
-6872.0
-3040.0
-1833.0
-3080.0
-5261.0
-5943.0
-3130.0
-6630.0
-7079.0
-3960.0
-3223.0
-5281.0
-2026.0
-2564.0
-5588.0
-2109.0
-4373.0
-5908.0
-3069.0
-1986.0
-5688.0
-4960.0
-4312.0
-5270.0
-3166.0
-7713.0
-2928.0
-3934.0
-2537.0
-2437.0
-2432.0
-3060.0
-4458.0
-8345.0
-2264.0
-2352.0
-4366.0
-1849.0
-3178.0
-4186.0
-4251.0
-3343.0
-5846.0
-5861.0
-3160.0
-2562.0
-4773.0
-5173.0
-7259.0
-1870.0
-6529.0
-3976.0
-9042.0
-1989.0
-1983.0
-1942.0
-5213.0
-1900.0
-9201.0
-4128.0
-1961.0
-8546.0
-5589.0
-5008.0
-3955.0
-4924.0
-2156.0
-4743.0
-4588.0
-5054.0
-6634.0
-2146.0
-2056.0
-1938.0
-6579.0
-3221.0
-2633.0
-4587.0
-2065.0
-2662.0
-2395.0
-3097.0
-1994.0
-5235.0
-2366.0
-3671.0
-6239.0
-2756.0
-2169.0
-5922.0
-2009.0
-3644.0
-5839.0
-2986.0
-7863.0
-3027.0
-6621.0
-2726.0
-7424.0
-4659.0
-6559.0
-2099.0
-1767.0
-8233.0
-1938.0
-2124.0
-7810.0
-2009.0
-2596.0
-1959.0
-2020.0
-2714.0
-2007.0
-2423.0
-2860.0
-6632.0
-4160.0
-7109.0
-2144.0
-7253.0
-3561.0
-1759.0
-8246.0
-7510.0
-1878.0
-7631.0
-6160.0
-2132.0
-9178.0
-6152.0
-7485.0
-7317.0
-2363.0
-3648.0
-2213.0
-8043.0
-2239.0
-1837.0
-2894.0
-5383.0
-2351.0
-1835.0
-4195.0
-3921.0
-2029.0
-2481.0
-6646.0
-7309.0
-4877.0
-3956.0
-5450.0
-4641.0
-6172.0
-7239.0
-5611.0
-3909.0
-2895.0
-1789.0
-4187.0
-2383.0
-1907.0
-3907.0
-2492.0
-2585.0
-3324.0
-3022.0
-1993.0
-3338.0
-6493.0
-4344.0
-2414.0
-2102.0
-5770.0
-4354.0
-3051.0
-3741.0
-4300.0
-3136.0
-5408.0
-5751.0
-3626.0
-5340.0
-5584.0
-4183.0
-2298.0
-2271.0
-6258.0
-3460.0
-7965.0
-2944.0
-7210.0
-6999.0
-24723.0
-4544.0
-4474.0
-1879.0
-2011.0
-7757.0
-4138.0
-4753.0
-7594.0
-5629.0
-5175.0
-15736.0
-5527.0
-8417.0
-7983.0
-6648.0
-8323.0
-6914.0
-6802.0
-1995.0
-5454.0
-8133.0
-6162.0
-4811.0
-3997.0
-3613.0
-4303.0
-3012.0
-2345.0
-2842.0
-7586.0
-1990.0
-2052.0
-2055.0
-2048.0
-1944.0
-18821.0
-2954.0
-2609.0
-5410.0
-4503.0
-3454.0
-2090.0
-2328.0
-2265.0
-7515.0
-3278.0
-2395.0
-2229.0
-4168.0
-2091.0
-12593.0
-2008.0
-2587.0
-12702.0
-7499.0
-2973.0
-1838.0
-7553.0
-6548.0
-11103.0
-2072.0
-2185.0
-2297.0
-6049.0
-8078.0
-1913.0
-1911.0
-2879.0
-2421.0
-7732.0
-6848.0
-5687.0
-6411.0
-4948.0
-4980.0
-2085.0
-1873.0
-4573.0
-3255.0
-5894.0
-1962.0
-3568.0
-2403.0
-2102.0
-1896.0
-1977.0
-2998.0
-2406.0
-5379.0
-3032.0
-3627.0
-2444.0
-2443.0
-3960.0
-5410.0
-2168.0
-10629.0
-2511.0
-4263.0
-7005.0
-2967.0
-2131.0
-2075.0
-4834.0
-2465.0
-2740.0
-4575.0
-1781.0
-5582.0
-1772.0
-2714.0
-4962.0
-2070.0
-5857.0
-6151.0
-4657.0
-6954.0
-5230.0
-6243.0
-3393.0
-6291.0
-4621.0
-4742.0
-4431.0
-2802.0
-8493.0
-3354.0
-2359.0
-1857.0
-1969.0
-3076.0
-2762.0
-4006.0
-1889.0
-7628.0
-22571.0
-2524.0
-4953.0
-5377.0
-4269.0
-9711.0
-2295.0
-3957.0
-4906.0
-3776.0
-8759.0
-6048.0
-6441.0
-3489.0
-4972.0
-12622.0
-4480.0
-2346.0
-5845.0
-5299.0
-8294.0
-1856.0
-9122.0
-6883.0
-8072.0
-9627.0
-7178.0
-2018.0
-2614.0
-5689.0
-1947.0
-2020.0
-4897.0
-5934.0
-5021.0
-4076.0
-3363.0
-6502.0
-2944.0
-3604.0
-4029.0
-1834.0
-5172.0
-5651.0
-4308.0
-2956.0
-2702.0
-6227.0
-3069.0
-5519.0
-9315.0
-6725.0
-2450.0
-3010.0
-1887.0
-2000.0
-2696.0
-3495.0
-4832.0
-2733.0
-2287.0
-6456.0
-8018.0
-3365.0
-2056.0
-3191.0
-2196.0
-5427.0
-4190.0
-5900.0
-5226.0
-2835.0
-2366.0
-6206.0
-5558.0
-7260.0
-1973.0
-1938.0
-3915.0
-3703.0
-6374.0
-4515.0
-5599.0
-8154.0
-5425.0
91.0
-5885.0
-5502.0
-6408.0
-5873.0
-6244.0
-4577.0
-3408.0
-6925.0
-5599.0
-14696.0
-18016.0
-2018.0
-2091.0
-7925.0
-10470.0
-6351.0
-6268.0
-6850.0
-2015.0
-6772.0
-16101.0
-7183.0
-5210.0
-19470.0
-18864.0
-5876.0
-16149.0
-5759.0
-12435.0
-6261.0
-4417.0
-20095.0
-9428.0
-9995.0
-14149.0
-7466.0
-6135.0
-14895.0
-16389.0
-4411.0
-5169.0
-1955.0
-13487.0
-8113.0
-2096.0
-6756.0
-1959.0
-12900.0
-3278.0
-3533.0
-6851.0
-3215.0
-8400.0
-8465.0
-2012.0
-2054.0
-9013.0
-2055.0
-2116.0
-8182.0
-17154.0
-5180.0
-4558.0
-1972.0
-3083.0
-3520.0
-19028.0
-6524.0
-6558.0
-9608.0
-3507.0
-2639.0
-9159.0
-4666.0
-5435.0
-6917.0
-17055.0
-8608.0
-32868.0
-5447.0
-7017.0
-11416.0
-7927.0
-8362.0
-7565.0
-4444.0
-5297.0
-6748.0
-1809.0
-8280.0
-2446.0
-3305.0
-7984.0
-9709.0
-2304.0
-5134.0
-4168.0
-3099.0
-6360.0
-2927.0
-7214.0
-9427.0
-5011.0
-5848.0
-6586.0
-4686.0
-5287.0
-5063.0
-2850.0
-6390.0
-9563.0
-6974.0
-5049.0
-4069.0
-6796.0
-2426.0
-7450.0
-2192.0
-9952.0
-10821.0
-2444.0
-2252.0
-2188.0
-33333.0
-2869.0
-8661.0
-2096.0
-8836.0
-2009.0
-10977.0
-1865.0
-3785.0
-10413.0
-13991.0
-3721.0
-2987.0
-37277.0
-2493.0
-10425.0
-10082.0
-3665.0
-3092.0
-2824.0
-2862.0
-10874.0
-2188.0
-7488.0
-2650.0
-7958.0
-6860.0
-7837.0
-4053.0
-3194.0
-7779.0
-1860.0
-1905.0
-32389.0
-1927.0
-9819.0
-1848.0
-10666.0
-10278.0
-2946.0
-8626.0
-10047.0
-3825.0
-2549.0
-34365.0
-36387.0
-1993.0
-8188.0
-3400.0
-4773.0
-6281.0
-6805.0
-30941.0
-2167.0
-3890.0
-10101.0
-36835.0
-2060.0
-9761.0
-2054.0
-4438.0
-2524.0
-8588.0
-5716.0
-6899.0
105.0
-8538.0
-13845.0
-5694.0
-8190.0
-4150.0
-6586.0
-6382.0
-7479.0
-7564.0
-7810.0
-2714.0
-36015.0
-5120.0
-10005.0
-10256.0
-7151.0
-8738.0
-9823.0
-30713.0
-7984.0
-36972.0
-19590.0
-9087.0
-9280.0
-8920.0
-9790.0
-37162.0
-9152.0
-8978.0
-19999.0
-11241.0
-7894.0
-7932.0
-9397.0
-8821.0
-11672.0
532.0
-7934.0
-7662.0
-7678.0
-7718.0
-8594.0
-30956.0
-2604.0
-13657.0
-8238.0
-7300.0
-7680.0
-8203.0
-2592.0
-6341.0
-7690.0
-7173.0
-13689.0
-7125.0
-4691.0
-7411.0
-2057.0
-5495.0
-8784.0
-4576.0
-4458.0
-2765.0
-10766.0
-3165.0
-4019.0
-4032.0
-4297.0
-7922.0
-8480.0
-7437.0
-8393.0
-4577.0
-2876.0
-3198.0
-2143.0
-10888.0
-10092.0
-9553.0
-5877.0
-2053.0
-9370.0
-2630.0
-2732.0
-9962.0
-7897.0
-3108.0
-11001.0
-9823.0
-4324.0
-3657.0
-10459.0
-4970.0
-9605.0
-3267.0
-3375.0
-9611.0
-2152.0
-2060.0
-4640.0
-4115.0
-1968.0
-5110.0
-7522.0
-8723.0
234.0
-9535.0
-6702.0
-7505.0
-2125.0
-8315.0
-7830.0
-2108.0
-4561.0
-9346.0
-7853.0
-7492.0
-8172.0
-1843.0
-5217.0
-8680.0
-8319.0
-7662.0
-8549.0
-1926.0
-8470.0
-10064.0
-9867.0
-1990.0
-3308.0
-4388.0
-8285.0
-9826.0
-2151.0
-2001.0
-7649.0
-7334.0
-6911.0
-8120.0
-8342.0
-8374.0
-6861.0
-7831.0
-2907.0
-10978.0
-3215.0
-1829.0
-8356.0
-7052.0
-7089.0
-4126.0
-8659.0
-7729.0
-8671.0
-7480.0
-7375.0
-4291.0
-8100.0
-8906.0
-7881.0
-4180.0
-7512.0
-7066.0
-7269.0
-5481.0
-7301.0
-3529.0
-7523.0
-5441.0
-8021.0
-7998.0
-4211.0
-4680.0
-9035.0
-2954.0
-5116.0
-6868.0
-2613.0
-6498.0
-2637.0
-9464.0
-4442.0
-2482.0
-2529.0
-3817.0
-4647.0
-5549.0
-5300.0
-4124.0
-26139.0
-8512.0
-3041.0
-4164.0
-6989.0
-4827.0
-2806.0
-3649.0
-3485.0
-2287.0
-4066.0
-3439.0
-10773.0
-10652.0
-2910.0
-8627.0
-7627.0
-1931.0
-7679.0
-1956.0
-29773.0
-8255.0
-1905.0
-9307.0
-1979.0
-4521.0
-7434.0
-2070.0
-2543.0
-6229.0
-6747.0
-6407.0
-1913.0
-7721.0
-8466.0
-9602.0
-5121.0
-2722.0
-3529.0
-10400.0
-7482.0
-4114.0
-7457.0
-2369.0
-7204.0
-9733.0
-3260.0
-5679.0
-10987.0
-1959.0
-1988.0
-9528.0
-5590.0
-3535.0
-9062.0
-4695.0
-4607.0
-2952.0
-3476.0
-6208.0
-12063.0
-6430.0
-2250.0
-5044.0
-2561.0
-4100.0
-2129.0
-7139.0
-1915.0
-2337.0
-8751.0
-22846.0
-8837.0
-8377.0
-4473.0
-3762.0
-2169.0
-1834.0
-2005.0
-7217.0
-3195.0
-3059.0
-5856.0
-8648.0
-2620.0
-1890.0
-1983.0
-4404.0
-4097.0
-4304.0
-2869.0
-1835.0
-5207.0
-2281.0
-2342.0
-2568.0
-5422.0
-4755.0
-2987.0
-3336.0
-9453.0
-1919.0
-2730.0
-3041.0
-2994.0
-6655.0
-4101.0
-2250.0
-1869.0
-5218.0
-9437.0
-1933.0
-8282.0
-3015.0
-1946.0
-2065.0
-3240.0
-5465.0
-7026.0
-2939.0
-2142.0
-2328.0
-2080.0
-9555.0
-10488.0
-2091.0
-32317.0
-6349.0
-3454.0
-6688.0
-1833.0
-6887.0
-5208.0
-4101.0
-1851.0
-9609.0
-6489.0
-2512.0
-2568.0
-2979.0
-5280.0
-13143.0
-3339.0
-8235.0
-5178.0
-7982.0
-3743.0
-8025.0
-7534.0
-6699.0
-6966.0
-8398.0
-8579.0
-5722.0
-6183.0
-5330.0
-7528.0
-5016.0
-8830.0
-4943.0
-6120.0
-4299.0
-7955.0
-7291.0
-2574.0
-6008.0
-7585.0
-5989.0
-1850.0
-6314.0
-6891.0
-6693.0
-7906.0
-5732.0
-4073.0
-2960.0
-7395.0
-7607.0
-7347.0
-4518.0
-3227.0
-8131.0
-3732.0
-2302.0
-3798.0
-8422.0
-1817.0
-5963.0
-2241.0
-2714.0
-7180.0
-7563.0
-5841.0
-2478.0
-6237.0
-3192.0
-2124.0
-7089.0
-7556.0
-7337.0
-8262.0
-3839.0
-6433.0
-3084.0
-2042.0
-4550.0
-4929.0
-3401.0
-3026.0
-7552.0
-5901.0
-6834.0
-5110.0
-7191.0
-9378.0
-8573.0
-2137.0
-6375.0
-8748.0
-8240.0
-6334.0
-7941.0
-3762.0
-6315.0
-8898.0
-6038.0
-9155.0
-6370.0
-4541.0
-7195.0
-6302.0
-6933.0
-4370.0
-8323.0
-4224.0
-4746.0
-2231.0
-3896.0
-3429.0
-6097.0
-7418.0
-32046.0
-4623.0
-8879.0
-5622.0
-10835.0
-4054.0
-6369.0
-9756.0
-5759.0
-6675.0
-7285.0
-4437.0
-6175.0
-10200.0
-9460.0
-7020.0
-2944.0
-9607.0
-8862.0
-10810.0
-7592.0
-3390.0
-5741.0
-2490.0
-4320.0
-4083.0
-6721.0
-5660.0
-5830.0
-6875.0
-11780.0
-8165.0
-8211.0
-7115.0
-3342.0
-1973.0
-1948.0
-5323.0
-6440.0
-4541.0
-7496.0
-8125.0
-8831.0
-2214.0
-2960.0
-4570.0
-2249.0
-2629.0
-2908.0
-8960.0
-7484.0
-2628.0
-2404.0
-2623.0
-2627.0
-5956.0
-6169.0
-5894.0
-3061.0
-26520.0
-7765.0
-2060.0
-4054.0
-5543.0
-7837.0
-2499.0
-2170.0
-3163.0
-2199.0
-6203.0
-7723.0
-6189.0
-4207.0
-3534.0
-8488.0
-5210.0
-7515.0
-5831.0
-7568.0
-6093.0
-9083.0
-5552.0
-8377.0
-2920.0
-7029.0
-7459.0
-8291.0
-8356.0
33.0
-3660.0
-2062.0
-6857.0
-2873.0
-3982.0
-5794.0
-2694.0
-2580.0
-2811.0
-1982.0
-6641.0
-13671.0
-2446.0
-8680.0
-7449.0
-9514.0
-6990.0
-11943.0
-5146.0
-2142.0
-12288.0
-9231.0
-1940.0
-7530.0
-2640.0
-6368.0
-20050.0
-1873.0
-15625.0
-7629.0
-3565.0
-3226.0
-5874.0
-6536.0
-3503.0
-1862.0
-4402.0
-5394.0
-16432.0
-12364.0
-5932.0
-19084.0
-14211.0
667.0
-4520.0
-2994.0
436.0
-1832.0
-7026.0
-6992.0
-8533.0
-6611.0
-6212.0
-5750.0
-8215.0
-3068.0
-5744.0
-9476.0
-6714.0
-8745.0
-4217.0
-5950.0
-15915.0
-8122.0
-5049.0
-6607.0
-2343.0
-2856.0
-2038.0
-4477.0
-9325.0
-4566.0
-3181.0
-3064.0
-2132.0
-4864.0
-2797.0
-3343.0
-4309.0
-4710.0
-2795.0
-8651.0
-9087.0
-4585.0
-5126.0
-5984.0
-4977.0
-5053.0
-6863.0
-16814.0
-8443.0
-6661.0
-2027.0
-7527.0
-3097.0
-4578.0
-8125.0
-6977.0
-8111.0
-3893.0
-5527.0
-3262.0
-7095.0
-4176.0
-2881.0
-3594.0
-4386.0
-2654.0
-4973.0
-2827.0
-6570.0
-8767.0
-7671.0
-2425.0
-2122.0
-1813.0
-4835.0
-7004.0
-2087.0
-3008.0
-2049.0
-7182.0
-5727.0
-3514.0
-7122.0
-5796.0
-10648.0
-6309.0
-35258.0
-7282.0
-10020.0
-3023.0
-6704.0
-4797.0
-4923.0
-2696.0
-9793.0
-10921.0
-1910.0
-3666.0
-11109.0
-6644.0
-5334.0
-8278.0
-3087.0
-3193.0
487.0
-8038.0
-4258.0
-8629.0
-7231.0
-1828.0
-5087.0
-7980.0
-7406.0
-7340.0
-7434.0
-3984.0
-5973.0
-2753.0
-7113.0
-3057.0
-8047.0
-4321.0
-10844.0
-5490.0
-4536.0
-22726.0
-8120.0
-3382.0
-8458.0
-5311.0
-6997.0
-5301.0
-3094.0
-4604.0
-5301.0
-2227.0
-1853.0
-6571.0
-5173.0
-3207.0
-7367.0
-9594.0
-6806.0
-9486.0
-1991.0
-1992.0
-5450.0
-1847.0
-9767.0
-4315.0
-1986.0
-8560.0
-7669.0
-3174.0
-9707.0
-7643.0
-5291.0
-7626.0
-7610.0
-4354.0
-7133.0
-6498.0
-5628.0
-8799.0
-35685.0
-2675.0
-4907.0
-6489.0
-9831.0
-12807.0
-5158.0
-6846.0
-8968.0
-6751.0
-5847.0
-7349.0
-9987.0
-10066.0
-6770.0
-33139.0
-8328.0
-3128.0
-11817.0
-12293.0
-9526.0
-6957.0
-9604.0
-8897.0
-7836.0
-9749.0
-6946.0
-3033.0
-7410.0
-6424.0
-3198.0
-6020.0
-5267.0
-8822.0
-8211.0
-9440.0
-6203.0
-7709.0
-7141.0
-4774.0
-5840.0
-2532.0
-8633.0
-4410.0
-5484.0
-7576.0
-7416.0
-10441.0
-8571.0
-7642.0
-6605.0
-7889.0
-8774.0
-5948.0
-6284.0
-6610.0
-4720.0
-7901.0
-6948.0
-6626.0
-4736.0
-7237.0
-7100.0
-9815.0
-8892.0
-8860.0
-3138.0
-8295.0
-5439.0
-5282.0
-34241.0
-2543.0
-6588.0
-7902.0
-4374.0
-6728.0
-9052.0
-6536.0
-10845.0
-8070.0
-3129.0
-8544.0
-7854.0
-3053.0
-10121.0
-3259.0
-8247.0
-9866.0
-8926.0
-5344.0
-6560.0
-1973.0
-3549.0
-6579.0
-5283.0
-7677.0
-5338.0
-7852.0
-7533.0
-5864.0
-6133.0
-4450.0
-4789.0
-8492.0
-6736.0
-11158.0
-7684.0
-6121.0
-3323.0
-10750.0
-3166.0
-3162.0
-9517.0
-4019.0
-1997.0
-2764.0
-3078.0
-3041.0
-10071.0
-5728.0
-7674.0
-2997.0
-2797.0
-8395.0
-8799.0
-1877.0
-8679.0
-5279.0
-2626.0
-3114.0
-1975.0
-4595.0
-2910.0
-3434.0
-8645.0
-7836.0
-9636.0
-7584.0
-8376.0
-2887.0
-8839.0
-6501.0
-3465.0
-8442.0
-5905.0
-7518.0
-5119.0
-7131.0
-2293.0
-5294.0
-5640.0
-3253.0
-4719.0
-2711.0
-5348.0
-4847.0
-2983.0
-7565.0
-8800.0
-2565.0
-2262.0
-6651.0
-5550.0
-4143.0
-24552.0
-6559.0
-5230.0
-3239.0
-5707.0
-6570.0
-6397.0
-3467.0
-5901.0
-8404.0
-4424.0
-5248.0
-3825.0
-5180.0
-6730.0
-9291.0
-5360.0
-6441.0
-2920.0
-2975.0
-3236.0
-4219.0
-5865.0
-7625.0
-2853.0
-3326.0
-8228.0
-3387.0
-6682.0
729.0
-5247.0
-7787.0
-8532.0
-8010.0
-8367.0
-7762.0
-8122.0
-8646.0
-34544.0
-9719.0
-7720.0
-12769.0
-21653.0
-34795.0
-7975.0
-7755.0
-11721.0
-8263.0
-3560.0
-14113.0
-17986.0
-19797.0
-48864.0
-46909.0
-8498.0
-38428.0
-4660.0
-428.0
-19525.0
-17054.0
-4501.0
-17483.0
-10256.0
-20556.0
-8186.0
-10985.0
-9057.0
-8067.0
-37769.0
-19303.0
-10452.0
-17601.0
-3120.0
339.0
-7902.0
-8490.0
-21030.0
-13432.0
-8278.0
-14460.0
-8999.0
-15459.0
-6936.0
-7639.0
-8501.0
-7057.0
-8066.0
-9384.0
-9100.0
-8232.0
-7713.0
-7762.0
-10017.0
-36608.0
-8307.0
-35488.0
-10134.0
-8766.0
-8631.0
-11022.0
-4155.0
-7800.0
-11643.0
-7465.0
-7106.0
-9173.0
-8068.0
-6580.0
-7492.0
-9945.0
-5153.0
-15533.0
-6870.0
-9741.0
-7433.0
-9136.0
-13723.0
-6095.0
-2829.0
-9062.0
-3201.0
-5547.0
-36259.0
-6061.0
-2089.0
-20722.0
-13579.0
-6661.0
-6723.0
-2857.0
-5284.0
-8613.0
-1979.0
-4091.0
-9677.0
-3843.0
-3625.0
-8932.0
-8949.0
-7556.0
-4227.0
-5067.0
-3121.0
-2152.0
-8853.0
-7196.0
-9121.0
-9304.0
-2215.0
-1937.0
-3067.0
-3625.0
-3010.0
-8833.0
-2764.0
-10863.0
-2739.0
372.0
-2942.0
-2776.0
-2484.0
-37766.0
-7947.0
-7897.0
-7839.0
644.0
-1942.0
-2239.0
-7728.0
-8865.0
-2579.0
-3192.0
-4572.0
-4007.0
-9903.0
-9661.0
-10516.0
-1858.0
-8706.0
-11762.0
-2007.0
-10004.0
-7503.0
-3320.0
-3551.0
-7995.0
-8654.0
-3457.0
-8954.0
-9468.0
-8067.0
-8951.0
-8809.0
-8696.0
-9396.0
-8798.0
-21543.0
-7940.0
-10341.0
-9548.0
-8167.0
-1982.0
-5651.0
-8789.0
-8609.0
-10565.0
-8143.0
-9815.0
-8527.0
-3095.0
-7931.0
-9344.0
-1894.0
-5033.0
-7746.0
-6052.0
-9545.0
-8622.0
-7840.0
-8551.0
-9396.0
-9041.0
-8656.0
-7895.0
-8993.0
-8660.0
-9906.0
-7796.0
-9513.0
-8608.0
-8762.0
-7702.0
-8562.0
-7785.0
-1851.0
-9884.0
-5591.0
-6328.0
-7402.0
-6841.0
-10445.0
-9172.0
-6134.0
-8592.0
-10183.0
-8688.0
-6683.0
-7780.0
-7888.0
-8576.0
-8440.0
-10963.0
-6632.0
-3941.0
-8376.0
-10417.0
-7670.0
-7580.0
-8052.0
-8600.0
-9258.0
-9685.0
-10148.0
-8388.0
-2508.0
-8072.0
-8670.0
-7690.0
-7603.0
