-9088
-5103
-575
3536
3938
1110
-5058
-397
4787
289
1224
6556
2865
6183
2659
-4433
4087
4564
-1397
-4107
-2190
-1174
-2685
7900
-713
5440
-866
4613
2455
3299
-705
1947
6252
7037
-1712
1319
1390
6997
-803
-4532
4225
1855
-3005
2574
5667
-18
-95
4150
2305
5955
-174
6273
4411
3450
3399
875
5295
5451
1764
-4923
945
3070
-6227
4962
8716
4380
-1152
4875
8978
1843
2754
5569
3794
6856
5464
2139
6748
5584
5720
-1213
435
4452
-1875
7369
5147
7030
3522
6168
6447
6417
4538
8794
8867
6552
-340
-853
9191
7406
-965
4166
4965
941
-6449
4331
1885
7050
5681
5540
2917
6583
-1431
9576
4133
2282
1896
3089
8567
6264
3376
1939
5682
6326
2411
2762
8254
9120
4652
7422
3201
5505
89
6941
7038
4902
828
272
3816
9246
3640
-719
-5274
76
-956
6202
5877
5864
3210
5386
5184
8673
2124
7348
7969
7220
3296
-597
8848
9829
2312
4202
1176
9705
5029
10068
8900
10165
2422
6617
9244
8546
6988
10558
10431
9207
1174
2880
10073
11706
4539
3818
1650
7484
-2116
6746
9318
9048
3825
8574
10489
6217
3628
7607
7879
10011
5792
2147
10747
9922
6935
2151
1102
10044
533
7759
9462
10986
7746
10351
9300
8743
7141
10325
9331
11257
7348
1569
9387
10711
3809
5050
-442
3876
3109
7164
9290
7237
5432
7310
9649
8191
7353
10540
9510
9875
5005
6277
10753
8672
8847
-2567
6017
9392
5704
10594
11231
7874
4259
9098
10918
10906
2514
9933
10580
10566
8125
6582
9107
10098
7659
2985
7859
8161
7394
10082
10819
8670
5033
8674
10539
5869
6479
11169
9430
8993
8566
5917
7959
8489
4187
7330
2991
9549
4418
9821
9925
10333
8152
8613
12206
7980
9244
9720
11120
10229
5728
8068
10099
11497
8830
6936
8288
7931
3504
10423
11711
9728
6601
9207
11551
9041
7805
10992
11414
11204
5196
4610
7761
9207
8629
4917
3061
8988
5290
9484
10056
7764
2844
8279
8291
10459
4135
9504
8667
10681
9878
7109
10440
10506
3339
4058
7172
8995
3657
10875
9041
8179
6385
8104
9331
10632
7503
10637
10400
10596
8575
6197
10635
10869
8425
7109
8285
10123
4992
10894
10082
11262
8552
8487
10552
9602
8260
10261
9608
10021
9409
3408
10112
10860
6447
5466
7011
10090
6275
9423
9062
10464
7049
8016
9134
10848
9240
10491
10216
10763
9498
3940
11682
12031
5747
3520
7051
8003
5243
9302
10194
8619
9120
9703
8863
11219
3878
9268
10455
10999
8671
8143
10039
10149
6040
4891
7559
10039
5671
11625
10629
6833
7116
9107
11106
10048
7315
12345
11884
11223
8902
7090
11307
8944
10574
6760
1747
7918
9255
7994
10912
9258
-981
10642
9589
9690
6297
8814
9961
9935
7996
7664
11504
9773
10476
3760
7881
9730
8944
11480
11794
9857
4360
9870
12442
10206
6198
10628
10083
10292
7729
8761
9935
8599
8353
9429
5135
7549
7892
8227
11363
9336
2824
10009
9460
8398
9618
10373
9623
11129
2701
9889
10237
9741
9470
8118
361
7377
8865
6639
8752
10343
1829
9592
7022
4441
7210
7130
8554
11079
5004
6120
8880
4906
7898
2691
7317
9037
3110
9821
8935
4218
3909
8584
8801
8907
2834
9458
7250
5864
9060
6841
9203
7872
9871
7351
7091
9783
9247
10161
11529
10527
5357
10212
10623
8997
9202
8976
9628
11203
10016
10115
11414
10856
10479
9216
838
10295
8930
10999
11370
9976
4535
11202
8851
7828
10006
8280
10418
9079
7059
10521
8686
8907
10840
7644
7160
8733
8595
10444
10054
9530
2090
10508
10917
9111
8586
11080
11295
11410
10139
9672
10878
10345
10960
9870
5187
11090
8778
9076
11797
11620
7817
10436
11038
10673
9401
11333
11880
11453
10202
7549
12287
11573
10416
6142
4559
11094
8706
11658
11178
12075
2059
11027
11740
11011
9854
9396
11284
12349
10563
9806
12748
11768
11798
9356
3707
11443
8731
12535
11823
11415
3218
11794
12358
8554
8890
9813
12375
11648
9208
10096
11971
11425
12178
8705
7218
11690
9269
12362
12348
11451
3748
11882
11874
10088
8286
11318
12049
10757
9764
8635
11990
11441
10402
8572
4450
9858
9144
11172
11798
9935
6146
11717
11321
10510
9197
12503
11119
12656
10644
9986
12793
12991
10015
10572
5121
10270
7429
9975
11864
9624
6699
12429
11472
8901
9668
10685
9773
10989
10028
9520
11607
9377
10065
5646
7770
9926
8207
11505
8980
8733
4493
10460
12114
10302
7898
11438
9808
12046
10603
9001
10283
8182
11041
5460
9036
10717
8403
11808
12376
10945
4939
11618
11971
12569
8357
10767
11735
11542
8826
9197
13283
11827
11595
7951
8111
11274
8492
12105
12268
11039
5737
12095
13349
13187
8986
12805
11556
10964
7625
8933
12053
12168
6677
8167
10235
12403
8638
12341
12405
12391
9014
10002
12281
11821
9144
12476
10593
11957
10007
10249
13151
11540
11163
9094
11107
11890
9540
12533
12323
11912
8055
12430
11867
13017
10952
13337
11577
11988
11207
9345
12607
12455
11044
9284
11422
12074
8650
12828
11974
12031
10687
10882
12965
11768
10279
13258
11171
12679
10466
8223
12830
12788
11501
8724
12181
11979
8466
10862
10971
12476
9157
11720
11876
10765
8701
11624
12291
11663
8753
7531
11806
11810
11944
9197
6770
11054
9524
10048
12555
9243
7406
12258
11889
12132
10869
12079
12340
12649
10418
10697
12753
12746
9869
9220
9549
10481
8157
10630
12684
12585
7670
11812
12211
11708
10985
12291
13136
12084
10138
8408
12417
13107
11171
10448
10536
11073
10257
10429
13109
12021
8506
11653
11895
11896
11464
12745
12743
12007
10056
9631
11860
13124
10022
7358
11005
10259
7561
10081
10929
11233
7436
11044
13005
12101
11068
11714
13067
12300
10916
10572
10911
13016
9952
10393
8345
12177
9637
10803
12788
12909
7632
10793
12951
10819
10180
13038
12323
11811
8938
9764
12634
11945
9051
9795
11312
12082
7525
12030
11372
12554
7768
12449
12231
13005
10908
12667
12979
12436
10550
9730
12263
12477
10933
9323
10853
10231
9194
10523
10005
12271
7593
11611
12112
11159
10724
12323
12519
13081
9393
10253
12155
12213
10140
10339
8275
10658
5467
10673
12746
11313
8032
11951
12398
10963
10403
12908
12725
11627
11040
9658
12933
13251
10355
9439
7796
9855
8562
10646
12578
12421
8656
11930
12559
12226
10594
12126
12839
12485
10127
7902
13377
13222
10784
9582
9485
10042
9049
11422
12823
11759
9625
10916
12317
11324
10666
12216
12832
12753
8715
9180
13030
13482
8838
10496
6515
10298
7194
11005
11953
12602
9985
11281
11979
12579
11174
12134
12119
12170
9855
8196
11775
12237
8037
10660
11497
9824
8076
11519
11905
12088
9165
12764
12579
12420
10817
13333
13618
12607
10615
9999
13040
13211
10623
10727
11922
12404
10794
12488
13533
12499
10836
12810
13085
13058
10927
11858
13096
11773
8917
10481
12473
13249
11516
10726
11217
11613
8689
12395
13452
12702
9226
13053
13449
12614
11942
13003
12863
13230
11250
11693
13568
12929
10851
10802
11821
12237
10091
13189
13441
11338
9627
12616
12727
13078
10087
12391
11806
13240
11656
10845
13222
13141
10929
9253
12100
11896
10137
12918
13027
12745
10538
12344
13529
13272
9744
13077
12722
12982
11830
11125
13724
13442
11077
10162
11159
11960
9957
10492
13264
13122
9385
12731
13450
12142
10800
13133
13548
13525
11254
10702
12607
13713
12417
10013
11598
10145
9810
12446
12543
11243
5517
13364
12452
12025
11373
12607
13452
13011
12090
11755
13739
13670
12389
11260
12184
12619
11185
13020
13691
12881
7859
13466
11920
11782
11355
11088
13639
12882
11704
10497
11731
13387
12354
10562
10952
12020
10930
12355
13494
11595
8411
12998
12993
13358
11866
13235
11956
13629
12161
11755
13631
13029
11843
10861
10353
12491
11035
13447
12885
12429
9794
13385
13314
13487
11892
13406
13395
12842
10613
11144
13719
13257
10833
11786
10990
12221
10128
12137
13463
13007
10481
13481
13546
13485
12170
13239
13751
12992
12338
11912
13370
13575
12945
10983
11799
11483
10067
12938
12603
12917
9851
12902
13533
12720
10776
12946
12964
13242
12350
12141
12004
13319
11664
10413
9814
12203
10156
12653
13531
12590
8924
12836
13326
12316
11666
13380
12781
13291
12607
12195
13587
13401
12697
11101
11460
13202
11153
13142
13394
12557
9171
13452
13555
13378
11769
13022
13985
13837
12203
11734
13814
14082
12680
11817
11966
11866
11706
12183
13101
13827
10545
12231
13735
13698
10980
13966
13714
13351
12559
10777
13920
13893
11876
10305
11827
12428
10193
13829
12999
13431
9281
13337
13879
14054
10684
14046
13370
13829
12517
11136
13884
13302
12258
9838
12113
12756
9761
12890
13256
12725
9528
12365
13883
13747
10816
13473
13702
13413
12942
10918
13709
13566
12030
10292
11692
12931
10682
12987
13773
13173
10807
13152
13115
13140
12409
13919
13251
12381
12529
10698
13974
13798
12217
10513
12787
12996
11626
13061
12830
12294
9185
13468
13790
12609
11475
12010
13975
13162
12973
11919
13830
14020
11420
9359
12408
12474
10418
12059
13228
13377
10761
13577
13861
13642
11491
13689
13994
13701
10995
11366
13605
14076
12621
10710
12991
13103
10477
13587
13809
13796
11014
13590
13628
12911
12217
13577
13785
13634
11651
12287
13539
13714
12953
11624
12203
12309
11192
13197
13856
13777
11538
13541
13670
13688
11822
14004
13920
13777
12301
11704
13892
13904
12125
10962
12845
13261
11329
13589
13680
13494
10138
13380
13620
13775
11355
13892
13631
13703
12334
10717
14140
13941
11257
11912
11850
13166
10613
13592
13687
13425
10862
12279
13392
13579
12512
13791
13745
13051
12352
12074
13868
13817
11762
11412
12517
13156
9891
13322
12786
13424
11028
13582
13916
13630
11779
13640
13705
13629
12384
12058
13802
13647
12654
11922
11436
12230
10308
13051
12145
13272
11171
12243
13116
13526
12306
13856
13212
13481
12675
11334
13913
13698
13109
12187
12391
13323
10524
13319
13307
12649
9924
12872
13013
12748
10952
13946
13334
13871
12161
11827
12562
13041
12039
10578
11685
12496
11050
13150
13501
12182
7514
13237
12614
12120
12425
13378
13066
13003
11167
10455
12538
12996
9851
11986
12090
11408
9729
12962
12721
12069
8885
12184
12124
12831
11763
12911
13201
12987
12165
11295
13648
13107
12356
11628
12599
12677
9854
13182
12470
12795
9835
13004
13022
13461
11966
13707
13255
12690
11848
11135
12622
13525
10742
10433
12093
12302
9539
13043
13020
12741
10496
12578
12811
13215
12273
13518
12642
13156
12561
11097
13499
13830
11627
10620
13053
13193
9190
13507
12459
12074
9814
12927
13416
13675
11657
13572
13581
13334
11589
11516
13476
13214
12288
10853
12542
12365
9919
12809
12869
12728
11091
13185
13366
13444
12260
13484
13379
12551
11886
10952
13608
13489
11340
11925
11743
12012
9679
12407
13193
13217
9820
12891
12800
13587
12221
12886
13314
13090
11446
12311
13368
13203
12491
12050
11985
11798
10622
12828
12974
13490
10555
13451
13297
12578
12201
13168
13359
12778
9854
10335
13506
13650
10891
11533
10592
11232
10688
11981
13656
12539
10427
12840
13264
12886
12344
12905
13409
13125
11966
12035
13127
13656
12529
12131
12333
12571
11384
13485
13768
13508
11067
13586
13869
13526
12350
13858
13578
13456
12805
11334
13842
13618
12672
11946
11981
12753
11090
13504
13733
13739
11639
13350
13246
12286
11852
13606
13825
13713
11149
12020
13916
13946
12989
10772
11021
13037
11443
12900
12939
13039
8977
13445
13451
12732
12698
13132
13776
13758
12190
12551
13997
13861
12820
12063
11858
11703
10872
12840
13368
13315
9863
13413
13767
13299
12935
13857
14020
14048
12732
12544
13987
13834
13065
12155
11539
12720
11594
13296
13560
13220
10425
13239
13372
13590
12076
13576
13290
13902
12491
11453
13780
13551
12329
11596
11870
12893
10876
13826
13648
13328
10381
13190
13833
13496
12856
13452
13621
13811
12509
12269
14002
13614
13096
11387
11863
12555
11786
13489
13762
13499
10471
13726
13983
13890
12724
13880
13835
13535
12784
12154
14234
13703
12530
11619
11661
13024
11593
12900
13669
13549
10920
13654
13716
13748
12655
13860
14040
13865
12813
11541
14053
13808
12494
11933
12916
13290
11235
13019
13510
11691
10970
13294
13974
13781
12104
14105
13928
13925
12865
12240
14031
14044
12831
11520
12308
12814
10852
13632
12579
13368
11540
13438
13877
13297
11670
13981
13725
13082
12504
12143
13703
13912
12356
10914
12211
12380
10832
13240
13741
13210
10955
12353
13525
12994
11791
13650
13229
13675
12158
11256
13761
13819
12593
11998
12295
12924
11119
13101
13909
13697
10268
13461
14080
13201
12638
13267
13823
13201
11619
12083
13569
13481
12921
11008
12011
11775
10791
12619
13723
12407
9301
12615
13119
12753
10865
12917
13182
13512
12220
12106
13336
12444
12389
11622
11608
12284
11135
12354
13332
12566
9124
13049
12767
13229
11854
13101
13703
13371
11032
12121
12662
13802
11506
10985
11887
11172
10543
12664
13430
13278
10815
13229
13909
12542
11899
12741
13178
13933
12563
12108
13495
13387
13020
10960
10826
12444
10763
13112
12449
12860
10331
13372
13491
12065
11877
13894
13517
13081
12011
11073
13939
13623
12228
11537
12786
13400
10825
13362
13864
13691
11664
13704
13645
13653
12624
13832
14065
13792
12718
12547
14174
13813
12900
12006
12586
13091
10935
13544
13639
13266
10717
13401
13683
13067
12294
13888
13926
13124
12235
11642
14164
13906
12358
11712
11951
12974
10990
13485
13398
12978
11274
13423
13656
13767
12573
13982
13846
13443
11769
11043
13675
13635
12317
11418
11785
12761
10712
13041
12933
13098
10476
12409
13147
13617
12832
13449
13639
13694
12734
12124
13712
13869
12675
10690
11641
12086
10518
12221
13223
12123
10601
13634
13396
13504
11535
13898
13544
13528
11888
12428
13704
13306
12420
9892
11106
13436
11285
12676
13479
13152
8748
13500
13746
13340
12650
13304
13496
13622
11240
11636
13523
13941
12488
11404
11711
12886
11420
13227
13421
13458
10683
13579
13460
13664
12860
13405
12989
13161
12049
12186
13824
13790
12668
12014
11804
11558
11339
12903
13334
13410
9582
13510
13130
13276
12409
13335
13217
12859
12439
11350
13650
13571
9930
11919
12235
11873
9712
13294
13008
13261
10353
12883
12674
13093
12674
13802
13812
13346
12692
12021
13639
13582
12600
10505
11783
12970
11415
12971
13676
13302
10030
13477
13898
13416
11893
13935
13811
13925
13005
12386
14090
13831
13078
12112
12643
13095
11201
13564
13883
13490
10222
13183
13780
13531
12505
13757
13928
13778
12791
12652
13856
13905
12929
11829
12222
12992
11154
13355
13942
13562
10647
13461
13602
13598
12378
13868
13995
13901
11836
12114
13652
13317
12459
11883
12704
12845
11267
13364
13661
13185
10930
13660
13697
13236
13016
13603
13569
13945
12509
12636
13674
13844
12725
11722
12529
12822
10748
13680
13478
13506
10802
13707
13994
13228
12382
13937
13768
13317
11229
12589
13696
13749
12671
12257
12281
12180
11302
13267
13260
12695
10509
13499
12996
13340
12664
13446
13679
13499
11810
12305
13827
13885
12423
11593
12474
12240
10997
12423
13164
13332
8605
13317
13694
13096
12096
13703
13826
13996
12412
11596
13524
13736
12390
11713
12579
12239
9355
13063
12849
13123
11101
13323
13080
13541
11985
13729
13771
13739
11648
11713
13542
13765
11856
11755
11726
12040
11032
13208
13389
12962
8914
13598
13636
13470
12798
13600
13600
13642
11467
12691
13966
13649
12821
11837
11303
12730
11400
13397
13544
13187
10225
13706
13752
13218
12684
13748
13742
13797
11786
12263
13732
13694
11504
11845
12294
12747
11797
13315
13680
13692
11213
13513
13509
13617
12573
13841
13862
13786
12170
12419
13654
13957
12608
12194
11991
13023
11382
13526
13713
13519
11213
13749
13530
13649
13014
13589
13793
13898
12917
12354
13800
13748
13205
12037
12162
13105
11744
13264
13561
13525
10771
13900
13943
13649
12751
13844
13936
13990
12782
12689
13890
13631
12491
12210
11784
12920
11661
13011
13865
13585
10790
13436
13766
13982
12493
13951
13533
13953
12721
12543
14049
13896
12745
12386
12109
12426
11161
13525
13491
13854
11047
13732
13787
13865
12612
13864
13953
13639
12899
12460
13916
14158
12650
11793
12322
13277
11834
13540
13615
13425
11044
13581
13881
13695
12807
13844
13844
13946
12226
12902
14185
14120
13057
12312
12478
12405
10582
12866
13687
13628
10644
13013
13729
13871
12967
13416
13804
13706
12318
12534
13657
13816
12443
12076
12436
12895
11449
13129
13548
13304
10217
13677
13290
13351
12289
13605
13845
14106
12976
12116
14051
13593
12908
11777
13252
12909
11203
13453
13577
13423
10246
13624
13722
13935
12774
13784
13900
13716
13221
12603
13638
13836
12675
12403
12424
13113
11375
13559
13692
13716
11302
13747
13432
13675
12752
13139
13401
13622
12401
11162
13843
13763
11850
12111
12782
12933
10233
13753
12954
13445
11077
13599
13765
13270
12728
13651
13806
13722
12104
12311
13069
13222
12764
11014
12662
12471
11820
12703
13508
13338
10234
13538
13594
13548
12722
13598
13456
13761
11477
12348
13667
13788
12416
12255
12122
11999
11837
13014
13751
12955
10071
13507
13700
13841
12197
13665
13580
13837
11836
12202
13955
13849
12709
11641
12097
12187
12007
13445
14183
13605
9946
13898
14001
13816
12517
13781
13971
14014
11777
12407
14159
13571
13091
12055
12305
13069
11300
13423
14191
13708
9425
13990
14080
13631
11861
12516
14149
13876
11727
11992
12702
13363
12690
12177
12052
11222
11199
12514
13936
13558
10874
13113
13636
12453
12337
13763
13277
13766
12682
12084
13581
13751
12748
11976
11892
13378
11216
13363
13733
12981
11281
13488
13889
13393
12524
13841
13602
13884
13063
12749
14055
13389
12746
10827
11841
13587
11664
13744
13878
12572
9764
13577
13809
13555
12512
13568
13768
14096
12768
12272
13897
13724
12876
11915
11973
13197
11322
13247
14042
13310
10463
13015
14100
13154
12731
13690
14071
14118
12867
12500
13976
14150
12727
11965
12626
13311
11639
13247
13938
13712
10657
13415
13387
13610
12400
13807
13634
13548
11584
11702
13572
14124
12543
12434
11887
13179
10412
13365
13355
13533
9342
12374
13800
13049
12586
13562
14157
13779
12852
11362
14065
13885
12248
12162
11985
12217
11272
13339
13298
13704
10727
13515
13290
13589
12707
14092
13829
14181
11977
12007
13391
13725
12278
11834
11793
12908
11298
13869
13839
13863
11157
13617
14206
13987
12619
14024
14052
14138
13084
12436
14106
14238
12640
11949
13046
13604
12154
13856
13982
13705
10508
13830
13993
14020
12722
14030
14012
13808
12774
12496
14158
14070
12701
12109
12938
12943
11154
13139
13280
13457
10771
13168
13691
13484
12594
13919
13855
14063
12496
11958
13980
14145
13010
12200
12751
13458
11346
13728
13824
13797
10999
13806
13993
13905
12781
14049
14092
13966
13075
12599
14017
13642
12594
11607
12215
13130
11319
13967
13875
13611
10624
13685
13952
13922
12626
14140
14288
14011
12231
11610
14267
13888
12887
11962
12535
12093
10679
13687
14050
13368
10967
13469
14064
13901
11788
13819
13957
13980
12975
11870
14277
14054
11495
10988
12243
12682
11946
12955
13477
13087
11635
12953
13776
13926
11266
13740
13861
13944
12945
11847
14086
14045
12947
11788
12824
13552
11404
13273
14106
13521
10494
12811
13810
13616
12263
13671
13821
13640
13111
12378
13825
13941
12927
11602
12899
13285
11881
13826
13799
13512
9854
13389
14125
13121
12239
13944
13489
13545
12426
11093
13347
13982
12262
10450
10621
12143
10933
12903
13704
13243
11254
13350
14094
13977
11552
13953
13127
13885
11934
9918
13798
13290
11934
11017
12468
13274
11065
12841
13964
13791
11582
13413
13714
13540
12300
14089
13356
13926
12777
11938
13859
14010
13021
11558
12838
13341
11872
13650
14090
13372
7754
13411
13686
13564
11306
13919
13850
14047
12738
10902
14256
13952
12620
11796
11962
12848
11156
13667
13839
13019
11095
13795
13992
14124
11847
14040
13848
13711
12646
11290
14102
13988
13066
10619
13064
13134
11505
13933
13745
13846
9751
13685
13979
13589
11912
14200
14064
13946
12581
12301
13830
14184
12348
11587
12928
13486
11693
13612
14061
13772
10578
13670
13888
13504
12769
14004
13793
13239
12723
11637
14033
14101
12902
11490
13088
12892
11734
13693
14127
13461
10812
13832
14206
13972
12525
14299
13886
13791
12889
12560
13982
14118
13074
11882
12326
13148
12100
13735
14195
13660
10978
13192
14038
14079
12620
13767
14112
14243
11507
12217
14229
14059
12890
11823
12924
12963
11382
13569
14124
13802
11389
12614
13851
13998
11527
13945
13641
13971
13010
11843
13978
13904
12917
11355
13148
13288
11581
13671
13987
13587
11073
13306
14099
13856
12456
13731
13826
14096
12937
12579
14147
14156
12768
11947
13084
13637
11837
13936
13898
13693
11481
13519
14075
13944
12559
14123
13809
13880
12990
12384
14180
14079
12813
12013
12610
13577
12148
13877
13871
13701
11121
13853
13889
13986
12284
13968
14179
14077
12948
12828
14237
13846
13168
11378
12990
13501
11734
13807
13892
13406
11771
14093
13794
13829
12554
14183
14170
14045
13031
12730
14194
14248
12650
11203
12991
13383
11806
13732
14234
13263
11452
13384
14121
13911
12451
13846
14028
14032
12952
12773
14150
13859
13291
11355
12858
12836
11940
13490
13762
13682
11180
13707
13826
13804
12750
13886
13933
14070
12610
12386
13788
14056
12736
12153
12039
13343
12099
13605
13962
13216
11182
13458
13806
13622
12259
13701
14023
13691
10521
12256
13886
13691
12583
11857
12505
11897
11250
11649
13731
12933
11334
13395
13840
13319
12146
13970
13830
14066
10714
12871
13123
13474
12693
11068
11585
12295
10667
13416
13872
12805
11287
12633
13838
12582
12522
13318
13767
14095
10985
12474
13985
13496
12794
11591
11944
13118
10407
13382
13616
13258
10655
13025
13729
13559
11655
13727
13592
13580
11052
12208
13883
13622
12593
11810
12977
13196
10496
13679
13723
12814
10798
12560
13463
13485
11942
13788
13519
13707
12435
12277
13895
13921
13118
11753
11191
13053
11341
12675
13895
13618
10904
13500
13791
13485
12600
13898
14006
13870
12838
12295
14002
14074
12532
12147
10728
13324
11841
13250
14078
13684
10686
12945
14058
13879
11669
13050
13496
13553
11992
12454
13885
14027
12830
11273
12238
12872
11530
13522
13502
13467
10508
13724
13824
13468
12783
13740
13635
13809
12844
12484
13858
14010
12718
11616
11293
12282
10628
13417
13741
13167
11142
12174
13591
13133
12664
13746
13755
13710
12636
11539
14042
13929
12462
12170
11878
12787
9794
13401
13866
13490
11685
13510
13917
13982
12106
14002
13861
13794
12783
12202
13967
13990
13183
12052
12225
13281
10183
13641
13800
13401
11136
13455
13918
14042
12585
14040
13815
13670
12719
12553
13935
13977
13079
11604
10997
11402
11248
13541
13577
13453
10979
13158
14021
13985
12498
13916
14073
13902
12796
12334
14040
14084
12499
12293
12610
12347
11442
13254
13837
13930
11177
13539
14008
13240
12483
12565
13420
13754
12534
12747
13987
13855
12693
11428
12566
12831
10796
13517
13542
13186
9446
13186
13772
13282
12034
13534
13330
13490
12225
12347
13889
13819
12350
11827
10368
12795
10512
13396
13665
13394
9761
13503
13595
13750
12683
13478
13216
13789
11934
12703
13995
13148
12562
12043
11236
12857
10949
13435
13745
13049
11352
13800
13469
13249
12442
13681
14163
13763
12623
12193
14132
14245
13110
11708
12722
12541
9651
13798
13895
13589
11529
12927
13844
13584
12020
13416
13702
13096
12587
11874
14000
13653
10885
11309
12940
11732
9502
13368
13406
12771
11390
12528
11684
12492
12044
13788
13209
13041
12680
10214
13627
13932
11323
12029
11764
12778
10045
13395
13911
13565
11898
13325
13650
13580
12108
13896
13825
13729
12906
12190
13561
13755
12169
11975
12814
13524
11909
13650
13571
13674
11888
13642
13900
13769
12697
14130
13658
13876
12682
12229
13943
13856
12972
11119
12689
13212
11141
13752
13236
13454
10326
13542
13690
13753
12396
13977
13563
13977
13061
12678
13685
13827
12878
12051
12881
12647
12103
13841
14028
13372
11250
13687
13898
14014
12571
14203
13878
13765
12869
12654
14099
13996
12815
11251
12490
13403
11902
13846
14026
13726
11204
13566
14074
13911
12404
13898
13719
13730
13205
12053
13813
13909
12813
11939
11998
13450
11551
13747
13841
13104
11692
13366
13692
14082
11286
13886
14085
13933
13069
10965
14009
13996
12841
11506
12722
13544
11411
14000
13896
13550
12014
13947
14128
13889
11744
14094
13858
14249
13177
12132
14113
14096
13057
11499
13027
13217
11308
13889
14039
13784
11815
13852
13727
13637
12660
14281
13849
14075
13353
12575
14249
14060
13065
12001
12963
13619
11350
13972
13940
13544
11096
13662
14027
13586
12697
14004
14065
13810
12957
11880
13675
14025
13093
11982
13116
13546
11146
13752
14118
13574
11761
13661
13951
14026
12636
13962
13942
13938
12889
12613
14168
14276
13094
12116
12728
13427
11540
13876
13944
13990
11690
13631
14012
14020
12796
14169
14121
13815
12764
12234
14183
14038
12774
11070
13177
13247
11105
13904
14002
13764
11497
12976
14027
13574
12569
14100
14025
13841
12503
12564
13931
14041
13184
11894
12727
13637
11748
13919
14118
13940
11527
13166
14038
13974
12455
13994
14094
13978
12982
12461
14244
14072
12813
11800
12028
13312
10285
13886
13658
13321
11880
13809
13820
13915
12541
14182
14079
13625
12893
12514
13876
14191
12564
11768
12890
13504
11197
13769
14029
13774
11432
13629
13934
14007
12564
14023
14027
14130
13117
12517
14124
13996
13242
12220
12810
13009
11333
11781
13438
13732
11326
13650
14199
13962
12822
14010
14139
13772
12537
12340
14101
14166
12746
12442
12875
13137
11142
13746
13983
13786
11730
13613
13744
13483
12875
14153
13961
13635
13011
12088
14081
14147
13014
12309
12604
13398
11312
13871
13784
13650
10793
13387
13806
13973
12620
13926
13763
13398
12298
12732
13794
13613
12816
12186
12310
13046
11629
12489
13003
12162
9558
13410
13204
13474
12580
13921
13505
13653
12513
12573
13903
13832
13073
11585
13156
13206
11793
13648
13585
13254
10546
13681
13537
13732
12774
13793
13719
13945
13197
12682
14179
13928
13064
11835
13115
13522
9931
13364
13832
13235
8220
13659
13404
13869
12855
13162
13518
13915
13102
12692
14281
13558
12965
11930
12667
13397
11920
13660
13738
13346
10849
13633
14116
13596
12814
13482
14012
13774
12625
12195
14020
13445
12472
12063
12733
13237
11804
13796
13576
13107
10672
13424
13675
13853
12370
13254
13855
13692
12535
12645
13969
14067
12782
12033
13000
13027
11479
13757
13790
13501
10159
13802
13714
14085
12899
13817
13870
13887
13230
12514
13814
14145
12949
11719
13029
13330
12071
13736
13722
13692
11256
13799
13856
14058
12527
14210
14081
14125
13204
12622
14354
14122
13339
11719
12247
13400
10867
13744
14083
13257
9935
13908
14075
13997
12086
14008
13973
13976
13407
12508
14107
14183
13122
10875
12712
13069
11060
13976
13915
12758
10184
13479
13247
13807
12441
14089
13932
14024
12871
12400
13949
13935
13051
11891
12296
13178
11886
13947
14109
13665
10937
13659
14039
14037
12722
14035
13987
14090
13308
12087
14381
14206
13032
11886
12721
13348
11435
13736
14159
13473
10694
13409
14098
13764
12928
13897
13612
13919
12729
11489
13806
13856
13036
12308
13178
13627
11711
13682
13890
13727
10813
13819
14206
13742
12220
13975
13467
14111
12941
12266
13981
14013
12503
11939
11761
13349
11438
13845
13859
13430
10671
13861
13066
13921
12718
13752
13921
14150
12830
11834
14226
14149
12890
11557
11140
13202
10826
13513
13980
13888
9796
13843
13890
13194
12650
13953
13931
14085
12236
12485
14240
14141
13008
11593
10259
13620
11509
13519
13621
13591
9927
13459
14078
13585
11390
13671
13093
13898
13092
12531
14098
14121
12403
11673
12911
13405
10440
13598
13769
13656
10423
13519
12587
13418
12904
12694
14144
14147
12508
12461
13958
14026
12777
11992
12906
13261
11371
13421
13318
13487
11094
13718
13981
13874
12717
14031
13950
13626
12664
12301
13829
14198
12949
10658
13174
13368
11054
13934
13865
12924
11698
13365
13788
14032
11456
14093
13863
13799
12688
12120
13733
13516
12690
10710
13092
13335
11597
13692
13632
12671
9067
12964
13413
13152
12248
13795
13930
13719
12756
12430
13559
14216
13298
11138
13083
12635
10659
13682
13800
13737
11105
13283
13885
14127
11691
14123
14103
13883
12394
11960
14105
14054
12743
11818
12265
12920
11085
13222
13746
12921
10123
13712
13535
12286
12112
13207
13625
13007
11419
12720
13579
13363
12691
12122
9840
11018
11615
13287
13229
13206
7452
13553
13025
12200
12834
13214
13375
13523
9644
12189
13598
12800
12962
10810
11227
11748
11605
12039
13141
12472
8538
12921
13252
12701
12178
13339
13382
13492
12283
12533
13454
13318
12823
11753
11667
12556
11160
12130
13504
12077
9132
13024
13411
12400
12891
13089
12815
12871
11381
12359
13236
13658
12982
9989
11711
12719
12149
13154
13739
13309
9265
13593
13551
13290
12794
13560
13101
13799
12303
11963
13731
13390
13307
12448
12097
12386
11730
12506
13568
13051
9475
13566
13838
12540
12748
13830
13924
12918
12806
12633
13944
13792
12963
12277
12728
12421
11547
12608
13945
12853
9069
13837
13961
13870
12719
13967
13902
13794
12104
12825
13708
13910
12804
8877
12310
12851
11295
13671
13488
12496
8752
13763
13682
13649
12382
13554
13652
13424
11878
12354
13506
13288
11976
11093
12384
12669
11355
13024
13482
13011
9243
13940
13291
13700
10488
13536
13400
13419
12185
12410
13805
13411
12859
9206
12974
13204
11643
13327
12958
13682
9613
13563
13592
13774
12555
13542
13768
13164
12685
12683
14173
13885
13291
11242
12598
12517
11389
13425
13875
13356
10099
13600
13854
13894
12643
13940
13656
13686
11916
12497
13834
13404
11503
11495
12650
12054
11210
12867
13045
12862
9929
12484
13850
13887
12274
13947
13789
13938
12904
12109
14115
13650
13130
9169
13086
13359
11616
13277
13807
12930
10411
13769
13560
13399
12041
13788
14086
13936
11926
12601
13936
13529
12691
11868
12976
12862
10160
13263
13934
13177
10292
12718
13269
12972
12268
13623
14008
13836
12976
11962
13717
13883
12835
11987
12487
12562
11422
13173
13462
13441
10217
13144
13816
13979
12209
13787
14076
13968
12179
10922
13912
13560
12706
10316
12964
13403
11413
13632
13896
13074
10207
13853
13997
13864
12306
14022
14107
14070
12313
12516
14064
13647
12660
9964
12692
13198
11790
13322
13641
13782
9384
13218
13867
13921
11350
13930
14237
13874
11998
12308
13949
14088
13115
7578
11809
12371
12141
12951
13437
13428
10020
13786
13785
13552
12623
13616
13893
13121
12122
12584
13851
13426
12944
11902
12498
13071
11972
13410
13741
13674
9423
13347
13475
13395
11395
13216
13855
13720
12707
11349
13805
13649
12993
11510
12174
13253
11251
13543
13460
13572
10547
12441
13715
13806
12093
14130
13862
13785
12014
11633
13889
14248
12021
11364
12194
12900
10067
13332
13552
13242
10776
12917
13814
13756
11187
13934
13908
13351
12140
12481
14055
13901
13095
11294
12997
12011
10578
12651
13332
13407
10964
13496
13773
13808
11882
14063
13810
13889
12683
11616
13847
14067
12182
11481
13318
13216
11341
13760
13486
13524
10443
13172
13954
13892
12520
13973
14069
13641
12904
12519
13951
13973
12321
11823
