-1745
2899
-8984
5920
5259
131
-9617
2088
4418
4035
-6946
1226
-5171
1221
-992
-1243
6558
-2651
-3426
-8174
671
199
-5087
-1864
980
-3705
-7409
-4181
2102
349
-5248
1729
1066
4271
471
-4883
6813
6673
-1823
-9355
-5532
3609
-4719
997
1275
-842
-7149
51
1863
-2966
-2066
4603
5568
5012
1184
-4867
-217
1681
2075
-6456
469
2291
-3576
4551
4397
879
-13207
-5499
2470
4115
-2790
4850
4556
-1364
-1465
-2170
6666
368
-2856
-5379
-2765
4791
-6760
1267
3831
-3090
-8248
2263
1415
697
-690
4099
7139
-153
29
-4666
7157
5872
-4959
-2268
459
1030
-9204
6695
766
2554
-8975
2125
-106
3914
-4372
2614
-1239
-6052
1264
-756
5948
3626
-234
-328
-6798
298
-4928
1499
913
-922
-4770
1031
5388
8381
-236
4319
4202
7386
-1004
-583
6558
3944
-560
-2236
-2689
-329
-5393
6151
3135
2000
-7047
2126
-161
3834
-1361
2931
4328
4163
-4763
-2904
5908
4140
-3857
-4550
-2375
-270
-6793
7257
1766
827
-4978
3190
6931
6406
-4811
4716
6562
2705
1296
-2201
6962
7868
2140
-951
61
1377
-56
6969
1645
4115
-5293
1956
4547
6371
111
4547
9811
-114
2383
1258
8690
2703
5
-7454
657
1685
-6280
2261
4896
1467
766
4530
1410
6202
-1036
3305
4727
1827
-572
-264
8256
1426
3343
1665
-493
-1832
-2196
3424
3031
-1600
-1102
1215
5005
5386
-752
7326
7701
5281
-2252
-982
6848
5602
-369
-211
-1890
267
-1727
7656
3069
3717
-1194
6820
2559
5931
-557
9154
-3816
6333
1708
-3025
5160
2094
1022
-400
-624
456
-7168
7770
5956
7455
-4999
2929
5875
7411
526
6758
6068
513
2678
1343
6528
8034
-845
-6350
2966
2097
-1668
-1268
3669
8820
92
3499
2776
6047
-1159
6659
2872
3348
-2285
-3663
6464
5387
-321
-3885
1004
6100
-4079
6857
6991
5403
4138
5802
4008
5912
-856
5393
8643
6296
4022
-1992
9435
3454
-6495
814
2801
1940
-4567
4862
2153
3024
-3084
4526
6516
7032
-738
6327
4637
8000
928
-41
3056
9419
-62
-3514
2418
5916
-3843
6906
3966
4409
2707
-1741
9808
6005
-262
6265
3450
5730
5728
-3665
4889
5937
3624
-550
2217
6720
-5406
8915
2230
6767
6063
2044
5326
5451
48
6654
2440
4810
-1426
-5710
10183
8277
1231
-897
5593
90
-3463
4586
3436
7182
1255
4231
8388
8236
3797
9084
4318
2325
1104
1524
7846
10846
1759
-1239
-3813
3690
-5012
9194
6043
7396
5334
6585
8676
5558
3119
9524
6994
1131
5574
-1961
6456
9757
5663
482
-612
5801
-2232
4463
7458
5504
4472
4342
6455
6644
-4474
7460
7975
9154
1938
-430
6399
4172
7679
1820
6131
7334
154
7762
4221
9348
1660
3572
9340
7163
4802
8799
7249
5937
8197
1639
5621
9060
1768
-2699
2667
3384
-7122
4263
8232
4280
2505
-106
8179
10447
2160
7759
6958
5828
3011
-1139
6669
8722
-240
1183
6293
3892
-5501
8446
7650
8513
1622
5987
7742
10865
4029
6257
4202
9036
3961
-2267
9244
6848
-1025
666
2786
7387
-1793
8725
9494
8439
2559
4295
9537
10005
4416
9136
10837
9690
8229
1586
6754
10115
2500
375
1693
6349
-887
8768
9385
8477
-197
2989
7327
4306
3673
9080
9291
7392
7417
2788
8131
7836
5035
3925
6361
5288
-3047
9424
4885
10102
2675
7950
8964
8147
3458
7207
7376
8114
5623
265
8135
10735
-2071
-1035
7023
746
-2586
8222
1760
8065
3746
4254
9227
8617
4726
4728
5960
9594
2807
1884
6136
9705
5330
4470
832
4906
-5268
6254
4014
6563
5707
7522
11020
9912
5518
8782
10635
9195
6720
3000
8243
8789
4412
-453
3713
7918
2976
7907
8555
7983
4610
7034
7922
11816
286
9067
9106
9193
5757
4233
10685
10443
1920
5843
2374
7641
-692
9394
5139
5251
1644
8729
10659
10411
1941
9807
10061
8549
6018
2346
10933
10471
4214
1793
4017
5047
513
6494
8396
5712
5143
5785
8175
9199
2091
9813
7995
8018
5061
3609
12744
10858
4085
703
2642
9166
-8072
8933
9538
10849
5058
7950
9365
8281
5879
11729
9407
8544
727
2790
8855
9898
5315
-1430
3215
8872
-6651
10289
10340
5758
4120
4066
8840
10068
5778
8008
8718
10802
2090
-2975
8241
10545
5270
1741
5405
9579
493
6752
10137
10332
2927
6698
6034
7983
7002
8105
8379
10687
-513
2408
9360
9357
4458
6689
4871
7387
-4261
9343
6033
8911
2744
9156
6433
9581
3786
9618
8090
7586
5957
514
9449
10099
4653
4277
769
6050
-1234
12052
8589
9794
1409
9061
10820
10557
5276
9337
10193
9989
7054
4962
10036
11602
3307
1946
5148
7313
5554
10428
8287
9008
685
7300
10953
10709
5113
9508
9031
7480
4248
-492
10395
11104
5296
3949
5979
9427
-1921
8714
9218
9507
3611
5335
5745
9006
4961
10094
8630
7230
4914
1438
9125
9203
6917
1934
1163
9123
2309
8881
8372
7122
6554
5954
10853
10412
8733
10953
7697
10901
9048
-3421
8870
7519
7521
6895
6104
8693
3757
7075
10864
8875
3924
7765
9584
9282
6306
9831
12183
7707
9925
5315
10338
10137
9372
3969
8076
8071
-1472
10636
8798
9395
2681
8888
8430
9004
5776
7215
7764
11613
6928
5665
10002
11540
5096
5566
6289
8655
2886
10885
11008
10294
4559
9175
5876
10043
6225
10547
9896
10003
3567
3370
11957
9650
8606
4438
7721
8605
5811
10069
9341
7857
2860
10740
9653
9672
1168
11736
11693
11305
8183
5429
9727
9552
5356
1547
3678
9317
4169
10151
9123
8402
3380
6392
9949
9668
7656
10212
12150
8196
6165
5879
11613
10481
7227
7110
8100
9492
1780
11400
10390
9222
6984
5838
8001
10927
7894
8798
11082
8585
8817
3868
8561
9230
6919
4860
6380
9456
2812
10349
8673
8448
5064
5872
9534
10962
5925
11894
9745
9961
8054
2818
9882
10815
5159
5619
7281
7004
5837
6941
9021
4851
3897
9155
11077
9936
4091
9310
9500
9197
5889
2670
8494
8970
7450
6053
6949
8131
1314
10281
9268
9262
5371
6610
11649
9534
6904
10098
10709
9193
8016
2258
7969
10205
6528
3640
6345
10943
3783
9136
8940
10611
6623
11183
9057
9030
5331
11447
11744
10079
7062
5445
12035
10089
6704
7108
6154
8625
7340
8349
9582
10147
2752
7612
10603
10410
5367
7803
11494
12525
8886
2562
7708
11515
5499
7477
7319
9278
3879
7813
10707
8551
4252
10426
11044
9687
6186
10516
11493
11151
9422
2629
10842
9945
6803
6661
7658
10099
6025
11499
9235
9946
5086
9571
10868
10671
8929
11740
12429
7287
8224
690
9519
11574
9587
2598
5891
5199
-3566
9066
11031
9398
5735
9867
8954
10807
5849
11423
10083
10018
5494
1894
10077
9718
8602
3796
6440
7957
-3130
10932
8500
11095
4887
7094
9962
9098
8510
10858
10153
7570
7136
4749
9676
9871
6882
5929
6344
8651
3684
10828
10294
10879
2889
9809
7698
10355
8581
9087
10120
11452
7873
6719
10787
11938
7329
6579
6921
9349
3960
10370
10823
10218
7409
8496
8441
10991
5762
9556
11229
10492
7430
5581
7569
12937
6838
6856
5956
10743
2275
6660
10162
10980
3199
8552
10065
10523
7904
10601
11558
9302
8183
4500
11913
9780
9167
5158
9059
7512
-608
10788
9067
10943
6811
9742
8560
10892
4282
12046
10334
11988
3375
2615
11571
11341
7366
5096
8921
11610
6358
9877
9283
8548
2973
8753
8149
10404
7418
12198
11828
10186
6932
3769
11679
10931
8353
7861
7584
7174
4030
7520
11042
10625
6879
8103
11342
9622
6952
10929
10745
11182
9609
6621
11037
9291
7240
8471
7271
11584
-846
9294
9612
10351
2624
11078
10958
11183
9685
10012
11747
8973
8311
5731
11255
11906
5487
6183
5501
9162
4658
10802
6124
8863
6039
9326
10843
6042
8854
12111
9201
10844
8466
4985
11529
9853
8771
7446
2094
7252
5459
11394
9060
11295
5241
10674
9828
10857
9188
9624
10989
10476
8806
8575
11213
10409
9173
3259
9273
10707
-2038
9710
10820
10159
6750
7639
10377
9421
5283
9697
10037
11193
9099
6436
10649
11041
8005
7376
10169
11301
3747
12755
11659
9948
5045
10839
10257
10938
6869
10272
10967
9864
9764
7229
10614
9463
7230
4698
9164
8216
93
11061
10204
9784
6969
9455
12342
8848
5402
11183
11293
11905
9125
6608
12179
12020
7234
6836
7919
8805
4457
10717
8415
10369
5274
10366
11131
10455
5281
10455
10949
11763
10162
1969
10459
10860
6133
5802
7153
8698
4867
11426
10032
10676
4119
10389
10068
10183
6663
9971
9299
11076
6208
7482
11265
10556
6275
7060
6371
8667
1854
11836
10044
9950
5181
10289
9917
10894
8906
8883
11719
9760
9068
6094
12039
11596
7309
4435
5292
9898
2451
10745
8173
11890
3090
11218
11587
6934
7279
10583
10052
10067
7808
6605
11782
11935
8716
8771
9568
9311
4785
10651
9925
8491
6451
10524
10132
11534
8624
11059
11876
11007
10758
4877
11491
12384
10567
10553
5190
7954
2705
9836
9403
10724
5109
11089
11075
11931
7542
10738
10384
9954
2396
9201
10338
10026
7510
10259
6520
10634
7392
11525
8084
9842
3669
11560
9240
10350
9574
11364
9910
11386
9662
5576
11093
11875
3033
6771
4887
9613
704
7838
11375
10087
9207
10114
10306
10638
8863
11098
12317
9118
7820
7487
12579
12207
6540
7741
8356
11079
6133
10039
11819
11219
8900
11795
9623
9837
10468
11114
11476
10854
9135
9040
11042
10730
9728
2484
7445
9897
7804
11404
10570
9608
4172
11053
8782
11274
7850
10797
10659
10591
7845
2407
8737
11372
3853
5190
7012
10169
-1333
10225
10711
10972
7221
10411
10512
9596
8145
10641
11205
11205
9588
2620
12644
11049
6766
7782
5723
10282
-1019
11730
11192
10852
7875
9730
11283
11155
7977
10851
11609
11377
3749
2723
11294
10759
6276
7939
10351
10605
3163
9621
10431
10094
7038
9796
11774
11463
9484
12455
10619
9852
11292
8635
12152
11297
6501
6762
5276
9395
8586
11502
11984
9791
7495
9919
7110
10667
7760
12052
11866
10857
9214
3570
10889
12317
8109
7676
8976
11914
7000
11954
11910
11627
5645
11190
11324
11460
6915
11628
9607
11993
9959
3810
11372
10604
9548
6534
9343
9379
6011
10316
11827
11479
8083
8055
13056
12112
10140
11542
10483
11612
9085
3526
12173
11566
4509
6792
5520
11500
2512
11156
11547
10601
6799
9606
10951
9908
9487
11683
12035
10347
8358
3606
12019
11438
9400
6382
10267
9743
6334
11908
10838
10269
5925
9996
9894
12408
7457
10751
11773
12043
11602
6733
12258
10954
10170
7996
8862
11066
2840
11184
10225
10393
3415
9443
10301
11771
7542
12491
12149
12331
9602
6600
12284
11153
7980
7707
8398
9357
2807
9039
8652
12219
6686
9447
11144
11433
8617
10550
11899
11666
7102
5081
11374
11638
8955
7806
8936
8748
3852
10483
11474
11563
5852
5858
10735
9833
10483
11298
11875
10514
9808
5529
10138
10962
7924
8003
8310
11095
6801
8395
11787
9912
5269
9829
11093
11709
7954
10281
12038
9823
11262
5926
12202
11684
8973
8447
9418
10306
1380
11041
10376
9791
9343
8410
9566
11431
9156
12055
11606
9916
10117
3027
10567
11971
4934
8438
8951
9912
4925
11871
7875
9027
8712
10931
11753
11668
8994
10931
11103
11305
10547
7411
11881
11015
7866
8677
8555
9250
6395
9898
11497
11424
7896
10791
11382
11029
7436
10764
12260
9643
9281
4378
10206
10578
8803
7639
7324
9336
4127
9125
11420
11950
9379
9196
10484
9777
7806
8618
12094
11546
10074
8099
12197
12632
7649
8380
8717
10949
5932
10306
11721
12066
8193
12068
7758
9360
9686
11713
10826
11673
7650
3436
12808
12534
6344
6190
9566
8099
2569
10550
8286
11513
7780
9268
10438
11143
9221
9956
11137
11429
9664
2072
10830
12347
8832
9657
8124
11562
6303
10399
11338
11957
7589
9939
9737
11480
8201
10980
12827
9811
7306
4630
12726
13090
9240
9009
-1879
9353
4569
11614
11179
9121
7953
9943
11471
12913
8193
11084
11576
11713
8061
7049
12716
10529
8310
7959
9416
8450
5952
9631
7431
10974
6064
11150
11652
8667
9154
11642
12950
11705
8846
8263
11295
11036
7983
6499
9149
8236
5643
11965
11251
12766
7451
8602
12354
11742
10852
12221
11962
12393
8648
7588
12587
10393
10445
9637
7425
10601
5410
9820
11573
11925
6425
12276
10771
12094
9616
11376
11542
11555
10158
945
11583
12220
10480
6760
9738
9789
4362
11260
11671
10231
5743
10286
11298
11230
7585
10937
10712
11951
10104
10524
11487
11690
9008
9563
669
8652
5765
11025
10685
11087
8532
9692
11758
9788
6330
12258
10679
10776
10139
3278
11588
12172
9722
8248
6633
11397
6127
11794
11826
11155
2966
9365
12498
9558
9647
12262
11604
12495
8869
8588
9524
11952
10327
8231
10152
8885
3984
11914
11504
12034
1333
8088
11280
11544
9299
10077
9667
9916
7121
7748
12604
11034
8727
6875
7181
6453
4324
11305
11227
12379
4215
11262
10458
10856
9207
9131
10885
11186
9806
7074
11073
9808
10233
6780
10027
10450
6213
11109
10356
11223
5740
12091
11767
11235
10187
11044
11567
12284
9494
8088
9667
11408
8275
4836
9251
10476
3877
10465
11269
11364
6076
9778
10882
11163
8946
9115
9300
10558
10274
6763
12586
9654
8937
7701
6750
9698
2597
9624
9484
10243
7772
9637
11142
10151
9704
11467
11978
11996
9218
4424
11471
11325
10037
6999
8322
10425
6699
10915
10866
10377
6259
11248
12082
11105
9514
12488
11519
12004
8677
8567
11872
12223
7878
9476
11145
10867
7133
11761
11298
10506
5061
11533
11425
10419
8436
11646
9805
12618
9886
7514
9861
12095
9369
7693
5531
10958
7832
11872
12299
11180
5884
11233
10863
10771
9099
10597
9644
9024
10959
6277
11877
12610
9234
8407
8133
9304
7818
11895
10280
11462
3281
7923
10386
11488
6777
11073
11376
9437
8969
6712
11314
11345
7347
7155
8281
10224
7783
10646
11644
11807
2476
10411
11749
11071
9210
13208
11795
11486
9325
6538
11157
12022
7076
9400
10288
9072
2601
10544
9895
10531
3852
11183
12189
10292
6787
10970
11791
12274
9885
3137
11069
11302
6892
8493
7847
10214
4970
10390
9932
11758
6156
9301
11785
11557
10118
11211
11305
11856
10811
6551
12203
12518
8866
9201
8078
10577
5340
11829
11675
11664
3964
11502
10634
12019
11554
11371
10645
12509
9147
9466
11550
12409
9280
8828
9083
11147
6651
12136
12307
11689
7878
10442
11987
12039
9949
11211
11901
11625
10275
9059
11743
11608
9212
7785
9138
11635
3556
11909
11983
11242
3838
11286
11336
11614
8617
11177
11540
10852
9837
8018
11393
11048
9145
8985
9646
11192
5945
11309
12087
9852
6076
7936
11898
11603
9949
9922
10301
10818
10164
8198
12022
12339
10931
6128
8482
10299
6657
8410
9564
11557
8169
10608
10192
12126
8739
9411
10654
11287
11098
6476
11365
11792
8315
8453
8061
11974
669
10239
10890
11592
6699
10547
11815
10518
7632
12117
11881
11010
9766
8619
12299
11778
9874
9330
9578
11413
5117
10749
11076
12632
8955
10950
11336
11705
10359
11519
11743
12630
10427
8810
12455
11522
8697
9391
9462
10648
6241
11345
10350
11697
7969
8434
12286
11806
7431
12326
11482
12296
7066
6746
11874
9987
8701
9293
9060
11050
7206
11103
9745
12030
3472
9537
10510
11915
8546
10312
11174
11430
10537
8292
10851
12108
8521
9008
8373
7804
5383
11910
8205
11417
10028
11837
10347
11009
7901
10894
12447
11321
9809
7670
11932
10994
8353
8572
7834
9825
6271
9693
11275
11447
5165
11236
11624
11722
10504
11443
11973
11721
8154
5509
12169
10956
8867
7296
9074
10629
3009
10713
11341
10142
6483
9169
11459
11134
10004
11934
11097
10965
9415
6002
12279
11297
7643
9286
8241
8577
8400
12205
9496
11602
8456
9453
12462
8817
8009
11568
10558
10445
8474
10175
11053
12777
8778
8772
7947
8462
1930
12384
11479
10765
2429
10422
11195
9084
11045
11573
11043
7478
6430
7853
11682
11077
10794
7702
9332
10439
7459
11512
10834
11420
5544
11326
12540
10914
7676
12003
12036
11241
10189
5460
11515
11769
8065
7695
8522
10752
6494
11635
11661
11148
4578
10715
11465
12233
11274
11218
12504
11718
9730
10492
10624
11604
10426
7619
7347
9244
8913
11898
9779
10233
6121
11283
11023
12207
10038
11421
11769
10700
8922
6105
12800
11866
7659
8574
8497
11441
6764
10479
12171
11514
5543
12573
11230
10582
10106
11311
11165
12777
9742
8056
11740
12033
10322
8756
9052
10720
6220
12514
11563
11642
5883
11673
11708
11921
8523
11264
11566
12595
7691
7002
11554
12034
8699
6966
7582
9404
7258
10024
11881
12005
5785
11795
10559
11214
10075
12326
11252
9662
7932
7828
12554
10851
10416
9349
8601
11248
5753
11254
12488
10206
2325
11127
11160
9704
8860
11879
13071
12464
10770
6330
11501
8624
10862
8766
7392
10089
9329
11558
11943
11203
6099
10594
10413
10839
10145
11692
12147
11417
10110
8382
10034
10456
9675
7851
9772
9838
8677
10187
12339
11975
4884
10373
12363
10123
7373
12139
13539
9693
10420
7643
12060
10993
8802
6297
7602
10825
5361
11846
11172
11003
8967
10971
12114
11887
9327
10986
12076
11668
10455
8027
10534
12082
7727
6570
9113
11284
4305
12160
12270
11690
8044
10786
10707
10360
10845
11725
12238
11535
10091
8146
12590
9261
8633
7543
8532
9282
5168
11704
11537
12375
8010
9439
11650
11693
9958
12578
11886
11556
10305
7340
12401
12278
9690
7470
8388
9217
4875
12185
12616
9705
6796
9728
12337
9936
8189
12787
11648
12401
10299
7834
12255
12209
9595
8279
9021
10124
6336
10432
12139
11441
8865
11552
12276
11330
10132
11700
11238
11462
7768
9779
12334
9982
8283
8411
6356
9866
8383
10946
12243
11460
4921
11399
11605
11948
8183
12757
13181
12443
9326
10189
12704
12143
10445
9955
8293
11473
6589
12717
10615
11396
7585
9579
10799
11717
9229
12432
12074
12216
10181
10000
12125
11600
9975
10092
10103
12268
6137
11471
12608
11723
6670
10101
8247
10635
10107
12477
11039
11951
9069
8856
12472
11091
6146
9105
5934
9365
7200
12637
12764
12291
6259
11785
10801
12330
10070
12137
12087
11662
11143
9728
12937
12015
6271
6986
6772
10436
4763
11536
10610
11652
5461
11659
12293
10887
10128
11711
8514
11272
10894
6942
11224
11391
10079
9613
7473
10889
5362
8571
10952
10371
7430
10520
11131
12577
9530
12407
12007
12571
10067
3374
11187
12407
10200
7772
5692
11875
4364
11241
11976
10973
5623
10303
12266
12704
9308
13132
11919
12134
9008
4873
12582
12211
9570
10339
10098
9896
5990
11361
11218
11552
8143
11571
11463
11385
8999
10936
12416
10938
10303
9121
11539
12168
9338
8746
8788
10496
7195
11915
11706
11495
6758
10400
10797
11684
9032
11646
10246
11551
9703
9189
12545
12945
7371
8941
8440
10060
6883
11226
12040
10501
8689
11398
10693
10362
8024
11483
12502
11720
9547
8079
12374
11315
7893
10046
7225
11246
6211
12147
9822
11438
6352
9790
11071
12030
8530
11261
11142
11701
9094
7942
12534
12263
9129
8432
8931
10198
6798
11051
12837
12453
6942
10493
12145
11200
7127
12187
11525
12454
10179
9727
10127
12861
10910
8122
6124
11179
4790
11087
11175
12129
7126
9752
13004
10336
9145
11452
11754
11821
10735
8072
12491
12527
11838
7766
8703
10459
6044
11997
10720
12182
9430
11457
12781
12381
9914
11976
12457
12420
10649
8073
12977
13077
11265
7957
8799
11570
8857
12328
12870
11960
7923
9386
9734
11876
9896
11792
12709
10665
10412
7912
8881
12828
7713
8750
8260
10292
2009
11803
10493
9572
7518
10191
11385
9695
9863
11749
13054
11862
7216
7481
11424
11492
9619
9710
9467
11611
6298
11473
10443
11726
6886
10493
8581
10956
8931
12388
10191
12003
10571
9237
12235
12074
10373
7053
11081
11254
5962
11515
10669
11402
8778
11668
12248
10723
10011
11866
11585
11337
9650
10383
11213
12321
10106
8030
6739
10957
5584
12227
12359
11989
7348
8757
11408
10460
9893
12093
9477
11116
10026
10743
12377
11938
9090
7411
9353
10537
6878
12700
11156
11780
10683
9797
11971
10963
8706
12111
12245
11854
10616
8014
11930
12550
8407
9863
8847
10681
7171
11889
11381
11552
10889
10291
11226
12313
10809
12886
12938
12057
10721
10077
11482
11562
9825
7952
6432
11073
8144
11878
10538
11826
7554
11033
12346
11865
9985
12397
13137
11325
11092
9570
12208
11469
8480
8040
8142
10460
7869
11262
12067
11131
6021
11436
12537
11546
10984
11974
12149
10130
11293
8612
12428
13038
9494
10437
6416
11536
8017
11598
12625
12612
7939
10843
12794
11784
10646
11729
11830
12434
10309
8471
12076
12567
10075
9267
6710
9662
7146
11963
12061
11436
6554
10570
11309
11142
10459
11655
12308
11705
9720
7559
11527
11937
10411
10083
11063
11120
3117
10774
11576
12331
9014
11491
12032
11312
8397
10304
12587
11966
9424
9285
12442
11336
9537
7466
8325
10831
4442
12664
10271
10266
5928
11107
11250
11070
9632
12066
11952
9970
9902
9310
11110
12687
10294
9903
7282
9862
8168
11294
11591
10678
6356
11774
12230
11718
10009
11565
11894
11573
10623
8872
12579
12309
9554
9584
8024
9626
6387
11419
11970
11866
5554
10648
11504
11173
10709
11705
12410
12217
10552
8678
11582
12660
9700
8932
6350
10641
5470
11932
12326
11758
3607
10532
11598
12343
10046
12830
12487
12699
9618
8937
12092
12237
9143
8060
7381
9015
5667
11452
10961
11590
6819
10604
11692
10606
10560
11435
8784
11478
9697
8752
12177
12274
9925
6639
8944
11811
5716
10499
11216
10549
9146
10759
12848
12197
8217
12069
11669
11362
10815
9856
11808
12271
9678
7648
10293
10607
6109
12417
10643
11153
7995
10843
11923
11778
9629
12220
11682
12098
10201
8119
12293
12348
11762
9076
11412
9758
6405
10886
11105
11585
8037
12063
12200
9341
7639
11714
12571
12827
9209
7822
10625
12010
10439
9650
7156
11353
4777
11723
10960
10659
3061
9970
11513
10917
9351
12522
11953
11691
10630
9065
12347
11855
9317
8560
6862
11466
5272
11161
12260
12384
8357
11198
10972
10618
9474
11606
11720
12040
9918
7666
12282
10658
9020
8819
9686
10855
7916
11283
10926
11931
5940
10801
11846
11573
10231
11508
11913
12339
9720
8188
12710
11914
10510
8856
7298
10682
7799
9158
11675
9923
6366
11639
12905
11451
8717
10689
11052
12345
11306
8852
11542
12194
9655
8699
7812
10851
9633
11798
11934
12990
3292
11612
11640
11788
10042
12539
10476
10548
11259
10527
11946
12904
11349
4861
7783
11279
6139
10529
12702
12003
6790
9787
12119
8135
9951
12037
11945
11246
10856
6120
11532
12334
9296
8515
8667
9213
8215
11758
12293
11511
7312
11141
10836
11296
7881
12378
11248
12572
10858
8592
12930
11748
10510
8590
9907
11867
7586
11850
11892
12420
7811
10591
12475
12797
10222
11752
11856
12437
9384
8174
11502
11562
11560
9273
7268
10433
6685
10956
12531
13246
7170
11841
11869
11723
9884
11787
12532
10610
9662
9351
11859
12161
11111
8765
9583
11250
9797
11623
11772
11994
4982
13045
11816
10816
9844
12545
11539
12493
11290
8931
11196
11758
10648
10421
8810
10065
8331
11323
11373
12367
6756
11158
12364
11337
10519
11294
12504
12845
11539
10251
12561
13047
11588
7060
9761
10336
6363
11542
12422
11976
5611
12513
12327
9747
8458
12521
13090
12806
10390
6393
12230
12432
7665
9442
7093
9701
6508
10795
10391
12124
4902
12015
11014
9482
7994
11789
13188
12018
9619
8876
13129
12483
10088
8208
9726
11171
5808
10654
12377
11314
7758
11433
11405
11715
8869
12780
11838
11260
8819
10000
12806
11792
10199
7167
7191
11463
8868
12295
10217
9266
6819
12094
12166
10941
8644
9395
11981
11250
11352
8261
11514
12714
10434
7437
7823
10692
8702
11300
11882
10823
6705
11750
11996
11770
9615
11447
11512
12028
11347
10150
12271
11644
9478
8270
8492
10993
7250
10680
11888
10372
8992
11168
11872
10351
10566
11211
11645
12056
11282
7926
12694
12064
10085
9115
9145
10890
7124
12218
11439
12279
9543
11092
11623
12607
10645
11609
12879
12236
10634
7560
12201
12558
9371
8872
7590
9998
6921
10869
11726
11623
6489
11196
12570
11731
10907
12204
12092
12247
9319
9178
12436
12377
10904
10248
5539
10517
7547
12087
11525
11571
10538
12499
12068
11118
9922
12307
12390
12661
10188
8532
12859
12554
10679
8279
4325
11390
5300
11533
12067
11559
8234
11598
11190
10108
9700
11782
11669
10944
10545
10651
11539
10130
11791
7527
7823
10150
7388
9977
11645
11513
10094
11806
12277
11429
10330
10315
11440
12192
11350
10106
12109
12135
10562
6026
9975
12028
9182
11292
11491
11927
7180
12199
12197
11947
10189
12288
12232
12482
10319
10735
11963
11435
9773
7270
8828
11919
8884
11185
11684
11546
7138
12176
11620
11773
10852
9658
11882
12103
11168
9448
12554
10849
10610
9630
8697
11808
8592
12254
12268
11585
6903
11878
11719
11929
9869
12670
12195
12485
10121
9880
11806
12862
8336
10465
9668
11750
7437
9960
12843
11551
2214
11828
12299
11840
8914
10770
12096
11848
9845
10440
12582
12834
9021
8526
8557
10286
6719
10705
10298
12141
5205
11675
11465
11634
11502
12607
12484
11380
10404
8041
12493
11487
10034
6106
9716
10964
7868
12090
12866
10450
7775
11714
11835
12173
8239
12339
11492
12425
10872
9895
10971
12272
9259
9149
8827
9107
6666
12074
12397
12724
5831
9938
12507
11220
10950
12250
13196
11108
11453
7868
12150
13036
10960
8283
7190
11004
8712
11558
11550
11786
6710
12251
10639
11825
8725
12037
12335
11163
10053
8204
11868
13095
9642
9789
7700
11040
9554
11887
12853
11027
8847
12016
12022
12477
10200
10051
12569
11988
11956
10504
11915
12464
10797
9623
10052
9855
7916
11292
10693
12087
8558
12130
12088
11597
11102
12378
12462
11080
11162
8695
12017
11877
9312
9799
9403
10539
7325
11963
12046
12247
5262
12183
12105
11135
11032
11991
12316
11416
10530
9461
11841
12228
9349
7962
4212
11451
7306
12044
12310
12371
8038
11612
12716
11311
10649
10832
12650
12047
10703
10230
11494
12133
8466
8633
7918
11686
6933
12415
12061
10847
5059
11547
12940
12098
10090
12849
12137
12148
11168
8349
11668
10923
9813
9140
8597
11728
7118
9802
12362
11860
8223
10646
11939
12136
9479
12421
11849
12211
10727
9485
12357
12153
9490
8111
10878
10923
7534
12220
11889
12310
6587
11340
11561
11508
9998
12579
12078
12117
11233
8752
12484
10434
11194
10315
8030
11931
8349
11833
12440
12236
7950
12477
12109
12199
10124
12340
11610
11844
10892
8278
11717
13200
11592
8565
10556
10168
7936
11685
12439
12571
7933
11851
12394
10532
10749
11876
12436
12742
10613
8764
12433
12947
9833
9820
8329
9643
6895
10691
11511
10527
6152
11227
11683
11388
10641
9546
12023
12238
10573
8448
12296
12525
9385
8850
8731
11145
8980
11896
11800
11660
6725
11728
12495
12452
9597
11941
11822
11380
12286
9325
13555
11836
10913
7335
8941
11965
7587
12400
12947
9179
7508
11136
11585
12467
11215
12399
11659
12742
11710
9786
12192
11195
9655
7606
9747
11709
7284
12659
12087
11521
8885
10806
11472
12682
7563
12147
12953
11449
8415
9902
12391
12965
10779
8559
8020
10941
5871
12013
11222
11843
7306
11229
12608
12256
11364
12232
11411
10671
11078
10919
11659
12243
10415
8082
8752
10293
7202
12328
11983
11861
9906
11120
12560
12864
10819
12072
13078
12006
10525
9069
12163
11784
9145
6456
7855
10775
8243
8499
10534
10595
2313
11882
11248
11772
7832
12401
11758
12406
11034
8716
11789
11709
10432
8243
10935
11066
7292
11888
10541
11421
9819
11537
12377
12109
10335
12310
12321
12360
10964
8955
12397
12617
10668
7451
8198
10242
7620
11282
11944
11874
5794
11913
11311
10788
10126
10841
11325
12217
10277
8563
11889
12816
10257
9642
8670
11576
7729
11299
10705
11653
9319
9578
11857
10893
9464
12007
11155
12108
11065
8405
13130
12005
11325
9024
9019
12222
8268
10604
12086
11958
8231
12407
12313
12523
9767
12255
11611
12341
10659
10747
13050
12845
10280
8319
8965
11738
6751
11966
12235
12058
8507
11628
11642
11864
9241
11637
11770
12006
11034
9895
12059
11937
11277
9203
8892
11791
7819
11955
12954
10795
8696
12031
10970
10784
9410
11870
11224
11071
11880
9306
12842
12502
10146
9523
7962
10819
7417
12252
11817
12141
6936
11664
12391
12315
10318
11938
12959
12540
10571
9618
11950
11671
9056
9875
9612
10831
7531
11174
12096
10793
8646
12038
10587
11897
9263
12172
12793
10033
10588
10363
11584
12275
11442
7929
8987
11851
7941
10472
11058
10770
7390
11138
11448
12338
11036
12671
10728
11417
10286
8814
12213
12247
10726
6033
9887
11336
9371
11420
12527
12411
5541
9577
12473
11631
9283
10891
12474
11775
10012
3052
13124
12351
11123
9525
7056
11358
7231
11978
10765
10047
7637
12587
12203
10825
7596
11652
12073
12607
9692
6118
11690
11776
9408
9309
9769
11859
5550
10288
10825
11059
8033
10380
12026
10904
8877
12663
11043
11564
10381
7275
11771
11728
9057
9573
7015
11226
7994
12158
12827
12034
9541
11773
12392
11643
10059
11459
12235
12512
10251
11151
12399
11180
11949
8621
8926
10921
8456
11984
12303
10861
7777
11919
11287
12570
11039
12877
12433
12311
11948
4875
12198
11649
10701
9260
9705
11288
7472
11917
12966
12075
5530
11165
13011
12590
9215
12077
10047
11515
9906
8279
12622
12618
9812
7980
6858
12179
6664
10936
11791
11777
7596
11761
12668
12437
9242
12471
12277
12702
11714
10361
12689
11464
11145
8778
10243
10650
8251
11152
11041
12883
5472
10479
11981
10134
10266
13158
12554
11591
11438
8398
12863
12532
10880
9297
9009
10413
8622
12165
12556
11244
6047
9694
11491
13348
11003
12280
12715
12146
11137
7173
12453
12543
11336
7030
10403
11617
6645
11965
13136
11898
5973
11489
13007
12169
8820
12901
12189
10943
11923
8747
10626
11378
10823
8944
7739
11370
8722
11976
10904
10515
7070
11747
12647
11943
10733
11825
12248
12450
11130
6328
11166
12793
8749
9756
8332
11736
8097
11634
12620
11787
8910
10722
11592
11657
10811
12571
12651
12559
10931
8354
12665
12372
9167
7703
8184
11879
8657
10322
11853
11102
8637
12237
12344
11628
9935
12792
12267
11787
10114
9587
12120
13082
10366
7718
9649
11776
7610
12064
12117
11208
7525
11040
12198
12889
9794
12572
12580
11190
11839
10448
12487
11948
10421
7873
10450
11214
6290
13105
11490
9715
8607
12260
13012
11639
9502
13271
12616
13146
9870
8557
13267
11988
9972
10153
8408
11829
7087
12453
11123
11275
7480
11752
12478
11270
11409
12065
12932
12441
11122
9478
12904
13414
8300
8739
10315
11996
8993
12806
12217
12533
6361
11953
12454
13099
10661
12331
12913
12606
10409
8878
13036
11552
8413
9282
