-36397.0
-26542.0
-27106.0
-24885.0
-24926.0
-32222.0
-41618.0
-23183.0
-23804.0
-25690.0
-28573.0
-24690.0
-22847.0
-22342.0
-19526.0
-23284.0
-23387.0
-22847.0
-26193.0
-22071.0
-31852.0
-20649.0
-18227.0
-32159.0
-17783.0
-21876.0
-20080.0
-22252.0
-20541.0
-20983.0
-29095.0
-22413.0
-28303.0
-19274.0
-16717.0
-14641.0
-22833.0
-19643.0
-11603.0
-15365.0
-18321.0
-13419.0
-28034.0
-25094.0
-12941.0
-15979.0
-25745.0
-23090.0
-13137.0
-18705.0
-20152.0
-20263.0
-22382.0
-19155.0
-13617.0
-14524.0
-21325.0
-19105.0
-14414.0
-17091.0
-18007.0
-17081.0
-9193.0
-8203.0
-10799.0
-22828.0
-13285.0
-8237.0
-23595.0
-23614.0
-17370.0
-13876.0
-12016.0
-16316.0
-26952.0
-17033.0
-9124.0
-5562.0
-17289.0
-21746.0
-20794.0
-20413.0
-22325.0
-23152.0
-10116.0
-11572.0
-24345.0
-13424.0
-19913.0
-18677.0
-14416.0
-16928.0
-19086.0
-20534.0
-16431.0
-12292.0
-17625.0
-22499.0
-12949.0
-16514.0
-12056.0
-14085.0
-17037.0
-21620.0
-14700.0
-13734.0
-11295.0
-25977.0
-10623.0
-10132.0
-21227.0
-12430.0
-20389.0
-11640.0
-16117.0
-20102.0
-10854.0
-11315.0
-11726.0
-26534.0
-26394.0
-13233.0
-17059.0
-11415.0
-15466.0
-15699.0
-15064.0
-8679.0
-28047.0
-10023.0
-16391.0
-19048.0
-17070.0
-14444.0
-9322.0
-7958.0
-16535.0
-19281.0
-14184.0
-10334.0
-16883.0
-15724.0
-12153.0
-18658.0
-9605.0
-16442.0
-15854.0
-11773.0
-12497.0
-20695.0
-15642.0
-14806.0
-28535.0
-16044.0
-23396.0
-12970.0
-11858.0
-17366.0
-10703.0
-9112.0
-17663.0
-10545.0
-16074.0
-10314.0
-19537.0
-18938.0
-5801.0
-12948.0
-14592.0
-11784.0
-13589.0
-11650.0
-11801.0
-11324.0
-11926.0
-23365.0
-11966.0
-10558.0
-13021.0
-14023.0
-13263.0
-15261.0
-11753.0
-9454.0
-6889.0
-8175.0
-12790.0
-11658.0
-7141.0
-14819.0
-11276.0
-8132.0
-14054.0
-18219.0
-7349.0
-13183.0
-13725.0
-12359.0
-7538.0
-8679.0
-15637.0
-18627.0
-22337.0
-13916.0
-8169.0
-5418.0
-10975.0
-8239.0
-14636.0
-5286.0
-8878.0
-6766.0
-9543.0
-9858.0
-18693.0
-10593.0
-6862.0
-9358.0
-26239.0
-17226.0
-9638.0
-9521.0
-12561.0
-7679.0
-8113.0
-8651.0
-10131.0
-5388.0
-20339.0
-12236.0
-3697.0
-20698.0
-16685.0
-6457.0
-7975.0
-7198.0
-13074.0
-10131.0
-9931.0
-14538.0
-5114.0
-6998.0
-5840.0
-7815.0
-6780.0
-10882.0
-14147.0
-8873.0
-6903.0
-10915.0
-8981.0
-5787.0
-23548.0
-9684.0
-16463.0
-11379.0
-11011.0
-9713.0
-10199.0
-3919.0
-10647.0
-9750.0
-7212.0
-12667.0
-11891.0
-13494.0
-6931.0
-5642.0
-14917.0
-8260.0
-7235.0
-12265.0
-17344.0
-4515.0
-5960.0
-9191.0
-10414.0
-7025.0
-15158.0
-12801.0
-14065.0
-11536.0
-13814.0
-7668.0
-5245.0
-4677.0
-6768.0
-5195.0
-6473.0
-9592.0
-8160.0
-8354.0
-11667.0
-13501.0
-5472.0
-10998.0
-9336.0
-9199.0
-7585.0
-7849.0
-10946.0
-11564.0
-20637.0
-6066.0
-7820.0
-4121.0
-10574.0
-6884.0
-5451.0
-6988.0
-6263.0
-5741.0
-4971.0
-5136.0
-7009.0
-5246.0
-7406.0
-5550.0
-8526.0
-5819.0
-9010.0
-5588.0
-8048.0
-7492.0
-3997.0
-8458.0
-5450.0
-5171.0
-10264.0
-6586.0
-8795.0
-6087.0
-9022.0
-1932.0
-1827.0
-6068.0
-8934.0
-6591.0
-5510.0
-4066.0
-3924.0
-2431.0
-6531.0
-11493.0
-6694.0
-9237.0
-3761.0
-4526.0
-8849.0
-6701.0
-9469.0
-7440.0
-6647.0
-3391.0
-5050.0
-3933.0
-10047.0
-8845.0
-5177.0
-5204.0
-12016.0
-4969.0
-2698.0
-6381.0
-4249.0
-5962.0
-4460.0
-4698.0
-4808.0
-4572.0
-3468.0
-4269.0
-4323.0
-4311.0
-6111.0
-5520.0
-6876.0
-3234.0
-8823.0
-6297.0
-9852.0
-7205.0
-9077.0
-5598.0
-4533.0
-5369.0
-6584.0
-4887.0
-2784.0
-8031.0
-5817.0
-2995.0
-3201.0
-7869.0
-3804.0
-3774.0
-7482.0
-6207.0
-2641.0
-2794.0
-5126.0
-5401.0
-13687.0
-7415.0
-3656.0
-3070.0
-5061.0
-3929.0
-3407.0
-7588.0
-7467.0
-2031.0
-3306.0
-2731.0
-6175.0
-5786.0
-1864.0
-4318.0
-5448.0
-4705.0
-5429.0
-5456.0
-7352.0
-6781.0
-8625.0
-6221.0
-7281.0
-3556.0
-6917.0
-3990.0
-7617.0
-3746.0
-8013.0
-5295.0
-2906.0
-4393.0
-3549.0
-4761.0
-5237.0
-5378.0
-5255.0
-4379.0
-2959.0
-4402.0
-1380.0
-3880.0
-3428.0
-2949.0
-1446.0
-4825.0
-7936.0
-4061.0
-5946.0
-4670.0
-1855.0
-4841.0
-6955.0
-5540.0
-3091.0
-3985.0
-7272.0
-1873.0
-4464.0
-3014.0
-2139.0
-3885.0
-195.0
-5659.0
-1199.0
-5632.0
-4387.0
-4723.0
-3495.0
-2686.0
-2604.0
-1059.0
-1990.0
-2397.0
-3520.0
-5190.0
-2158.0
-3851.0
-4234.0
-1187.0
-2142.0
-1580.0
-2451.0
-2257.0
-1352.0
-1245.0
-5893.0
-2533.0
-1677.0
-6455.0
-3120.0
-5000.0
-5834.0
-7079.0
-1216.0
-5748.0
-2339.0
-2831.0
-7792.0
-1057.0
-3523.0
-1935.0
-3126.0
-1442.0
-548.0
-1651.0
-2329.0
-74.0
-665.0
-823.0
-3345.0
-3795.0
-1219.0
-1930.0
-3677.0
-2533.0
-3129.0
-2319.0
-5015.0
-2895.0
-3487.0
-2053.0
-2332.0
-956.0
-6549.0
-2117.0
-4341.0
-4944.0
-6086.0
-2044.0
-610.0
-5705.0
-5227.0
-3465.0
-833.0
-1582.0
-480.0
-3315.0
-1984.0
-2835.0
-2043.0
-2182.0
-4302.0
-6450.0
-262.0
-4129.0
-5891.0
-4470.0
-7474.0
-2360.0
-2121.0
-383.0
-2417.0
-2760.0
-1239.0
-612.0
-2398.0
-741.0
-658.0
-4056.0
-3483.0
-5193.0
-1104.0
-866.0
-3496.0
-4978.0
-1139.0
-1068.0
-1252.0
-672.0
-2768.0
-3612.0
-2997.0
-4298.0
-3829.0
-2834.0
-4913.0
-1776.0
-3300.0
-1620.0
-2669.0
-2359.0
-1669.0
-3734.0
-1703.0
-4103.0
-2319.0
-1038.0
-3861.0
-4356.0
-1614.0
-2868.0
-4999.0
-3027.0
-3733.0
-2939.0
-2639.0
-3219.0
-4698.0
-1729.0
-2222.0
-1715.0
-5521.0
-3829.0
-3327.0
-1987.0
-7823.0
-3406.0
-1645.0
-3105.0
-2922.0
-5698.0
-2332.0
-4501.0
-3030.0
-8194.0
-8411.0
-3034.0
-1197.0
-3462.0
-1903.0
-1399.0
-2728.0
-1997.0
-1181.0
-1709.0
-1832.0
-1623.0
-4835.0
-870.0
-2036.0
-1378.0
-2363.0
-661.0
-597.0
-2092.0
-485.0
-1061.0
-2566.0
-3011.0
-161.0
-1589.0
-3382.0
-1854.0
-3754.0
-3584.0
-581.0
-2157.0
-3735.0
-1195.0
-2331.0
-343.0
-1793.0
-2104.0
-158.0
-1016.0
-1261.0
-335.0
-298.0
-724.0
-1857.0
-5858.0
-2097.0
-2140.0
-3107.0
-6037.0
-3072.0
-2380.0
-2283.0
-3363.0
-474.0
-4609.0
-3315.0
-1873.0
-1795.0
-2699.0
-2836.0
-2706.0
-2803.0
-1323.0
-746.0
-637.0
-2726.0
-1713.0
-2542.0
-3388.0
46.0
-2624.0
-1662.0
-1976.0
-2142.0
-284.0
-1590.0
-112.0
-670.0
-3282.0
80.0
-902.0
-1972.0
-476.0
-197.0
-3527.0
-1549.0
-2645.0
600.0
-2165.0
-1158.0
-407.0
-50.0
-1145.0
53.0
-1686.0
-1115.0
-309.0
-4360.0
-1175.0
-646.0
111.0
-2683.0
-3575.0
-2065.0
-56.0
-2454.0
-870.0
-2375.0
-2225.0
-2965.0
-2928.0
-2077.0
-1429.0
-4175.0
545.0
-1959.0
-1324.0
66.0
-1881.0
251.0
-681.0
-1365.0
-2189.0
-1458.0
-1000.0
-514.0
-1837.0
43.0
-2484.0
-713.0
-677.0
-4529.0
284.0
-189.0
-1568.0
-1937.0
-3072.0
-997.0
-514.0
-1227.0
-125.0
-2823.0
-1161.0
-477.0
-839.0
-226.0
-1591.0
-397.0
-1921.0
-1289.0
-1139.0
-1945.0
-587.0
-263.0
-571.0
-553.0
163.0
-869.0
-206.0
-973.0
-659.0
-845.0
-1144.0
-15.0
-516.0
-1229.0
-497.0
-1516.0
501.0
-930.0
-2442.0
-1958.0
-1151.0
-1885.0
-723.0
-2497.0
-1230.0
-532.0
-2122.0
-750.0
182.0
-1465.0
1470.0
-523.0
-620.0
-552.0
500.0
1481.0
-934.0
-70.0
39.0
-461.0
221.0
-545.0
-2432.0
-386.0
-2278.0
-2094.0
-708.0
-1027.0
-785.0
-243.0
-66.0
-2183.0
-655.0
-1986.0
-572.0
-2435.0
-837.0
-1399.0
-2353.0
-676.0
-12.0
1796.0
-824.0
-185.0
-370.0
-1335.0
-462.0
-340.0
-1749.0
-1575.0
-1067.0
-328.0
1416.0
-742.0
-1465.0
-802.0
-18.0
-2856.0
-1473.0
-3040.0
-464.0
71.0
-131.0
-1327.0
-351.0
466.0
-245.0
81.0
-351.0
-382.0
-64.0
-306.0
-471.0
613.0
389.0
317.0
-468.0
-3458.0
184.0
-373.0
-607.0
362.0
-941.0
73.0
767.0
-726.0
-932.0
-1828.0
-1623.0
-416.0
-1149.0
671.0
-1058.0
623.0
-1482.0
561.0
-187.0
1299.0
-45.0
369.0
-1357.0
349.0
-581.0
-632.0
-346.0
500.0
-1431.0
421.0
117.0
-608.0
-1209.0
420.0
57.0
-833.0
501.0
589.0
607.0
277.0
10.0
483.0
-373.0
-236.0
-313.0
736.0
-419.0
-975.0
-637.0
-2279.0
-495.0
-398.0
-1690.0
133.0
17.0
-397.0
-289.0
-2373.0
-1222.0
-155.0
-959.0
-1299.0
-166.0
-853.0
-364.0
-919.0
-544.0
621.0
63.0
-1646.0
491.0
-1018.0
-1660.0
910.0
91.0
151.0
-268.0
706.0
142.0
946.0
-254.0
-419.0
392.0
-262.0
-1398.0
-63.0
22.0
321.0
437.0
-2126.0
375.0
-101.0
-1316.0
-1374.0
-548.0
-603.0
1242.0
-1226.0
-979.0
-857.0
1506.0
-2264.0
-1133.0
-1741.0
-1390.0
-2692.0
18.0
-298.0
-985.0
-3155.0
-563.0
-2113.0
93.0
-53.0
369.0
583.0
89.0
1203.0
-982.0
954.0
1766.0
-285.0
-202.0
178.0
910.0
358.0
-358.0
-196.0
74.0
720.0
48.0
-1320.0
756.0
586.0
-112.0
-654.0
596.0
597.0
-435.0
-644.0
900.0
-218.0
-374.0
-969.0
-353.0
632.0
1320.0
-217.0
-915.0
118.0
891.0
-121.0
-1243.0
-103.0
678.0
84.0
813.0
-1839.0
440.0
-1213.0
-1150.0
241.0
722.0
1964.0
516.0
345.0
-130.0
1227.0
177.0
116.0
1086.0
497.0
-1173.0
667.0
1564.0
-7.0
765.0
1046.0
-76.0
678.0
357.0
-1102.0
-575.0
-645.0
664.0
-693.0
659.0
459.0
667.0
-1559.0
1271.0
873.0
91.0
46.0
-462.0
1533.0
-383.0
-998.0
-1565.0
-765.0
-2138.0
525.0
-1130.0
-184.0
-722.0
-1895.0
-175.0
-660.0
-215.0
-1612.0
-1465.0
-370.0
-834.0
1949.0
-1600.0
-11.0
34.0
13.0
-35.0
498.0
234.0
-1311.0
-81.0
512.0
-1032.0
321.0
360.0
-302.0
513.0
30.0
-462.0
-365.0
439.0
740.0
358.0
-1133.0
-380.0
1935.0
859.0
910.0
483.0
630.0
510.0
62.0
-594.0
769.0
989.0
-341.0
-933.0
-1006.0
822.0
790.0
-240.0
410.0
-369.0
-1336.0
418.0
-130.0
-657.0
469.0
-1689.0
-341.0
-1009.0
943.0
186.0
422.0
13.0
1136.0
-2042.0
-129.0
2300.0
-46.0
-255.0
224.0
1866.0
506.0
1399.0
1069.0
766.0
-2601.0
-893.0
-3272.0
-5744.0
-3545.0
-2183.0
-4359.0
-324.0
-3487.0
-4127.0
-2812.0
1933.0
-2498.0
-3548.0
-2258.0
57.0
1599.0
1381.0
-2511.0
-415.0
-322.0
9.0
406.0
463.0
911.0
651.0
195.0
-514.0
-101.0
399.0
-489.0
52.0
737.0
185.0
1361.0
1320.0
223.0
-215.0
1587.0
920.0
574.0
2171.0
703.0
878.0
985.0
1900.0
-245.0
-106.0
426.0
1174.0
769.0
769.0
-958.0
529.0
708.0
437.0
-698.0
307.0
846.0
1328.0
-452.0
2034.0
2196.0
475.0
-2065.0
-108.0
2064.0
1690.0
-508.0
-973.0
-793.0
1579.0
713.0
375.0
393.0
635.0
123.0
350.0
-407.0
-140.0
-388.0
-246.0
-46.0
125.0
1731.0
-2556.0
241.0
-433.0
-715.0
219.0
2147.0
1464.0
-219.0
413.0
2003.0
926.0
700.0
-181.0
1035.0
915.0
43.0
561.0
-1369.0
568.0
412.0
671.0
-1087.0
-270.0
1374.0
270.0
-361.0
1168.0
-2324.0
970.0
-78.0
-2501.0
-845.0
1988.0
-561.0
-718.0
-555.0
873.0
647.0
-8.0
828.0
-134.0
-726.0
496.0
753.0
-465.0
-459.0
-656.0
-83.0
606.0
423.0
853.0
-582.0
140.0
580.0
353.0
736.0
2177.0
418.0
-95.0
1808.0
1151.0
1315.0
755.0
-378.0
-1546.0
-644.0
-1013.0
-992.0
-730.0
858.0
-609.0
-2102.0
747.0
915.0
669.0
-1128.0
-828.0
824.0
934.0
460.0
195.0
1782.0
459.0
279.0
-2386.0
-1435.0
1227.0
472.0
-1534.0
573.0
-339.0
455.0
305.0
-128.0
-833.0
-1737.0
-1246.0
629.0
-391.0
708.0
596.0
165.0
480.0
-205.0
1103.0
1707.0
2298.0
-690.0
51.0
2088.0
-610.0
-367.0
-34.0
212.0
482.0
-238.0
1073.0
-1819.0
-330.0
282.0
-604.0
-624.0
-240.0
407.0
128.0
-2138.0
-515.0
132.0
-174.0
280.0
143.0
1601.0
811.0
493.0
-129.0
-138.0
1309.0
373.0
493.0
378.0
-1647.0
322.0
-87.0
-909.0
267.0
388.0
573.0
576.0
476.0
731.0
809.0
669.0
-361.0
362.0
793.0
402.0
1839.0
-357.0
-57.0
1992.0
921.0
22.0
136.0
407.0
412.0
-2204.0
-1058.0
-3024.0
-1378.0
-120.0
327.0
-1115.0
483.0
966.0
860.0
276.0
719.0
951.0
837.0
-1452.0
-2085.0
1357.0
2173.0
-1270.0
-1801.0
-1965.0
-860.0
259.0
149.0
-868.0
-378.0
111.0
-1193.0
45.0
-253.0
479.0
-2119.0
314.0
745.0
1775.0
723.0
395.0
284.0
183.0
1378.0
1975.0
1557.0
60.0
-398.0
2040.0
713.0
587.0
599.0
400.0
594.0
760.0
634.0
-299.0
324.0
78.0
763.0
-815.0
441.0
263.0
804.0
-81.0
977.0
1468.0
910.0
1383.0
583.0
1936.0
232.0
1549.0
-473.0
-188.0
563.0
372.0
267.0
1062.0
632.0
594.0
603.0
-1293.0
-217.0
-233.0
587.0
114.0
1662.0
1712.0
615.0
436.0
244.0
886.0
442.0
689.0
2229.0
66.0
158.0
716.0
861.0
437.0
657.0
1671.0
717.0
621.0
667.0
-171.0
707.0
838.0
765.0
-976.0
773.0
894.0
839.0
672.0
1022.0
497.0
1559.0
-491.0
190.0
1010.0
974.0
-15.0
-6.0
109.0
1268.0
760.0
581.0
563.0
519.0
411.0
489.0
-1077.0
193.0
-4177.0
-1275.0
-35.0
-51.0
181.0
220.0
-1283.0
224.0
-126.0
308.0
122.0
1498.0
329.0
-134.0
458.0
2285.0
-36.0
-227.0
204.0
-509.0
-1559.0
-202.0
-1177.0
-738.0
-599.0
-732.0
-2238.0
-1363.0
-770.0
-881.0
-1168.0
-183.0
-1137.0
360.0
142.0
-1477.0
383.0
992.0
-105.0
-900.0
-451.0
48.0
54.0
-718.0
400.0
614.0
134.0
518.0
-488.0
121.0
-511.0
-290.0
81.0
414.0
775.0
987.0
247.0
51.0
80.0
843.0
248.0
1537.0
-285.0
352.0
1030.0
1930.0
607.0
707.0
-68.0
653.0
34.0
-140.0
160.0
-342.0
826.0
-45.0
-660.0
634.0
1137.0
532.0
86.0
807.0
1861.0
1878.0
448.0
903.0
2025.0
1874.0
-86.0
-170.0
-282.0
818.0
1545.0
-401.0
661.0
803.0
283.0
552.0
124.0
94.0
-200.0
820.0
-24.0
225.0
1062.0
796.0
104.0
542.0
521.0
652.0
860.0
1981.0
238.0
417.0
822.0
1775.0
446.0
1093.0
1005.0
451.0
826.0
499.0
36.0
659.0
531.0
859.0
-348.0
597.0
1293.0
667.0
-40.0
623.0
-307.0
407.0
-581.0
465.0
733.0
969.0
658.0
-552.0
34.0
1834.0
589.0
-75.0
532.0
957.0
288.0
656.0
-90.0
569.0
-670.0
919.0
-108.0
730.0
1035.0
860.0
106.0
-246.0
1988.0
528.0
783.0
2438.0
296.0
300.0
981.0
1394.0
322.0
308.0
260.0
492.0
399.0
557.0
293.0
598.0
1737.0
560.0
-338.0
831.0
1006.0
1047.0
-253.0
1047.0
989.0
1896.0
706.0
366.0
1797.0
1964.0
505.0
-326.0
88.0
1535.0
322.0
140.0
447.0
748.0
683.0
757.0
222.0
299.0
-256.0
731.0
177.0
600.0
959.0
1945.0
520.0
-340.0
1785.0
680.0
582.0
2128.0
435.0
147.0
1789.0
1994.0
388.0
362.0
2114.0
243.0
-10.0
464.0
101.0
947.0
2040.0
675.0
-369.0
938.0
959.0
909.0
676.0
991.0
1828.0
1974.0
536.0
311.0
1903.0
1068.0
-49.0
173.0
84.0
910.0
609.0
1138.0
1406.0
249.0
944.0
1123.0
-3.0
92.0
103.0
-512.0
415.0
319.0
1971.0
2090.0
124.0
9.0
1130.0
444.0
359.0
2169.0
99.0
813.0
2007.0
1028.0
429.0
483.0
981.0
593.0
684.0
694.0
265.0
575.0
1332.0
873.0
-1160.0
964.0
996.0
863.0
-275.0
1013.0
514.0
1387.0
500.0
392.0
952.0
959.0
-1017.0
-106.0
-1525.0
1065.0
161.0
1500.0
1397.0
-124.0
360.0
648.0
230.0
-171.0
-958.0
251.0
-271.0
465.0
681.0
1076.0
477.0
409.0
1302.0
729.0
1200.0
1724.0
1053.0
703.0
1065.0
1051.0
1442.0
837.0
1419.0
1054.0
860.0
132.0
-819.0
705.0
2039.0
1003.0
-670.0
961.0
2044.0
1295.0
-128.0
1419.0
861.0
2132.0
353.0
1051.0
1395.0
431.0
240.0
468.0
215.0
1545.0
715.0
-158.0
754.0
322.0
-633.0
934.0
25.0
595.0
316.0
140.0
211.0
471.0
1797.0
1879.0
695.0
-421.0
561.0
1475.0
763.0
1531.0
306.0
491.0
682.0
1342.0
1432.0
1044.0
903.0
782.0
684.0
837.0
-149.0
878.0
1647.0
850.0
-267.0
1111.0
1350.0
1300.0
549.0
2238.0
1195.0
1403.0
381.0
982.0
1947.0
747.0
991.0
624.0
268.0
2096.0
1921.0
980.0
129.0
-765.0
1180.0
301.0
-1277.0
960.0
-349.0
-271.0
-153.0
1223.0
1056.0
1228.0
-805.0
-899.0
1721.0
383.0
-578.0
1059.0
539.0
520.0
727.0
1202.0
359.0
782.0
1023.0
572.0
697.0
1137.0
147.0
1209.0
2104.0
642.0
-608.0
1607.0
1030.0
851.0
153.0
1544.0
1505.0
960.0
327.0
1060.0
1356.0
776.0
752.0
-627.0
-9.0
1216.0
206.0
661.0
46.0
-356.0
1005.0
325.0
-2059.0
1116.0
-353.0
-241.0
671.0
1399.0
1550.0
1381.0
1516.0
158.0
271.0
1295.0
506.0
2342.0
-65.0
-512.0
989.0
2219.0
1693.0
-125.0
-804.0
60.0
1878.0
1715.0
-409.0
1963.0
417.0
-1350.0
-1066.0
172.0
1387.0
1471.0
85.0
993.0
1104.0
827.0
-946.0
-146.0
895.0
1181.0
-402.0
-226.0
-44.0
1588.0
536.0
646.0
793.0
407.0
698.0
1739.0
197.0
250.0
87.0
895.0
-40.0
734.0
826.0
2130.0
901.0
80.0
613.0
814.0
1925.0
1490.0
311.0
237.0
961.0
2249.0
596.0
1377.0
438.0
651.0
378.0
624.0
-565.0
796.0
1186.0
1224.0
-815.0
746.0
1889.0
-345.0
457.0
1448.0
1034.0
952.0
-569.0
997.0
1026.0
1715.0
-514.0
118.0
-119.0
1211.0
501.0
441.0
346.0
454.0
766.0
25.0
72.0
1082.0
160.0
96.0
450.0
-732.0
1885.0
1193.0
1483.0
495.0
1673.0
364.0
1687.0
1960.0
185.0
410.0
1592.0
1506.0
704.0
652.0
1551.0
82.0
369.0
173.0
-8.0
227.0
1238.0
916.0
-1052.0
852.0
779.0
1612.0
432.0
1563.0
872.0
991.0
751.0
668.0
2050.0
1792.0
723.0
-2.0
-173.0
1706.0
567.0
784.0
289.0
392.0
424.0
839.0
-57.0
863.0
527.0
1197.0
1081.0
1251.0
1045.0
1005.0
1492.0
446.0
-1579.0
279.0
856.0
2429.0
-2451.0
321.0
1416.0
2206.0
1284.0
954.0
2061.0
1041.0
-68.0
686.0
-125.0
1345.0
2067.0
-429.0
-469.0
1849.0
1975.0
409.0
940.0
1655.0
1372.0
2111.0
837.0
835.0
-1109.0
1364.0
30.0
-1189.0
-2159.0
1384.0
2043.0
672.0
-759.0
502.0
126.0
1503.0
109.0
262.0
412.0
1468.0
616.0
650.0
1192.0
889.0
978.0
392.0
679.0
-12.0
784.0
1940.0
694.0
308.0
2050.0
1020.0
1410.0
688.0
2056.0
829.0
525.0
837.0
265.0
964.0
1886.0
379.0
-1171.0
1171.0
1817.0
861.0
366.0
876.0
1003.0
1072.0
861.0
923.0
2167.0
1033.0
787.0
130.0
449.0
2048.0
526.0
1100.0
666.0
807.0
917.0
751.0
344.0
960.0
161.0
1455.0
819.0
1082.0
1383.0
1334.0
1822.0
-32.0
751.0
1012.0
1519.0
1318.0
804.0
675.0
2104.0
1000.0
1070.0
852.0
598.0
550.0
-306.0
1061.0
50.0
685.0
753.0
1398.0
-180.0
575.0
1098.0
921.0
157.0
1661.0
1485.0
1127.0
1152.0
846.0
2004.0
738.0
232.0
-275.0
352.0
2007.0
198.0
723.0
703.0
-2035.0
340.0
1409.0
-737.0
531.0
98.0
1044.0
499.0
997.0
428.0
200.0
993.0
-139.0
1689.0
1313.0
-478.0
1906.0
-1251.0
86.0
-311.0
2056.0
1279.0
1247.0
487.0
1229.0
-1979.0
1335.0
1041.0
1391.0
-957.0
242.0
-986.0
1434.0
2248.0
-433.0
1018.0
146.0
1568.0
-126.0
-785.0
701.0
30.0
1997.0
153.0
-339.0
-1227.0
1369.0
1579.0
1132.0
1344.0
507.0
712.0
-74.0
-346.0
767.0
80.0
1001.0
-455.0
1124.0
948.0
892.0
-34.0
943.0
1096.0
643.0
463.0
2280.0
-45.0
103.0
1543.0
1078.0
231.0
1577.0
230.0
1227.0
351.0
547.0
274.0
1006.0
1777.0
821.0
-333.0
629.0
754.0
689.0
466.0
967.0
2205.0
869.0
550.0
646.0
707.0
1042.0
675.0
168.0
-284.0
983.0
253.0
308.0
716.0
1044.0
274.0
828.0
-149.0
-1740.0
-291.0
632.0
-255.0
538.0
1675.0
508.0
762.0
-47.0
701.0
744.0
-28.0
2315.0
502.0
-621.0
816.0
1557.0
-1476.0
519.0
85.0
402.0
363.0
626.0
648.0
1383.0
1182.0
1114.0
-1386.0
1146.0
2031.0
-216.0
-668.0
1978.0
-12.0
1640.0
183.0
1058.0
1206.0
1826.0
-171.0
-314.0
-274.0
1284.0
-51.0
1028.0
1130.0
-50.0
274.0
900.0
-145.0
1296.0
-134.0
1193.0
1058.0
1186.0
676.0
1404.0
851.0
-8.0
27.0
1586.0
568.0
1367.0
933.0
1083.0
579.0
2172.0
1655.0
1104.0
304.0
335.0
205.0
1471.0
-104.0
542.0
-35.0
1458.0
-249.0
356.0
935.0
32.0
83.0
114.0
699.0
580.0
267.0
78.0
2202.0
2100.0
119.0
-147.0
184.0
1924.0
854.0
-50.0
749.0
733.0
602.0
2051.0
308.0
428.0
304.0
1572.0
618.0
645.0
1071.0
1114.0
393.0
373.0
1975.0
1084.0
1368.0
1509.0
257.0
1095.0
2078.0
711.0
661.0
584.0
942.0
944.0
734.0
-41.0
242.0
651.0
1480.0
704.0
-1059.0
942.0
1728.0
738.0
372.0
1604.0
1001.0
1568.0
127.0
473.0
1236.0
654.0
574.0
361.0
17.0
1449.0
604.0
49.0
1370.0
254.0
865.0
1664.0
-354.0
971.0
-18.0
1297.0
1187.0
-468.0
309.0
1293.0
-363.0
-460.0
-1121.0
1177.0
117.0
2242.0
-327.0
776.0
1977.0
450.0
1663.0
356.0
552.0
901.0
-403.0
344.0
948.0
539.0
1928.0
1392.0
-1539.0
1346.0
1437.0
434.0
-43.0
1495.0
141.0
1394.0
1335.0
916.0
-36.0
2095.0
1227.0
-874.0
-289.0
1298.0
1299.0
-135.0
1316.0
3.0
94.0
1508.0
240.0
416.0
72.0
1239.0
109.0
1113.0
917.0
1050.0
332.0
43.0
888.0
1081.0
1475.0
1349.0
657.0
905.0
2069.0
1727.0
1264.0
458.0
1604.0
1142.0
6.0
1281.0
-43.0
1558.0
1675.0
777.0
-1037.0
291.0
2202.0
1454.0
-210.0
-181.0
202.0
1032.0
33.0
1342.0
2198.0
2033.0
1227.0
149.0
-990.0
1854.0
-397.0
659.0
599.0
79.0
924.0
1365.0
-615.0
48.0
-506.0
1717.0
-709.0
1308.0
1491.0
1484.0
694.0
-334.0
1819.0
732.0
881.0
1877.0
-482.0
688.0
1421.0
1664.0
1557.0
-330.0
1299.0
829.0
401.0
591.0
-383.0
594.0
311.0
511.0
-975.0
648.0
887.0
1613.0
1210.0
1360.0
1222.0
1385.0
704.0
528.0
2117.0
1730.0
1267.0
1037.0
748.0
1662.0
1429.0
-351.0
663.0
151.0
310.0
1511.0
-36.0
1054.0
-1059.0
999.0
657.0
364.0
2123.0
2039.0
371.0
-165.0
1748.0
1172.0
126.0
923.0
323.0
783.0
45.0
2275.0
1267.0
1430.0
1792.0
-290.0
-1753.0
74.0
-711.0
-427.0
1903.0
1517.0
-3042.0
117.0
422.0
-725.0
1523.0
-1380.0
1672.0
1349.0
-248.0
1512.0
586.0
710.0
51.0
107.0
1098.0
371.0
-462.0
1110.0
678.0
-774.0
10.0
542.0
-253.0
1119.0
20.0
433.0
-506.0
1375.0
1652.0
1631.0
1313.0
1196.0
1460.0
1330.0
782.0
2021.0
155.0
625.0
2253.0
2150.0
1639.0
-460.0
314.0
1528.0
-220.0
335.0
-252.0
561.0
543.0
1598.0
-670.0
364.0
1200.0
684.0
645.0
47.0
1423.0
1920.0
704.0
1215.0
1980.0
772.0
1216.0
318.0
487.0
923.0
1104.0
1030.0
1276.0
294.0
1087.0
1350.0
-42.0
1194.0
-471.0
1538.0
860.0
278.0
-9.0
-973.0
1504.0
-726.0
1828.0
1238.0
1487.0
1255.0
-12.0
-1720.0
1693.0
1612.0
-1615.0
1709.0
1366.0
-85.0
-135.0
1487.0
258.0
-53.0
1210.0
1506.0
-645.0
1299.0
1328.0
1451.0
632.0
1628.0
1538.0
2073.0
1238.0
1043.0
2164.0
1673.0
1030.0
589.0
-53.0
724.0
14.0
-404.0
1638.0
-321.0
-234.0
-188.0
-734.0
-271.0
-717.0
1452.0
1448.0
1452.0
1707.0
1728.0
1288.0
-189.0
1782.0
2155.0
1719.0
2177.0
248.0
548.0
2031.0
315.0
1764.0
-495.0
1359.0
522.0
-32.0
521.0
127.0
1624.0
1976.0
61.0
-617.0
285.0
1324.0
-68.0
1122.0
772.0
1839.0
1101.0
99.0
517.0
2293.0
2152.0
640.0
44.0
1004.0
1378.0
188.0
883.0
949.0
407.0
1012.0
519.0
-376.0
1426.0
912.0
1659.0
817.0
995.0
987.0
1605.0
714.0
87.0
1415.0
1354.0
118.0
1657.0
865.0
-250.0
684.0
2297.0
1884.0
679.0
1532.0
1301.0
344.0
1422.0
34.0
648.0
694.0
1507.0
-139.0
1298.0
328.0
6.0
-474.0
310.0
913.0
1005.0
792.0
754.0
2087.0
1923.0
1525.0
-573.0
-179.0
1782.0
811.0
733.0
693.0
37.0
616.0
1960.0
-2275.0
167.0
-505.0
1003.0
111.0
939.0
1987.0
1396.0
1570.0
-1617.0
746.0
851.0
668.0
1477.0
1098.0
1355.0
1926.0
2256.0
1079.0
1315.0
1661.0
1484.0
474.0
437.0
-809.0
714.0
674.0
1278.0
-383.0
1520.0
299.0
1578.0
408.0
775.0
1401.0
1256.0
166.0
1241.0
936.0
1981.0
1165.0
182.0
259.0
1573.0
1137.0
975.0
1171.0
506.0
1094.0
696.0
75.0
1155.0
298.0
11.0
1007.0
1557.0
2153.0
1327.0
587.0
-215.0
1928.0
706.0
1754.0
1504.0
16.0
229.0
1028.0
2196.0
668.0
1367.0
1679.0
1511.0
594.0
703.0
-3.0
88.0
1552.0
1434.0
-744.0
-422.0
1876.0
-476.0
-1584.0
-800.0
1642.0
1767.0
-2662.0
-770.0
1890.0
2302.0
870.0
-884.0
-674.0
1740.0
1524.0
1462.0
-215.0
-598.0
-797.0
109.0
-1942.0
-1099.0
790.0
1605.0
1359.0
638.0
751.0
683.0
1609.0
412.0
1946.0
1425.0
710.0
2414.0
-721.0
-184.0
530.0
928.0
1344.0
1741.0
-380.0
-5.0
-672.0
-68.0
-1616.0
201.0
2192.0
518.0
-1236.0
1816.0
2216.0
880.0
660.0
615.0
553.0
1977.0
-86.0
1708.0
796.0
165.0
1327.0
46.0
-150.0
1804.0
1277.0
1090.0
928.0
295.0
458.0
-216.0
-1461.0
1451.0
-900.0
1304.0
603.0
1566.0
1561.0
1564.0
194.0
-947.0
1585.0
1522.0
855.0
2190.0
996.0
1273.0
688.0
203.0
1469.0
1164.0
895.0
1158.0
447.0
-212.0
-11.0
801.0
1688.0
1445.0
-232.0
1600.0
1998.0
-66.0
60.0
-630.0
1817.0
781.0
-127.0
-307.0
1975.0
-26.0
-2540.0
-1443.0
-858.0
1104.0
-1600.0
1409.0
-1283.0
-1228.0
-1542.0
-832.0
-1524.0
1196.0
-2930.0
-333.0
-379.0
1638.0
243.0
1663.0
-409.0
-1259.0
-1401.0
1566.0
-1741.0
2286.0
-828.0
-931.0
2060.0
2005.0
44.0
-797.0
1569.0
-286.0
-3199.0
-727.0
1153.0
-170.0
1989.0
1766.0
-1021.0
700.0
1986.0
433.0
1144.0
505.0
1271.0
1012.0
427.0
-218.0
-282.0
758.0
-99.0
-321.0
102.0
1516.0
1095.0
912.0
974.0
462.0
468.0
438.0
-345.0
1159.0
573.0
1030.0
534.0
666.0
1485.0
2097.0
370.0
702.0
825.0
874.0
888.0
2295.0
777.0
311.0
1760.0
1264.0
943.0
730.0
1225.0
673.0
530.0
1718.0
1017.0
1202.0
2141.0
926.0
-308.0
1106.0
1806.0
1555.0
1267.0
1199.0
2107.0
1886.0
101.0
1416.0
1904.0
1923.0
1322.0
-72.0
-576.0
1617.0
915.0
-84.0
177.0
480.0
437.0
740.0
15.0
1326.0
-129.0
1691.0
475.0
1196.0
2119.0
2134.0
978.0
674.0
776.0
1063.0
1598.0
2206.0
955.0
484.0
1057.0
1582.0
554.0
643.0
1739.0
570.0
1703.0
1378.0
465.0
1108.0
1338.0
1036.0
-155.0
1080.0
2183.0
831.0
937.0
949.0
1197.0
1474.0
1105.0
937.0
885.0
967.0
1111.0
29.0
-116.0
1669.0
1167.0
974.0
1142.0
266.0
-197.0
597.0
-1722.0
194.0
-364.0
1672.0
1099.0
-936.0
479.0
329.0
1372.0
-77.0
87.0
1543.0
-168.0
768.0
846.0
-93.0
1920.0
2077.0
727.0
607.0
246.0
738.0
-2.0
1262.0
911.0
1145.0
1818.0
34.0
-666.0
1529.0
1407.0
742.0
504.0
1721.0
1654.0
1989.0
1359.0
1316.0
2370.0
1986.0
1792.0
973.0
-641.0
1937.0
-4.0
1014.0
388.0
-4.0
-210.0
301.0
-1466.0
1712.0
-1079.0
1381.0
842.0
1595.0
1699.0
917.0
1576.0
-336.0
471.0
1191.0
861.0
1501.0
1273.0
1310.0
2013.0
2091.0
318.0
1422.0
-176.0
1383.0
-525.0
421.0
1258.0
229.0
1951.0
823.0
-236.0
1452.0
1745.0
753.0
902.0
920.0
1009.0
2191.0
715.0
1272.0
1674.0
1079.0
1265.0
330.0
349.0
1691.0
1976.0
879.0
836.0
525.0
516.0
98.0
-446.0
421.0
427.0
1593.0
154.0
831.0
681.0
1272.0
663.0
367.0
942.0
1469.0
691.0
2411.0
900.0
1167.0
2103.0
2109.0
1843.0
1516.0
1440.0
1136.0
327.0
406.0
-323.0
786.0
1428.0
1346.0
32.0
1481.0
2183.0
828.0
267.0
997.0
1497.0
2052.0
740.0
759.0
1002.0
2369.0
1237.0
991.0
222.0
1166.0
1405.0
957.0
795.0
309.0
237.0
1303.0
-493.0
782.0
214.0
1510.0
798.0
833.0
767.0
1557.0
1324.0
1161.0
926.0
1992.0
983.0
896.0
300.0
753.0
1020.0
871.0
1308.0
1127.0
980.0
942.0
720.0
1332.0
185.0
1179.0
912.0
505.0
-4.0
1207.0
1811.0
1332.0
627.0
1610.0
998.0
1537.0
1284.0
856.0
2357.0
2179.0
1124.0
767.0
913.0
1782.0
31.0
349.0
619.0
401.0
944.0
611.0
174.0
457.0
494.0
1453.0
365.0
433.0
677.0
307.0
832.0
608.0
915.0
1052.0
2047.0
1036.0
930.0
995.0
2187.0
1915.0
1615.0
1052.0
1250.0
953.0
709.0
916.0
445.0
897.0
927.0
1130.0
-526.0
1050.0
1973.0
1584.0
905.0
964.0
991.0
1525.0
1232.0
506.0
1571.0
1994.0
706.0
618.0
-393.0
1284.0
1196.0
772.0
1186.0
241.0
907.0
1369.0
-420.0
1443.0
235.0
1782.0
7.0
1480.0
690.0
1351.0
1673.0
682.0
1798.0
1410.0
414.0
1745.0
847.0
1080.0
1884.0
2129.0
1640.0
1536.0
1492.0
954.0
358.0
1425.0
668.0
1493.0
1132.0
1553.0
-269.0
1643.0
1909.0
1701.0
610.0
1963.0
1032.0
2132.0
1265.0
784.0
609.0
2039.0
789.0
127.0
-31.0
1849.0
1405.0
982.0
298.0
542.0
1109.0
1980.0
537.0
589.0
-470.0
24.0
-328.0
1178.0
1185.0
1394.0
1344.0
918.0
1689.0
1443.0
1852.0
2357.0
1084.0
178.0
371.0
1681.0
506.0
1434.0
602.0
1020.0
609.0
434.0
-564.0
1558.0
1344.0
1538.0
-435.0
624.0
1310.0
519.0
475.0
856.0
1564.0
1010.0
1384.0
859.0
844.0
2144.0
1202.0
647.0
246.0
1868.0
1616.0
366.0
407.0
117.0
549.0
713.0
-593.0
148.0
526.0
717.0
1219.0
1585.0
1654.0
1521.0
284.0
349.0
497.0
1246.0
-44.0
1790.0
930.0
1008.0
1831.0
399.0
1669.0
400.0
1672.0
-376.0
-508.0
-458.0
-519.0
257.0
1522.0
-105.0
-773.0
1224.0
1596.0
705.0
1161.0
776.0
1728.0
1487.0
527.0
857.0
1445.0
716.0
1106.0
390.0
331.0
1709.0
1295.0
910.0
309.0
419.0
1097.0
886.0
159.0
1446.0
-122.0
1543.0
493.0
1135.0
1327.0
1193.0
795.0
464.0
1412.0
1023.0
632.0
871.0
533.0
504.0
936.0
2137.0
269.0
1388.0
1254.0
732.0
679.0
1145.0
-627.0
1505.0
1689.0
1705.0
-437.0
1510.0
1446.0
1885.0
1463.0
1801.0
2125.0
2159.0
1258.0
1554.0
1535.0
2100.0
-575.0
1319.0
-1083.0
2050.0
1170.0
-52.0
-556.0
12.0
772.0
437.0
310.0
1135.0
488.0
1865.0
837.0
1297.0
2165.0
1392.0
447.0
197.0
803.0
777.0
776.0
1322.0
507.0
416.0
1932.0
2023.0
755.0
1279.0
2156.0
980.0
101.0
1472.0
65.0
1354.0
1414.0
-59.0
-1790.0
849.0
1269.0
2011.0
-231.0
60.0
150.0
1367.0
1173.0
958.0
156.0
2031.0
572.0
-889.0
-1774.0
1628.0
938.0
-456.0
-832.0
-709.0
-1095.0
-31.0
-1522.0
-3030.0
-3719.0
-2422.0
-239.0
1641.0
1656.0
1640.0
1562.0
-277.0
143.0
1358.0
2039.0
1598.0
-776.0
373.0
2325.0
2233.0
1469.0
1679.0
1574.0
1621.0
-1254.0
1665.0
-577.0
1603.0
1465.0
-231.0
-3301.0
1359.0
1819.0
-1759.0
-928.0
2011.0
1825.0
2138.0
1273.0
1627.0
2247.0
2144.0
1339.0
-813.0
-894.0
1988.0
1947.0
1380.0
-406.0
-785.0
-234.0
-680.0
141.0
1605.0
774.0
378.0
1144.0
481.0
1849.0
386.0
1255.0
75.0
943.0
1976.0
1641.0
2110.0
1031.0
1134.0
2127.0
1769.0
1557.0
1250.0
712.0
631.0
-39.0
1461.0
1128.0
1358.0
593.0
550.0
-529.0
979.0
693.0
936.0
1089.0
-91.0
553.0
1438.0
1480.0
395.0
1444.0
1832.0
1571.0
278.0
-222.0
2046.0
1208.0
1127.0
470.0
499.0
1371.0
433.0
-1279.0
1333.0
-430.0
585.0
259.0
1304.0
660.0
390.0
710.0
-123.0
1021.0
1610.0
1414.0
1347.0
1140.0
1387.0
2096.0
1939.0
1388.0
1088.0
1301.0
1321.0
544.0
1661.0
762.0
661.0
1155.0
1467.0
-80.0
1041.0
1524.0
1759.0
587.0
1898.0
1545.0
1133.0
969.0
512.0
856.0
1060.0
526.0
343.0
-52.0
2179.0
1122.0
478.0
783.0
136.0
1126.0
727.0
249.0
712.0
151.0
1789.0
776.0
1200.0
1470.0
1430.0
1509.0
372.0
1604.0
1405.0
1798.0
1733.0
-73.0
815.0
-911.0
2278.0
-340.0
183.0
91.0
1475.0
-304.0
73.0
-440.0
473.0
1618.0
1752.0
922.0
1928.0
1621.0
1816.0
1569.0
2013.0
687.0
1229.0
1271.0
1628.0
1502.0
2049.0
1490.0
453.0
-94.0
1466.0
1426.0
534.0
1028.0
490.0
1293.0
597.0
198.0
1576.0
34.0
1195.0
996.0
1288.0
1123.0
1651.0
1600.0
446.0
480.0
1625.0
1603.0
1328.0
1155.0
928.0
856.0
1966.0
1275.0
530.0
2060.0
949.0
438.0
1552.0
10.0
1793.0
1357.0
1348.0
-268.0
1613.0
1892.0
664.0
1340.0
1988.0
2092.0
1210.0
328.0
490.0
1634.0
2232.0
1527.0
1392.0
-807.0
1932.0
1716.0
-433.0
382.0
-372.0
488.0
72.0
-682.0
1769.0
-605.0
1580.0
1462.0
1715.0
1814.0
1404.0
1082.0
-231.0
791.0
1470.0
806.0
1355.0
1078.0
1068.0
919.0
1484.0
763.0
1119.0
1196.0
1256.0
638.0
843.0
316.0
840.0
972.0
1512.0
-211.0
1372.0
715.0
977.0
1548.0
996.0
941.0
1347.0
829.0
839.0
831.0
1120.0
1087.0
543.0
646.0
1704.0
994.0
1413.0
612.0
491.0
1025.0
489.0
-466.0
1270.0
-582.0
1547.0
332.0
1511.0
1872.0
1412.0
23.0
-140.0
436.0
1303.0
1892.0
2071.0
858.0
1276.0
603.0
1518.0
1410.0
-300.0
1711.0
1177.0
-103.0
27.0
-381.0
240.0
131.0
1338.0
-720.0
-136.0
987.0
-81.0
751.0
800.0
1527.0
1320.0
650.0
554.0
2274.0
776.0
192.0
-53.0
-80.0
1091.0
550.0
560.0
1822.0
685.0
304.0
2007.0
-572.0
813.0
-142.0
1629.0
554.0
995.0
1402.0
944.0
299.0
715.0
803.0
922.0
978.0
1081.0
573.0
626.0
1607.0
941.0
872.0
757.0
924.0
1876.0
445.0
798.0
327.0
885.0
803.0
663.0
-331.0
1226.0
2159.0
938.0
807.0
1795.0
1052.0
880.0
826.0
597.0
1825.0
1273.0
1056.0
510.0
-20.0
2093.0
1139.0
741.0
381.0
486.0
739.0
2000.0
-14.0
1261.0
267.0
1614.0
519.0
426.0
1056.0
2013.0
678.0
412.0
1519.0
1525.0
820.0
2180.0
1091.0
914.0
2052.0
1500.0
1554.0
558.0
1014.0
517.0
941.0
1210.0
162.0
873.0
1147.0
620.0
-2616.0
1210.0
421.0
744.0
716.0
1069.0
2195.0
1203.0
613.0
888.0
1487.0
666.0
1371.0
-701.0
-46.0
1946.0
850.0
572.0
-15.0
143.0
604.0
38.0
-172.0
287.0
-790.0
6.0
-524.0
1504.0
-976.0
1025.0
186.0
-80.0
-187.0
-1318.0
-261.0
1961.0
-1359.0
-266.0
-254.0
-466.0
-153.0
-684.0
1535.0
397.0
-1359.0
-1258.0
-657.0
207.0
44.0
1720.0
-1307.0
1394.0
1562.0
-727.0
1379.0
603.0
1849.0
1557.0
-371.0
1343.0
915.0
1489.0
1349.0
262.0
294.0
1558.0
1431.0
1157.0
385.0
29.0
269.0
247.0
184.0
1431.0
-64.0
1589.0
616.0
1398.0
1636.0
1831.0
1384.0
559.0
898.0
976.0
951.0
2244.0
693.0
566.0
2031.0
2084.0
1325.0
962.0
1256.0
1190.0
618.0
860.0
-132.0
906.0
1072.0
943.0
-334.0
1060.0
1106.0
1596.0
671.0
1539.0
1013.0
1335.0
623.0
1226.0
1170.0
2039.0
1046.0
418.0
-311.0
1467.0
1339.0
1272.0
-97.0
73.0
514.0
392.0
15.0
38.0
138.0
1035.0
1123.0
1466.0
1598.0
1585.0
501.0
554.0
887.0
1275.0
378.0
1687.0
1450.0
1042.0
2019.0
850.0
782.0
622.0
1781.0
623.0
388.0
525.0
-238.0
708.0
1112.0
1081.0
-37.0
1560.0
2129.0
682.0
1155.0
920.0
1904.0
2084.0
1313.0
612.0
866.0
2164.0
871.0
466.0
834.0
1943.0
894.0
362.0
645.0
519.0
470.0
662.0
-64.0
1129.0
342.0
1539.0
808.0
1447.0
1286.0
1371.0
780.0
422.0
2051.0
1866.0
1026.0
2119.0
521.0
1139.0
886.0
1056.0
1779.0
713.0
1707.0
1320.0
607.0
751.0
192.0
863.0
2068.0
465.0
-542.0
908.0
2083.0
1519.0
103.0
933.0
1318.0
1153.0
580.0
635.0
1028.0
2257.0
1073.0
412.0
350.0
1655.0
914.0
803.0
676.0
355.0
862.0
702.0
66.0
897.0
-392.0
273.0
698.0
1183.0
1766.0
1562.0
1429.0
634.0
821.0
1083.0
580.0
2004.0
482.0
428.0
520.0
2074.0
1734.0
1363.0
672.0
68.0
376.0
1660.0
1318.0
-3.0
1742.0
1609.0
-2653.0
1702.0
1976.0
586.0
305.0
494.0
1461.0
1565.0
224.0
1573.0
-324.0
675.0
1330.0
-13.0
-160.0
2059.0
1536.0
459.0
568.0
195.0
1462.0
-2793.0
-856.0
1624.0
-3401.0
-1340.0
-112.0
1677.0
1625.0
1697.0
1775.0
-724.0
279.0
1477.0
484.0
1788.0
1347.0
347.0
302.0
2121.0
1084.0
-66.0
1905.0
1614.0
-204.0
101.0
-337.0
496.0
1812.0
1776.0
-874.0
206.0
2032.0
857.0
1698.0
613.0
1999.0
1445.0
339.0
-838.0
541.0
56.0
-96.0
-1121.0
-1476.0
2158.0
1465.0
1308.0
1269.0
-1649.0
1247.0
-447.0
-3034.0
1666.0
-1534.0
-71.0
1206.0
1650.0
1800.0
1889.0
1803.0
-20.0
257.0
1821.0
200.0
2259.0
196.0
-263.0
-276.0
2268.0
1786.0
16.0
2118.0
203.0
-625.0
383.0
-149.0
181.0
402.0
804.0
-458.0
275.0
2036.0
552.0
1785.0
132.0
804.0
2019.0
224.0
650.0
565.0
2140.0
261.0
144.0
83.0
553.0
267.0
987.0
1015.0
-1000.0
-555.0
129.0
-2830.0
1594.0
-4432.0
-2203.0
-522.0
1486.0
509.0
1870.0
-799.0
-727.0
-519.0
1977.0
-712.0
1891.0
792.0
144.0
-989.0
2208.0
-887.0
-498.0
1710.0
50.0
170.0
20.0
-149.0
-722.0
818.0
1818.0
-993.0
906.0
1006.0
373.0
679.0
683.0
626.0
-497.0
-369.0
617.0
791.0
1968.0
534.0
369.0
118.0
1978.0
561.0
1029.0
401.0
168.0
1365.0
529.0
-702.0
699.0
340.0
1899.0
1213.0
1723.0
998.0
812.0
690.0
-123.0
690.0
577.0
208.0
-75.0
291.0
441.0
701.0
626.0
1403.0
403.0
1764.0
1825.0
382.0
308.0
76.0
171.0
498.0
813.0
-680.0
1023.0
1118.0
818.0
1702.0
424.0
1787.0
879.0
51.0
611.0
876.0
2238.0
384.0
549.0
-376.0
1956.0
1682.0
-451.0
-1598.0
-3750.0
1375.0
-1613.0
-486.0
1613.0
-2008.0
1943.0
-165.0
-10.0
-798.0
-339.0
-233.0
-1727.0
-2370.0
747.0
31.0
720.0
604.0
200.0
-1651.0
-651.0
1088.0
975.0
-97.0
1687.0
-405.0
-649.0
-829.0
196.0
1450.0
1872.0
-663.0
531.0
2265.0
-226.0
1544.0
-23.0
2056.0
-136.0
-198.0
1809.0
-199.0
-244.0
-910.0
-433.0
-1186.0
159.0
-276.0
-370.0
-1356.0
-1275.0
-579.0
482.0
-970.0
1466.0
-732.0
-14.0
1475.0
1500.0
2214.0
1696.0
-4.0
-88.0
549.0
605.0
830.0
1135.0
1045.0
1020.0
973.0
700.0
403.0
491.0
701.0
633.0
301.0
1832.0
629.0
870.0
1591.0
1434.0
-469.0
1445.0
1661.0
-639.0
389.0
489.0
1816.0
1502.0
-334.0
1634.0
-532.0
884.0
1710.0
1386.0
-379.0
1733.0
1485.0
1237.0
211.0
-1402.0
1453.0
-1094.0
-1398.0
1820.0
-3027.0
-1519.0
1646.0
1700.0
-693.0
1897.0
1822.0
-1862.0
-1663.0
1373.0
-265.0
1676.0
1232.0
-1581.0
137.0
1787.0
215.0
1594.0
1744.0
1517.0
15.0
53.0
802.0
445.0
1285.0
1657.0
240.0
574.0
823.0
860.0
1672.0
837.0
2129.0
1795.0
-109.0
887.0
1060.0
2290.0
744.0
470.0
-7.0
869.0
307.0
609.0
505.0
494.0
698.0
485.0
-213.0
1451.0
99.0
788.0
1005.0
1535.0
976.0
928.0
299.0
544.0
655.0
1340.0
688.0
1531.0
741.0
1573.0
553.0
1786.0
1758.0
687.0
1676.0
1692.0
6.0
609.0
657.0
758.0
1069.0
1540.0
237.0
918.0
2338.0
731.0
514.0
638.0
1630.0
1085.0
648.0
1679.0
1358.0
2166.0
670.0
489.0
135.0
1557.0
705.0
694.0
1115.0
301.0
429.0
539.0
-145.0
-101.0
-658.0
637.0
259.0
1469.0
2193.0
-627.0
1593.0
-114.0
2013.0
1665.0
516.0
1721.0
1364.0
1503.0
461.0
2169.0
-25.0
1491.0
1942.0
-827.0
257.0
368.0
1357.0
428.0
1645.0
1434.0
-957.0
1364.0
2136.0
260.0
1468.0
1991.0
1697.0
1893.0
445.0
301.0
986.0
2301.0
240.0
1430.0
-18.0
1511.0
1764.0
92.0
1425.0
357.0
-184.0
248.0
-879.0
1718.0
-390.0
584.0
128.0
1686.0
1884.0
1794.0
-508.0
12.0
1713.0
1809.0
2083.0
2005.0
180.0
-800.0
562.0
138.0
71.0
-149.0
1961.0
386.0
346.0
801.0
1273.0
559.0
1618.0
-47.0
-362.0
1872.0
1890.0
538.0
657.0
2132.0
981.0
-63.0
427.0
577.0
322.0
785.0
1556.0
672.0
163.0
256.0
666.0
1361.0
1449.0
339.0
-378.0
659.0
-90.0
1561.0
169.0
657.0
1461.0
1755.0
1788.0
1972.0
2045.0
474.0
808.0
1994.0
694.0
2204.0
1399.0
490.0
544.0
1885.0
217.0
1939.0
1828.0
620.0
