555
969
-6934
2197
-175
-1009
-9098
-4560
-3939
578
-1919
1964
-106
-1367
467
-8315
-744
2674
75
-5657
-8904
-1043
-2278
219
-2224
248
-6354
105
-7208
555
-5665
-76
2154
-4887
-1765
-8502
3500
3107
779
-4740
-2899
4942
-10662
-1835
-987
3753
-1257
1580
884
1791
-1638
1917
5719
-1506
-2041
-7949
-2450
4809
-2366
-7475
-6429
-6679
-6296
1635
-1685
70
-6946
535
2567
-3468
-5703
2280
4
2671
-4604
-7879
-66
1004
-2895
-5035
174
1233
-10790
-272
-1858
1072
-6007
-900
-991
-1768
-2482
-1843
2650
668
-1049
-8682
3849
-3760
-3030
-4742
-5896
-373
-7674
4741
336
3911
-2242
-6871
4199
3870
-2950
-1968
2910
100
-1050
-1964
3837
500
-4206
-4081
-1613
-2420
-373
2445
-5863
-1481
-3261
-1083
2292
5549
-5857
1104
-975
4139
-3137
-8319
4448
5976
-2183
-5476
1681
-2325
-7304
-57
908
2247
-2278
2910
2253
6321
-3996
2470
1775
1498
-6634
-7241
767
1408
741
-344
-324
-3901
-6656
2474
-289
3160
-5152
3904
704
-1705
-1365
25
2738
5225
-1761
-2419
-256
-1212
-714
-4562
-558
-3792
-1143
1020
-130
1422
-4383
124
754
2666
-8931
1490
2563
-172
-2606
-4243
6159
1901
-6688
66
-3116
-293
-4866
5186
557
-2833
-2275
-444
3777
2248
-6204
-4822
2896
2770
-6733
-8723
986
3743
-924
-4729
-1838
513
-5696
1712
2636
2323
-3428
-224
2636
3646
-1492
-4371
330
2208
920
-10571
1324
1721
-3782
-9432
-2325
699
-7107
-355
969
1100
-3370
-1094
2230
4087
-4832
1037
-4212
2081
-245
-8665
1053
5689
-2124
-9666
-3099
-4245
-5168
-3325
-3954
4043
-4626
983
1005
258
-3928
5121
2580
17
-5455
628
4695
7817
-548
-5890
-4275
-5385
-6151
-2468
3275
235
-8853
266
6483
-169
-1344
4471
4626
734
-346
-5398
5245
2301
-3257
-5093
-3420
-461
-8808
-4688
1511
-516
-4914
-1835
-1485
-745
4004
6197
2925
-2770
-4400
-4988
3188
1507
-3326
-6876
-2789
1761
-7079
1669
-920
-1949
-6431
-2129
1045
4070
-4141
-1101
2492
1200
-914
-3020
1119
2576
-1218
-9074
-873
-201
-5895
3787
-4060
2490
-8269
-1499
2190
-419
-2173
88
-4455
4559
-3014
-4783
2876
2775
-3080
-3119
-6352
-1631
-8061
-3131
3136
-1559
-1359
1803
4238
2014
-4035
-1534
1768
614
-7247
-6224
-119
250
-3555
-5861
-142
-1205
-2537
1813
1284
1537
-7366
-1273
2800
-202
507
1546
167
3945
-3115
-1549
-2539
6203
-3172
-6138
-5874
-6674
-7710
3429
5259
1539
-6636
-4964
601
2556
-3795
6268
1041
3603
-1522
-1474
4127
4290
-2180
-3136
-3721
-2499
-3964
-1855
1074
4166
-5245
1011
2401
-833
-606
3087
1765
3013
-3806
-1424
4461
2810
-2099
-4385
-2173
-3545
-7409
1172
1549
-320
-8502
3400
-1304
154
-386
939
3078
4550
-2022
-6686
910
596
-829
-1966
-2226
-2453
-8083
-3572
3229
3258
-4511
-1623
-1279
955
-6305
-201
1319
213
813
-5895
3165
2197
-3499
-3428
-2024
-5938
-9288
2190
1055
-968
-4319
1561
1016
1795
-692
3594
3472
1999
-474
-8311
-679
1272
-1930
-2022
-1287
-1096
-7159
166
-3203
1161
-7913
-1953
556
2289
-3697
-413
-41
-609
-5160
-3913
1198
3456
-4774
-2810
-6963
-2657
-9562
4078
1907
178
-4085
-162
4389
699
-7826
7508
3842
197
-1924
-6602
-551
4456
-5798
-4382
2051
-3531
-2670
2589
-906
2643
-2485
1817
-446
-524
-3233
2507
3475
-5260
-4590
-5865
-2677
4057
-2060
-4509
-1376
-1760
-5123
-786
4203
3491
-3328
-315
1413
375
-4607
579
7015
2653
-5435
-6831
4138
665
-1127
-5389
-2847
-2608
-8210
-544
-1510
-1389
-5616
-2578
-2696
2692
-2896
2953
-1602
3770
-2606
-5869
2759
-665
1693
-5818
-3792
-4968
-10410
1096
1191
4208
-7263
-2277
268
2562
-1262
4012
339
2122
-10117
-8547
1964
4267
2056
-1981
-6481
-4239
-6254
69
1143
-2081
-6420
-1922
-1460
1923
703
65
3807
2655
1506
-5052
3744
4702
-3500
-3353
-4991
-425
-3024
3234
-747
1610
-3689
1476
-166
3437
-3011
3638
613
6796
-2291
-4976
3858
3654
-3367
-3757
-3700
2143
-2323
2440
3862
-1383
1401
288
492
-676
2082
221
6432
1439
-1256
-2986
-1559
3871
-2866
-6878
-1664
-2543
-7095
-1029
2001
3866
-6977
2312
3750
3504
-1929
2391
-814
3452
292
-3600
2948
3049
-981
-4174
-4926
-610
-3591
2663
34
2862
-4676
1958
455
1044
-3705
1582
1959
164
-509
-8709
1869
2311
-807
-6909
-2825
-1230
-8193
251
2767
5614
-7275
3031
3506
491
-2841
-410
3448
3010
-295
458
4651
656
-1970
-2881
-4515
-3133
-5131
676
2896
344
-4393
4697
-2743
3078
128
974
2794
3708
-3429
-4982
2620
5920
-1250
-1950
-1486
-1538
-5772
4202
2259
-3518
-6380
1111
5407
3524
-4411
4383
2886
183
-7499
17
2034
3122
-40
-5255
-5114
-2504
-6299
108
-610
5311
-6488
-598
-1190
3479
-4951
2179
2890
3199
-4484
-4085
604
3683
-3835
-5357
-2844
-3687
-4504
2254
-869
2001
-3331
1716
1080
-1957
247
4441
6987
-4034
-6708
-4026
2265
8331
1342
-7006
-1610
2072
-3811
2434
-4683
-300
-9663
465
5503
2482
1003
5660
5563
6330
-419
-7363
4666
4574
-3975
-612
-1754
-343
-3975
-2362
4564
1067
-5826
2598
6178
1718
-7931
6175
3019
-893
-7301
-5505
-1795
1476
-429
-4208
-2457
-993
-4976
2329
5273
1948
-6653
-1997
279
1543
-417
2043
1347
6377
-2319
-6537
5751
2497
-483
-2320
542
-1383
-1906
3321
363
1544
-5780
993
5634
998
-4687
1973
-573
3951
-3229
-5616
3643
5730
-745
-4061
-982
42
-4932
2516
4215
-4214
-6255
3321
5773
3829
1849
1476
2519
-2178
-1882
-2946
772
2680
-4353
1936
-1504
-2219
-5473
1237
682
3328
-6498
2109
1798
2301
-3196
4580
-1353
4586
-896
-500
4066
5057
-1602
-4346
-6492
1770
-5291
137
-1478
2803
-2200
-370
4584
2556
-1684
2986
4980
7198
-6873
-5406
687
3991
-4008
3080
-3786
-1369
-6525
2869
3752
153
-3603
-1883
3971
949
180
3257
574
1020
-1179
-3919
2783
905
-339
-5047
-1520
415
-5506
4141
1570
4079
-6024
1152
2695
872
-863
3964
4921
6590
-120
-1659
4917
452
-1047
1935
-5018
-1400
-6632
892
-639
3395
-4740
-2301
1631
3885
2230
3073
3344
50
-2707
-3802
4775
4499
-1452
-4570
-4317
-1592
-3150
6039
6472
-858
-4387
4374
-1946
4155
704
1461
6374
4163
-3851
-3781
3708
6529
-867
-1524
-8225
-1281
-6507
5190
7093
3384
-3323
-1
1367
3301
-408
2004
3532
-193
-4656
-2477
-285
3619
427
-1120
-7275
-141
-5295
3474
-684
2169
-3978
1509
2767
2378
-3388
5847
1171
7750
-518
-8027
7457
-1125
546
-4928
-4966
520
-4526
5069
5021
1197
-5831
2577
2430
1682
-3832
1386
3614
3724
2811
-1668
-2226
4901
-1535
-9342
-833
-1480
-1332
1535
-2199
549
-6823
1682
-86
117
-1976
262
6145
2122
-2793
-5762
4618
-201
-3037
-1693
-356
-1845
-1352
3007
3328
4237
-4418
4530
4662
2570
-3022
3953
6588
4238
-1098
-1313
1212
2682
-135
-775
-4679
-3729
-3101
2095
1953
-176
-5280
3589
-1397
-1231
540
2963
4419
6373
-2957
-2841
2741
7996
-1868
-4282
-4503
207
-3214
-680
-582
6329
-2907
4610
745
823
-2818
4297
3056
3826
-793
-3513
4353
2048
-2655
228
-2135
-323
-3541
3513
-3187
4189
-3031
4465
1902
2096
-3442
3372
889
2887
-3017
-3625
3621
1564
2298
-4156
-1324
4746
-686
2336
7240
2205
-3956
2715
-5531
2339
-2966
4352
4625
242
-6779
-241
3606
5484
-2650
445
-8555
-2486
-3654
661
4174
4516
-3620
2432
-3711
5437
-378
5641
7507
4163
-3480
-2939
3036
-404
203
-4743
840
-851
-7540
-804
2735
666
-5310
1021
4548
1669
-1224
4971
3474
4870
-1218
-8415
6320
4171
-4157
-5814
-3731
-1260
441
1756
3403
2754
-7037
3146
4090
-2228
696
-2638
2092
2452
-334
-1615
3503
5030
-2004
-299
-2937
-4843
-8199
-226
6014
-441
-1209
-1361
139
3786
-6391
1991
6514
1956
1427
-3127
-1031
7906
-138
-2675
-4421
-2801
-3366
2918
-21
3367
-2487
4632
2146
3674
-5666
5369
3643
3632
377
-1672
6493
3706
1486
-480
-4809
1388
-500
2987
2075
2230
-2204
-458
3337
4757
-1443
6276
1748
1342
-1394
-4298
6862
6962
1393
1228
989
-3557
-10854
-1897
3058
932
-6363
2994
7877
2799
-1354
2442
1170
3769
-1395
-309
7714
4008
-2727
-2148
84
-2020
-8811
1578
5209
563
1853
2628
-1080
2023
-2328
5216
3627
2758
-2141
1119
4904
6244
-1223
1188
214
-667
-4331
-1731
4067
2593
-5062
1503
6415
715
-1269
7068
1039
1623
-3565
-2622
399
6358
775
-3783
58
-381
-1003
3360
6221
330
-6664
2911
6086
5753
-393
2808
4632
2714
-4241
-4538
5535
5182
1672
231
-3513
926
-2114
1744
5180
3856
2592
2281
4618
2842
-1628
4243
5703
548
-4954
-3839
4071
6201
715
1313
-2652
1697
-1504
-628
5746
-1615
-4935
2390
6429
6454
-16
1231
961
3082
-4676
-3964
4555
3255
-1988
-2855
-2312
1553
-3168
4589
2432
2341
-4424
3584
-1303
6825
1812
-1191
6095
3415
-4052
-574
5625
1880
1391
-3522
-1186
78
-5967
6444
3434
4901
-5507
1910
1928
1726
953
3746
4427
3666
533
919
5432
3739
-684
-4615
-4455
70
-7473
2237
-2847
-73
-2818
1700
6638
430
-2074
4447
3375
4826
2444
-1848
4251
3308
1230
-981
-6626
2601
-4034
3139
2077
-913
-5644
1325
2924
2061
-2831
5951
4026
1970
520
-3001
422
4293
-966
-1569
-5152
764
-4254
-47
5554
1716
-3122
457
5051
2407
1355
3219
-502
4036
-3800
-1612
4367
132
-3509
-3368
-2470
-1540
-7963
4491
5316
7402
-2249
3054
-846
1792
-3612
2618
6604
3836
-99
-4563
1888
4827
9
88
732
-2683
-2754
1507
1669
5266
-6092
3252
3093
5339
-790
6084
6820
5826
-3570
-5192
-6207
4959
-1559
-1370
448
73
-3795
399
-281
5229
-909
-1299
4221
4624
-5010
8335
5334
2472
-5381
-6764
6599
-988
864
2134
-927
-5131
-3817
3162
2279
1130
-2222
-3492
3757
1296
-695
6657
6895
5159
2747
21
6383
1809
1958
445
2131
3930
-4101
4816
2931
476
-3093
558
-19
325
-3092
-541
4713
8110
1267
-2973
3132
4196
4758
-4716
-4149
-1911
-3605
5078
1882
1742
-5525
2303
5467
3311
-2648
1039
3137
-228
1320
4082
4564
6554
1015
464
-2588
4714
-5216
4914
8348
4063
-1666
2022
1803
5670
-1430
2071
2210
4184
-4316
-1598
3328
1875
1395
-975
-2515
-867
-6309
7248
-288
2961
-1842
5813
6263
1673
168
5654
2664
1991
2999
-4970
4172
7866
569
-2874
-2520
2240
-2224
-1454
1596
2129
-5304
-281
-1028
4901
4288
4140
4281
6765
1444
-489
1863
3655
3017
-4123
1365
3216
-8741
522
548
3370
-5146
1498
9169
2974
-486
2235
1635
2869
2328
932
3683
3542
-1942
-1688
-4262
2959
-3984
-930
1070
3308
-2795
1067
2231
1888
264
2094
659
5217
2813
-3692
4038
5532
-1783
-3106
-1092
-621
-2963
4131
7877
5351
-3666
1266
5697
7119
2921
3092
4711
7548
-5424
-530
3950
6137
3167
-5266
-2415
2432
-2074
5278
7672
2618
-2565
-3676
933
2699
2608
4282
2745
-2242
-276
-5621
4357
6244
3751
-5348
2909
451
-4768
4516
3446
3270
-2900
4861
4670
4474
-1707
7032
4817
5388
4697
385
4229
6628
-950
-3695
-3250
4243
191
3136
4851
1217
-5068
3088
1345
4335
-2699
3991
3093
6772
-3063
-459
3438
5382
-3437
-3762
2342
1603
-4729
1794
1358
3104
-1401
732
5809
5335
99
6382
2739
8639
1461
-977
6670
6116
1933
-4241
522
3037
-4302
5924
1654
870
-5818
-1380
2038
5171
-517
8524
2329
706
-2192
-2807
5938
5622
4833
3297
-2875
1766
-4916
-1199
6070
1372
2535
5076
4825
3715
1037
5207
5703
2380
3005
90
4525
4357
-5227
4681
-1586
-616
-3793
2490
5843
4180
-2039
3338
6498
189
-3130
2884
2013
4248
3321
1784
6135
5690
-1459
-2326
-2826
1132
-3534
2091
759
3395
-4227
5316
8084
5158
-2507
6374
3159
2673
1722
-3266
8622
3857
-1979
387
-500
1144
-723
1724
4347
2802
-2681
304
6297
6331
344
6399
3411
4760
3071
-4845
5979
1160
-282
-1641
-1661
2484
-2761
2861
3502
1507
72
2664
3507
5107
-4580
7250
5794
3801
2498
-1264
3186
10414
557
-2995
356
-87
-4949
1335
3492
2675
-3875
2431
5706
3208
-1102
5456
5082
1175
882
-2355
10067
3845
215
1697
-588
64
-4929
4602
3140
5026
-1093
3733
2591
5619
79
5035
6712
8215
1851
-4920
2729
3299
-4393
-5121
-2186
971
-4287
3434
3952
7555
-3503
5604
5579
2583
-3359
7919
6999
5793
2278
-4625
6091
3728
465
-2851
-51
7153
-5671
2662
2608
5473
-7613
6919
5738
2833
1112
7719
-1827
9514
458
204
5724
3127
-231
-446
3976
1614
-5290
2447
6293
-381
120
-2361
1347
2526
3898
3718
6515
3762
905
-2114
7408
6015
-479
-374
20
4044
-4778
5054
6522
4984
-2201
6042
7452
4048
-885
2890
4069
3459
348
-5290
3665
7133
-1324
-3380
2200
4447
-8871
4551
-1128
3911
-5873
6960
3904
-2026
2875
7272
7285
6891
-4219
223
256
6090
-175
-2256
3123
1432
-6385
2331
7045
4956
-1114
6455
5871
5458
-2388
7546
5216
8786
-1412
-663
5806
8888
395
-3418
1947
2812
-7745
2627
6302
4968
-2281
-200
4344
1890
-2032
2403
8012
4933
1339
-2577
4662
2998
-1946
-2068
-605
1671
-4584
3981
3785
4507
-2312
3862
6693
2611
-2591
5821
1108
6849
-397
1766
9633
2007
1643
2371
-2519
2313
-3443
255
5073
5906
-1624
548
6961
6229
-1950
7415
8365
-913
2237
844
7224
4642
14
23
41
4610
-4545
6036
4975
8345
-1680
2203
5763
5347
2478
8504
7436
4671
-161
-1201
8468
3231
1759
63
-1092
7878
-1832
3446
5083
8117
-1363
1172
5641
7547
-4520
5901
6128
2565
-937
-1764
7502
6435
-915
-3217
568
-760
-1300
6776
2294
4362
-174
4645
2134
4098
3027
6963
6110
8542
-1958
-5081
5834
5531
4101
1970
-130
1091
-2765
-1026
4201
3365
-2196
-337
5512
6446
-129
7642
3215
1925
3203
-6465
6773
2689
2478
-892
-891
2049
-5404
4635
3371
3768
-1385
2193
6872
5493
2136
8083
6092
8845
1320
-1032
7981
7610
-1417
1145
1887
1285
-2626
2726
7094
3343
-714
5946
1068
6425
-1951
4234
4240
3625
-1716
-2440
8481
6028
68
-517
-7054
4655
-3521
2259
8566
3732
-8037
2839
4454
5794
-2630
6507
7471
3332
1433
49
7174
5874
-3227
2602
-2245
4136
-626
2479
4430
7667
-2254
7903
7097
4426
5611
7303
3199
5181
-1901
2824
7762
2778
5480
1099
-1743
-559
-9119
4919
6315
4125
-134
5378
8248
5686
316
4854
6653
7738
610
573
6943
6618
-669
-703
1511
4326
-5113
7408
1126
4814
3867
5114
3702
7010
-256
6574
4918
4472
-4716
-1129
8180
7849
2875
27
336
-2631
-2126
4993
7639
5366
-360
7954
2857
2947
-764
4351
4714
5859
-1754
-5248
8926
8621
1401
138
788
-2633
-4802
3887
4494
4779
-2744
3234
1486
6881
3159
5807
6732
1066
3509
2916
6823
6802
2727
-423
-1795
359
-3249
6457
2762
5272
-2410
5768
8828
5451
-661
6996
2784
3921
1124
1491
8162
7295
2602
574
-3875
3046
-1614
7169
8340
7725
-1121
3613
8463
3976
-5084
6431
2937
8806
1081
-1682
2485
5773
-1117
403
1148
268
-4057
3640
6960
1197
-2206
1807
3679
2391
2347
5403
3137
6551
-264
-8253
5155
5101
2294
820
-1820
1522
-3535
3255
7262
6580
761
1063
5188
4348
-62
6341
6806
1879
1684
-3909
8559
6993
3668
-220
1083
4385
-6673
6236
3871
4591
-361
1378
8858
2077
-4990
7146
7531
6808
-742
394
6050
8111
5202
-260
2857
-636
2045
5529
4608
3989
-1036
2335
4575
6985
-1493
3286
4767
4654
4722
-1615
6980
4209
4696
-4483
-199
1631
59
5368
5217
6235
-3150
4954
5516
8869
570
8405
3434
7907
-4106
-5886
5156
6958
2646
-5739
319
2365
-4844
4303
4606
4563
1434
4055
4118
7925
-1873
7324
7588
1358
3393
-3689
6577
4965
1491
729
992
3530
-4355
10467
8830
6347
-220
5545
4257
4891
-4832
7885
3167
3843
-1156
-1579
9091
5295
2551
-770
-346
1055
742
3524
6497
4843
-1316
4078
10882
3885
1646
5056
3829
4046
1030
-2324
6908
5034
4116
-1879
-1061
1390
-1851
6674
4807
6368
-5715
7527
3988
6796
1471
3093
7895
6117
-2636
-4508
9464
9657
3916
-1017
79
6461
-2505
5916
5071
4549
3272
937
7993
7150
5459
7597
8214
4742
1653
-2231
7514
8024
1245
-3162
-565
5137
-733
4288
7394
4901
215
5253
5854
8420
1305
8866
4398
7299
3481
-268
7472
6242
5084
675
4175
5431
-3796
8894
3497
2958
-97
7608
4036
6760
3414
4565
2879
5558
-349
-1864
6320
5860
3264
385
1957
6554
384
8130
3773
4622
-931
4388
4223
3681
1237
5663
6742
6576
330
2150
7442
5303
220
2303
1946
6083
-1649
7143
7652
6834
-565
2230
9231
4113
370
2715
5115
5033
-981
1851
8169
8891
-4245
-1351
3248
2081
-4688
8520
7797
7166
-613
6238
5104
7773
1471
4366
7470
4769
7489
-6562
5311
5686
-546
35
3727
1881
-3783
7401
5348
1840
905
5974
4237
6100
1723
7226
6031
9193
-1612
-2939
4838
6694
5627
-2008
2924
5247
-4216
7264
3484
2120
-1336
4784
3720
3263
-1586
7397
5522
6740
-3095
-1995
5914
3526
4497
2002
3305
2504
-1089
4035
6325
7353
531
3482
8603
3208
489
8069
6672
6116
-1835
1262
5503
5413
-152
-1822
-3763
5096
-1252
3431
7802
5843
564
4154
5412
4000
-3066
5037
7755
5289
-1211
-1345
7909
7964
75
2898
1509
3807
-3215
7038
3060
2769
1522
3717
8304
6172
-2233
8071
4360
6139
1507
2464
6717
4701
-488
-2608
909
3608
-126
6322
8238
5115
3559
3511
5827
8230
192
6055
4134
4016
803
509
6304
7537
5279
-325
-2995
637
-9067
4642
6971
5817
-437
2049
8954
4508
2166
6901
6126
7561
-257
5980
10486
5192
2549
-1032
3758
3146
-2239
4025
3062
3228
-3353
3981
-665
6257
-1815
4311
6851
6060
-119
-5735
7522
7184
3469
1864
5882
4938
3378
8663
3737
6747
177
6383
6176
7104
5985
4300
7097
5656
5586
-4014
4158
6348
-801
-163
4079
-691
-724
7196
2209
4778
-1205
5409
7569
8977
2545
7901
8157
7546
2935
-2220
6062
6159
1328
-1334
227
584
-2177
7035
5852
5646
1491
6241
4845
6856
3873
8005
8093
5823
3341
266
6355
9823
5863
-1147
3203
1937
-3881
4906
5810
5261
2135
2543
4131
8319
-1479
10007
5592
9372
1237
0
7620
5452
4590
2779
818
3690
-2843
4804
7701
3532
-372
2676
3708
8194
-1593
9638
4092
8073
3295
4184
5869
9169
-761
1878
997
459
-4393
3383
9356
7408
249
6612
8941
5331
3483
2929
8355
3844
4733
-440
6353
7729
4102
-5355
5194
2797
-2195
7626
8873
5756
1119
7373
7577
5402
3402
8076
5748
6099
-5947
2645
4214
5279
4938
2088
6326
4159
-2761
3897
7464
6947
-50
2874
6418
8344
-1181
5831
6623
7966
-1427
-1556
4800
4772
5053
3526
3892
743
-2482
9736
2215
2233
1885
6052
6506
5830
2978
9413
5849
4101
3324
-1782
4691
5269
6506
3301
3033
5299
-992
3333
3570
6518
-4836
8944
5485
6538
2393
9572
6967
7856
1433
-1857
7157
7095
-1018
692
2631
175
-4049
6403
3063
5389
-2060
3974
9061
9024
-281
8304
7873
6354
3693
-3251
7265
8557
3027
1528
2049
3847
-8612
4108
6484
7075
-1488
3314
6724
4808
4928
10597
6473
8492
1027
-2192
10013
5714
3455
1889
3201
3980
-27
5470
2892
5280
-48
5779
8066
7158
1449
7383
5059
6754
3242
2241
7228
2423
-1719
835
4993
5428
-661
1642
7238
5267
-1893
5129
567
4683
896
6580
8224
8872
932
4264
8013
7107
-1443
-759
1959
4539
-2829
3020
2245
6106
-416
7457
4144
8073
3777
10330
8000
8588
3199
1299
8734
5585
-5621
1546
858
5852
1451
6231
10464
8785
3635
4423
7208
8481
5353
7670
6483
6660
5633
-1439
7409
5664
2100
4065
4660
5627
10
3161
4655
5034
1723
7050
4244
6207
5814
8462
10179
8069
2778
933
6924
6548
-2302
-1429
4059
1529
-1427
8052
4735
5946
2935
5419
10012
2923
2442
11269
6802
5285
-1146
-4980
6936
8136
933
-2013
1300
3028
-172
6913
4267
5216
-3090
7573
7318
7556
2150
5936
5329
4523
3009
728
7756
9435
4873
630
4644
4655
493
7824
4394
4003
-1684
7246
7791
5437
-162
8517
7074
8134
-228
1312
9665
4950
2011
112
-136
7493
-2195
6362
6032
5754
1708
3533
5680
5247
870
7267
6521
8117
1022
4084
7980
6417
7423
-319
1000
5525
-957
6817
6712
2087
1738
6233
5306
4732
-266
8951
7635
6536
2573
713
3858
8825
1823
441
1891
2534
-2056
6288
5252
2173
-963
7495
8279
9471
3007
7541
3572
4902
7444
-3179
6531
6642
3573
3307
1968
3784
219
7450
4155
4639
-301
2942
2084
7141
4099
6248
8744
7392
1075
44
6630
9935
6625
-1737
3760
880
-3476
1976
8323
4970
714
6381
3930
7280
3263
2794
8272
3023
-2800
1791
8802
6594
3518
-600
3266
3671
-519
9329
7131
7035
3514
6896
7800
5869
1179
7663
6382
9835
1649
-2119
8088
8620
3888
-2831
4504
919
731
8277
5334
8201
1688
3004
5525
7000
2404
5877
4369
8411
3946
-527
6519
7902
4688
-922
2080
934
-6938
5691
11713
7616
-1544
5929
10199
6421
63
8182
6832
4807
241
2476
9509
10068
1965
2249
4218
3425
-880
4608
7534
7603
3422
9792
5145
5606
3419
5185
7720
6917
1657
1896
9127
7294
4264
-180
1258
1198
71
3038
6169
7719
-593
3492
8602
6845
3334
8061
5893
4726
2788
-3701
9201
8527
5402
4331
3400
4005
3970
4885
6228
737
3272
7189
6773
8101
1161
4408
6918
3815
3706
121
7162
7367
5849
3039
2547
7190
-3304
3670
6577
5676
-1510
7811
6865
7311
-1734
6806
8851
9147
362
1425
9102
5438
-1148
3372
3867
3523
638
5234
6025
3546
-336
2268
6531
7641
3453
8965
6920
6235
699
-4097
10589
6715
2860
5245
3388
6228
-2486
6401
3982
4692
-1201
8455
9535
8530
1195
8392
9626
2140
3985
1942
6822
7222
2323
23
1724
5149
-2328
3078
7979
10132
6544
3796
6073
7805
2528
5581
8551
7290
2296
3386
6087
8563
5633
4943
5340
3285
-4293
8493
383
6138
3705
5978
9162
8673
109
7374
10241
10319
230
-2029
9971
8465
5174
3582
5541
6496
4088
3893
4764
7395
2004
1595
6438
6628
3460
8657
9521
7022
5746
1995
7879
8857
4758
-1229
3918
3330
-2036
8990
7435
7713
1007
5933
7773
7289
3834
8470
8188
5087
-893
2375
8588
8387
4366
21
4440
5815
-1419
7074
7475
3653
3595
6486
7043
5609
3137
6519
7951
10495
3357
3504
7761
8912
3541
-24
1859
3905
-133
6676
4733
2207
2116
8459
5875
6004
1262
2997
7326
7770
-2157
32
4549
6995
5531
1550
3658
845
2879
7011
8324
8682
535
4216
7582
6645
3242
6775
7016
6686
4511
5806
8366
8567
-1969
1734
2907
3260
-752
5976
8199
4455
-34
6790
9102
7340
-566
8150
8348
7044
3006
-2290
6213
8009
2021
-813
4875
2572
-6427
9384
7076
5433
2569
5905
9973
8872
2795
10241
6532
7625
4261
3483
9526
9967
8011
635
3899
8533
-3678
6500
7723
6887
1380
9637
6723
8669
4515
8298
6239
4257
-236
4868
8193
9140
9028
39
4608
6185
-883
6435
8354
6681
3235
7791
5105
6325
7616
6009
9193
9368
3589
1288
9189
8007
5164
-2070
3179
5052
756
4548
8490
6202
-4629
7460
3625
9619
2614
6465
7136
8391
1451
2231
7813
3596
2213
730
4234
7159
-2120
4047
7817
3472
-4808
7141
8529
5726
985
7783
8507
8997
4530
3348
10987
7345
3672
1793
4733
5671
1998
7642
6529
5336
-1228
2661
5465
8834
2876
9089
7338
2533
726
370
7329
7412
6287
-1707
5308
6011
-5179
6699
7618
7108
2552
7633
5633
9632
729
8172
7556
9605
7868
-1380
9469
9233
6226
-8999
3019
5037
-1465
7734
5298
8171
-816
5522
9714
8269
6238
9651
5473
8806
3269
5196
8726
9632
6623
-3046
2340
2546
-2103
8239
7611
6322
-444
4805
8949
7505
4303
8186
6552
7184
6698
436
8664
6989
6048
2701
1867
4283
-2729
6587
8403
7008
634
9542
8174
7646
2547
6689
6323
4799
1312
3046
8092
9964
3742
-449
4268
6676
-2060
9821
8844
7320
2161
4589
8486
9955
5448
8272
9262
5070
1531
-166
4367
9715
5029
1073
7613
3822
-5094
5947
5790
7753
12
2604
7241
8861
2363
8436
4797
8483
4577
1015
7667
6552
5594
201
-651
9149
418
4873
6474
5891
1098
9315
6429
7854
2319
9321
7877
9884
6690
-76
7763
8939
5376
3668
3141
7450
-1795
7174
8742
6939
-688
5231
7768
6541
5714
6795
9054
9163
4275
5622
9062
7149
4493
-644
3693
3951
-3863
7885
9661
8032
785
5788
4144
7218
4120
7640
7025
5770
2407
-1034
7917
8855
4528
619
4510
5177
-78
5571
9177
8584
332
9220
8023
6867
4220
7932
9125
7682
5250
-4834
9616
10969
3906
-4516
5409
5862
304
5249
4971
8801
1278
7852
8605
7707
8046
6416
8065
9025
6235
1309
10226
6728
6454
3569
2154
8471
-1405
8917
7565
1073
2720
8514
7430
8321
4421
8411
10462
7936
2017
1142
9257
6613
4912
2008
5939
1326
2059
8123
8040
6422
3749
8453
9734
8505
5247
9175
9937
9135
6931
3608
7542
8746
5865
2631
3865
9079
1150
6432
5696
7956
32
3889
8659
7002
7034
8203
8277
6044
5730
2063
10601
9960
6485
20
5057
1336
-1426
7800
8612
5882
6003
2199
8587
6305
4819
8127
9970
9504
5330
195
8859
10293
4442
2247
2916
5903
-5592
8187
6812
6188
-234
4269
6240
8435
4523
6472
7873
11117
5751
-1123
10038
10652
-227
-498
6269
5883
996
7097
10202
6681
3088
5828
9569
9105
2831
8007
7490
7858
7825
3334
10181
7625
2723
119
7211
5466
-535
9756
7186
8152
-400
7205
9421
9767
5093
7917
9027
8371
7851
3804
6661
8425
4172
5100
3459
5451
-3264
8033
5891
9185
2034
7515
9502
10515
4528
9971
7759
9114
6761
-1091
11170
7096
1109
4659
3663
6155
-3063
8501
7578
6653
5389
10112
10462
4114
2011
9647
6509
8759
4392
3702
6693
9372
5475
5314
3586
2412
-685
7062
9287
8399
3983
3240
8327
8164
2549
8057
8729
5601
350
6895
6080
7835
6628
3340
4881
3982
-1368
10456
10358
8711
-1267
6687
6288
9822
5311
9356
9932
7836
6166
1449
11851
9363
4001
-1734
6961
3423
-2213
6919
8311
6179
2517
6889
6020
8129
7236
10356
10975
4207
4870
3234
8056
8537
1569
1377
384
4098
1358
2924
7338
8926
1359
7297
7758
10726
6791
8934
7591
9407
7327
-547
6421
9126
8134
3848
6903
8801
-897
3346
7152
7441
1891
6656
7577
6614
4011
9104
7656
8634
3189
2857
8440
9648
6837
2747
3959
4901
-573
6373
10569
5810
5449
5693
8266
9506
2939
8909
3496
6142
5330
5412
10952
8913
6626
4982
3094
3782
-2506
10212
8141
7981
3310
5691
6082
8250
3760
8275
7796
8229
2490
3053
11256
8294
2406
1920
2379
8658
1771
6626
10180
8895
2883
7596
9199
10247
3041
9579
9200
10320
4305
5481
8313
9817
4613
2422
3347
5304
-4707
7875
6308
9314
2966
6170
7114
11054
5827
9427
9906
10645
6033
-1410
11184
9567
1799
4502
2965
8005
1953
7125
9437
7432
4027
8807
9639
6947
3328
10612
8883
7418
5882
3262
8772
8079
3026
5470
2533
8595
-315
7440
9990
8989
1564
7932
8716
9222
3481
8785
7679
7849
3455
1863
10423
10152
3599
2379
3021
6310
1502
8912
7361
7640
7249
6988
8606
9376
2788
8728
9628
9229
7177
-178
8107
7104
4988
5401
2643
9523
770
8946
7724
8401
1882
3491
8387
5320
8492
11081
8712
5488
3128
6288
9158
9327
8527
2487
2039
5154
-1611
7719
8544
9236
3704
8565
6523
9498
1927
9028
8627
10001
5167
1903
8796
8977
3467
3882
3412
6846
443
8166
6985
9659
2037
7113
11100
8877
3295
7370
7796
10160
5743
5272
9898
7561
-172
2886
6390
5474
-2231
5935
5924
9489
4434
6167
11956
8965
2558
8477
9407
7230
3182
3493
7100
9496
1830
583
5234
6729
-4158
7562
6444
8926
2165
6234
10969
8136
3722
8768
8544
8051
9209
-89
10503
6096
1455
5192
6267
6981
-1958
8068
8419
8673
4888
5497
8090
9193
4447
5914
6735
8336
3891
2206
8879
9614
5112
4126
-1593
5936
-3595
9428
9329
8043
835
8455
9398
7279
6256
8794
9791
7623
3597
4073
6323
7711
6795
4088
5372
8422
1802
10265
8863
8286
2608
9074
8898
7598
4799
8554
7063
8211
7980
3862
9892
9322
6313
3570
3610
4486
1101
9239
10622
10909
3328
11380
8720
7451
3826
8168
8789
8285
4442
874
9218
7005
4920
4563
4946
4709
-2053
7811
7546
8405
1283
6337
10230
9398
6593
9977
9251
7767
3199
871
8286
6584
7770
3655
8070
4157
-4615
9821
7975
4946
4800
9372
7374
9276
6929
10146
10135
8422
7637
3064
9279
4867
5422
4285
5111
7727
2541
8152
5503
7058
3993
7424
3153
8199
4623
7557
9605
7410
2826
3098
10710
10101
1862
352
843
5437
-519
6163
7341
5473
3836
7207
7689
9764
6965
7379
10041
9646
5388
1309
10252
7086
4972
6575
4767
4018
-4896
7257
9356
7765
5501
8510
8258
8506
4201
9990
6450
5786
5916
1188
10647
9993
6401
1190
4706
7196
209
10666
8646
5961
3726
5891
7459
7977
1883
11188
10096
9376
7602
5591
9545
8408
5262
4577
6239
4120
-1023
6875
5972
6918
5037
9504
9721
10433
4742
8618
11198
8905
3418
-278
10554
11374
489
4767
2920
5883
2757
9522
5592
8705
6240
9531
8687
8901
6671
9812
9307
8927
4115
5001
9571
11010
3790
1407
4113
4950
306
8737
8753
7198
4838
7289
9285
8011
4461
10744
7762
8738
3710
6334
10286
7425
5853
1719
7274
8928
-1137
7324
10589
11405
-854
8378
8485
8821
5122
10838
9496
8485
247
-581
7978
11514
7330
4254
5124
8896
3045
10532
10777
8150
2774
10809
9048
9761
6867
10818
9881
8643
1002
4883
9526
11125
7062
4571
7088
3981
6432
7792
9755
9111
3358
2240
9248
8456
6183
6887
9987
10649
4786
5212
10287
10180
4976
3110
7342
8879
2148
8530
8857
7927
4823
6021
9854
9694
5835
10171
9992
8820
5882
2339
9509
11307
6675
2587
