-6223
1079
-9553
190
-3169
-3192
-8479
-2264
6388
4948
-7308
-3711
617
1430
458
-5878
2294
4543
1668
-4273
-3091
-709
-5419
2042
-12
1380
-2814
-667
2933
2831
1294
2815
128
5026
-989
-3666
6675
7056
-2109
-2601
-1776
1000
-9899
-1056
2145
-558
-4807
1271
1561
4105
86
3262
3588
4056
-308
-3029
1407
-4194
1776
-6019
-1499
695
-4170
5921
3507
2318
-7521
2298
2666
5623
-2534
6522
7078
5377
252
-8284
527
5870
-1455
-292
2960
4869
-3452
5421
7589
1895
452
-629
7932
7316
-5319
5006
5631
8960
65
-1665
6732
8136
814
-5566
3305
7506
194
6582
8892
6454
639
6127
8300
7829
149
8703
8429
3499
5002
-427
11059
9392
5268
3397
356
4993
-5135
5634
6858
7382
789
5326
8746
3539
3837
6373
7498
8969
5661
5618
7833
10365
6447
3651
5090
4031
-2283
9006
8921
8029
2451
4471
7224
4371
3820
8478
9378
2677
2837
-998
7482
9387
5968
2952
42
1395
314
4931
5864
8735
3043
10512
6552
8535
7953
11095
8453
12038
6899
7492
11735
11534
8658
2775
5998
10216
4780
10883
10210
11867
3917
10887
8813
11106
5304
11900
11822
11297
5855
-215
12221
12481
9145
4612
6343
9547
2167
11060
11968
10603
1373
8239
12058
10993
7103
11101
11563
12019
8689
6572
11053
12002
8957
3181
11273
9359
4815
9555
11353
7085
-370
10566
10754
10680
9240
12864
11274
10880
5395
8372
12379
10825
8840
6485
5182
10214
5191
11188
10890
8075
6606
8353
12386
11740
5321
11708
9676
10938
8265
4905
9746
10843
7034
7382
5531
4670
-1436
7755
7583
9908
5623
4594
9456
10611
7909
10114
11945
12504
5721
6793
11663
12771
6843
7513
316
8421
7737
10328
11693
11269
8718
10160
12167
12139
9720
12425
12517
10618
5790
2616
11954
12030
8204
6378
7762
10763
-926
11973
10330
12067
7508
8961
10197
11514
5661
12296
12651
12104
8486
8778
12984
11380
10171
7028
8707
8246
7153
12035
10581
12081
5477
12402
12417
12679
8483
12898
11933
11916
7578
7310
11523
12040
9353
6812
6546
9207
6713
9630
10202
11889
5790
9981
10876
10599
10310
12025
12069
12535
10059
7939
12588
12187
7328
8261
3120
8808
1028
11128
8824
11206
2239
11974
12156
12581
9161
12539
12158
10292
8721
4290
12244
12218
9252
6733
8538
8659
3020
9711
11238
10838
6919
10446
11469
11969
10657
12629
12581
11908
11246
9240
11912
12556
10109
8025
7952
9384
2420
10467
11916
10818
6870
11139
12724
12746
9156
13498
12778
10222
9761
8089
13306
12647
9499
6291
4708
9892
3533
11627
12080
10112
9114
10826
12116
12788
9677
13423
11713
10614
8481
7032
13279
11654
10083
6733
10019
10556
4547
12247
11331
11636
9080
11734
12226
11452
10400
10766
12408
13252
8125
6318
12233
12961
7050
7279
9955
8493
-332
11729
11843
12873
7425
11057
12181
12255
8153
12789
12427
12601
9608
8276
12895
11908
8026
6175
11893
11798
2997
12456
11204
12566
6524
11207
12027
12611
8485
12518
13024
11959
10117
6484
13070
12948
9617
7791
9402
10117
7622
11373
12121
10970
4599
12377
12321
12523
9931
13430
12649
12923
9525
7988
12781
12288
11386
9169
10204
10848
2673
12579
12106
11095
5126
11791
12682
12778
8468
12580
11928
11842
10536
8545
13127
12792
11011
6744
9427
9629
8723
8589
12709
11771
6404
11850
12315
11646
9937
11818
13135
13140
8930
9153
11954
12165
10191
10131
4807
10922
5125
8300
13004
12503
6907
11886
11812
11490
10761
9624
11579
11244
6937
8528
12359
12328
9684
7857
7543
10968
7763
11907
10703
12012
8333
11319
11605
12717
9472
12767
12896
11877
9482
7119
12987
12952
10378
9528
10364
8219
7276
12782
12679
12658
4605
12171
12682
12909
10338
11075
12941
12042
10294
10363
12017
12560
10092
10141
6713
11443
8011
10993
11669
11215
7728
11597
13427
11276
9250
11318
12184
12884
11022
10226
12297
12728
10422
9440
12075
11461
6874
12551
11829
10891
7750
11740
10557
12498
10310
12594
12796
12510
11189
8526
13297
13050
10046
8565
9634
9506
7977
12487
12599
12387
8953
10135
11489
12008
10431
12162
12971
12410
11495
9955
13135
12156
9985
9841
11416
10477
7645
12751
12232
12808
6246
12603
11909
12930
10202
12846
12321
11540
11987
9098
13252
13107
8651
9344
12450
11181
7296
12991
12248
11403
7728
12623
13280
12259
9292
12157
12993
13427
10879
9231
12797
12620
10431
7555
11104
10503
8236
11661
12569
11175
8028
12940
12733
13088
9118
13300
12575
12796
11175
9227
13613
13273
11786
6673
13016
12408
9043
12145
12600
10882
6113
12611
12918
12752
6047
13394
12911
12816
11405
9344
13271
13323
10747
9294
12474
12195
9098
12321
12848
12217
7911
11921
13375
12815
7804
13533
12859
13044
10811
11160
12958
12808
11950
10161
9659
11876
8917
13118
13074
12382
8552
11546
12906
12783
11232
11995
13170
12902
9306
8290
12441
13256
11463
9278
10272
9159
6618
10900
13111
11775
7755
13055
13063
12996
10631
13230
12972
13121
10041
10911
13285
11900
11172
7111
11382
12010
6109
11630
13288
11824
8723
11996
12915
13322
9148
12964
13425
12550
9935
9870
12840
10792
10835
9479
11971
12242
11040
11502
12603
12705
7534
12210
13023
11782
11424
12570
12031
12451
11519
8609
13154
13195
10948
8986
10780
11483
8348
12606
11766
12592
7649
13013
12562
13154
10428
13120
12147
11591
9862
9091
12859
12436
10667
8748
12379
12867
9068
12806
12744
12353
10049
12246
12894
13155
10214
13123
13151
11297
11615
7542
13508
13389
11387
10094
11751
12787
9710
12742
12287
11546
9608
13016
12365
13494
7265
13505
12836
13330
11008
9608
13183
13117
8191
8243
11607
10971
6627
11327
12650
13230
8490
11574
12000
12463
11495
13276
12918
11958
9832
9811
13635
13503
8893
9949
12605
10784
7530
12491
11646
12212
11346
11485
12571
13535
10697
13643
13462
12792
10674
8022
13682
13437
10899
10448
12128
11065
8111
11099
10996
12269
10405
12496
12576
13521
10696
13092
13192
12945
10531
10608
12206
12799
9968
10903
9653
9083
5525
11285
12589
12514
9991
12787
13326
13066
8339
13421
12725
12451
9751
7897
12362
13146
7030
7705
11213
12088
5746
12927
12398
11766
10129
12272
12413
12941
9202
13067
11839
13280
12020
8002
12694
12788
11368
6189
11460
12410
7969
12254
12221
9914
7828
11821
12477
13300
7011
13359
12744
12667
11459
8088
13551
12801
11297
4864
12574
12001
5969
12798
11400
11115
6910
12582
13192
12797
9387
13404
12673
12041
11979
9595
13139
11977
11925
6026
11551
12415
5212
12315
12922
11004
5434
11718
11325
12395
7533
11435
11360
11892
10757
8798
12863
12002
10628
8277
11368
12795
8211
12106
11472
10070
7632
12014
11819
12678
9178
13450
11439
13187
12531
4512
13182
11548
10302
6238
9870
11721
5461
11341
12298
10885
8631
11243
11882
12349
10917
13223
12756
13072
11870
10807
13757
11951
12103
10730
12200
12888
9443
13042
13549
12561
9050
11670
13231
12483
11398
13020
13120
13371
10555
10331
12927
12711
11284
10115
11730
11638
9174
12600
13181
12468
9375
12787
13130
12189
10760
12515
13019
13439
11193
10631
12693
13219
10303
9429
9687
10658
9779
12402
13485
12163
7937
12457
11828
12606
10428
13379
12700
13215
11120
11713
12404
12069
11337
8594
11668
11430
9964
12607
13210
11186
7727
12288
13184
11901
9422
12732
13172
13581
12562
11673
13149
13300
11737
9543
11887
13072
9173
12480
13371
12123
8485
12893
12693
11946
10153
12960
13285
13048
12020
11562
13272
11693
11189
10393
11998
12636
9548
13112
12833
12414
7902
13138
11877
13161
10239
12961
13062
12328
9954
10899
13220
13478
10820
10884
12833
12036
9410
13041
13246
12584
7093
13058
13310
12632
11234
12997
12892
12431
10972
10656
13382
13210
11829
10232
10253
13124
10285
13512
13537
13144
9538
13509
13357
13520
11342
13483
12841
13265
11257
10229
13489
13416
11448
9787
10224
11609
9019
12889
13099
13085
10326
12689
13196
13520
10729
13703
12978
11658
12189
9519
12708
13596
10119
10384
12501
12996
9274
13362
13036
13201
9741
12132
12580
13526
11619
13750
13274
13218
11126
9924
13739
13749
12433
10199
12337
12633
7819
11390
13643
11909
9725
13071
13560
12855
10976
13666
12222
13670
11974
10821
13854
13847
11541
9973
11897
13170
8175
12734
12136
13417
9911
13000
13529
12903
10416
13542
12945
13038
11647
10701
13689
12505
11522
9094
12594
12128
10217
13436
13079
12176
8910
13130
13641
12743
10251
13710
13140
13444
12279
11422
13278
13376
11310
6886
12007
13555
10037
13394
13714
12051
9740
11765
13699
13315
10573
13616
12857
13629
12265
10506
13624
13015
12135
10430
12366
13002
11003
13472
13434
11886
9906
12931
13593
13211
11170
13503
12691
13590
12620
12142
13546
13063
12577
10232
12093
13324
10756
13553
13561
13449
9465
13267
13600
13552
11111
13328
13440
13040
12032
11925
13425
13649
12607
11543
11219
12060
10946
13445
13763
12808
11156
13180
13438
13699
12071
13674
13345
13982
12318
11525
13781
13443
12162
9744
12284
12448
8677
12831
12981
12952
11099
12713
13785
13883
12193
13577
12792
13750
12195
12045
13583
13698
12351
10432
11270
12854
9482
12860
13706
13035
10317
13031
13817
13002
11142
12136
13503
13295
11636
11068
13915
13866
12169
9697
11309
12698
10323
13431
13714
12390
11229
12760
13796
13815
11556
13607
13896
13725
11848
11916
13863
13834
11371
11217
12777
11800
10159
13677
12553
12868
9097
13536
12761
13405
10989
13881
13715
12836
11418
9448
13987
13644
12447
9653
12010
12808
8386
13555
13626
12950
11233
13247
13339
12743
10404
13624
12735
13235
12736
9326
13187
12740
11613
8597
12519
12881
10224
12910
13485
13728
11602
13257
13448
13877
12001
13290
12710
13762
12375
11839
13445
13435
12605
10197
11822
12851
9457
13334
12710
12281
9150
13356
12831
12699
11495
13498
13563
13628
12124
11082
13871
13351
12349
9052
12299
11008
8964
13133
13012
12934
10497
12606
14104
13571
10999
13688
13402
12867
9947
9712
12662
12918
6118
6836
11393
11627
9701
11446
12539
12847
10088
12042
12947
12286
12089
13042
12741
12320
11355
9915
12892
12857
11205
9842
11211
12375
9947
12745
12514
12419
10243
12888
13384
11545
9815
12546
12067
12997
12401
9661
13673
12693
12031
9497
11863
12373
9379
13143
13094
12441
10766
12804
13262
13214
11040
13471
13291
13566
12155
11101
13722
13692
11872
9169
12134
12158
9278
12895
12632
11737
10766
13327
13216
12816
11515
13483
12581
13339
12157
9217
13117
13403
12617
9165
10424
13189
10171
13461
13025
12316
10478
11474
13215
13006
10013
13457
12487
13344
12960
11079
12949
13303
11901
9352
11147
12969
10512
12807
13235
10892
9514
12502
13207
12433
9859
13251
12287
12291
12036
9854
12887
12638
11870
9868
10777
12924
11202
13151
13436
12553
10732
12563
12695
12987
11551
12934
12761
12104
8390
10134
13297
13414
12000
10178
12053
11314
9934
12283
13090
12723
11018
12287
13320
13450
11366
13247
13313
13253
11704
9937
13622
12961
11679
10613
12284
12993
11182
12440
12865
12216
10006
13191
13505
13600
10982
13166
13574
13410
12335
10585
13601
13550
11698
8626
9792
13138
11061
12697
13548
12941
9740
13279
13465
13361
10324
13186
13042
13400
11946
10923
13406
12984
12222
9805
12576
12937
10004
13521
13481
12528
9544
12659
13391
13086
10947
13620
13238
13265
11792
11309
13596
13650
11541
10288
11347
12674
10434
13415
13368
11828
10365
12661
13178
13558
11929
13539
13335
13316
12122
11377
13905
13872
12217
9807
12821
12924
11368
13105
13472
12777
10978
12427
13256
13521
11352
13898
13544
13715
12685
11260
13881
13329
12097
10554
12027
13105
11201
13319
12878
12642
11123
13390
13480
13533
9775
13571
13236
13551
11597
12224
13850
13890
11941
11306
10760
12954
8570
13076
12829
12870
11173
12997
13662
13210
10808
13563
12485
13083
12973
10558
13561
13707
12735
9016
12336
12205
10280
12908
13311
13098
11323
13077
12982
13560
10118
13674
12838
13458
11546
10304
13842
13132
12285
7681
12423
11898
10927
12952
13165
11217
9631
12218
13358
13270
8721
13732
13222
13407
12864
10797
13298
12763
12197
8959
11520
12269
11357
12560
13093
12881
11178
12129
12323
12961
10549
13162
13089
13525
12598
11912
13448
13268
12305
10802
12552
11459
11598
13386
13391
13354
10854
13054
13263
13466
12487
13418
13583
13690
12543
11957
13647
12766
11865
10244
11722
12745
11025
13030
12465
11945
9354
13258
12397
13229
11829
13218
13640
13488
12006
12201
13416
13447
12957
11639
10627
12674
11466
12952
13827
13210
11000
13008
13528
12802
12361
12855
13523
13415
11513
10564
13677
13082
12473
10687
11627
11946
11094
13602
13467
13069
10566
13345
13009
13415
12040
13595
13351
13590
11742
11737
13572
13846
12743
11442
12462
13011
11675
13614
13577
13020
10881
13423
13835
13928
12441
13949
13767
13949
12231
12010
13913
13471
12328
10190
12941
13077
11438
13574
13766
12640
10831
13607
13585
14002
10602
13885
14006
13451
13045
11441
13910
13609
11913
10877
12650
13112
11368
13488
13655
12633
10203
13254
13775
13145
10368
13994
12870
13772
12637
10956
13957
12674
11979
10476
13046
12994
10550
13601
13574
12809
10543
13205
13614
13244
11665
13416
13589
13327
12605
11232
14118
13319
12900
10975
12877
12831
11098
13565
14007
13293
11243
13112
13854
13994
12382
13628
13735
13779
12747
10348
13853
13247
12421
11405
12536
13272
10601
13441
13537
13495
10951
13464
13409
13876
11703
13953
14006
13828
12574
10616
13974
14025
12302
11159
12730
12445
10223
13594
13776
13543
11599
13599
13949
13846
11098
13888
13944
13331
12125
11312
14072
14105
12654
11223
12866
13049
10608
12996
13425
13119
10707
13691
13610
14000
11362
14042
13475
14231
12598
12191
13968
13614
12582
11699
11820
13023
11137
13759
13876
12916
10873
13417
14032
13912
12357
13359
13571
13644
12443
11126
13951
14170
12487
11341
12093
13078
11432
13373
13872
13747
11034
13505
13833
13615
11800
13999
13797
13690
12991
11802
13958
14035
12472
10651
12510
13090
11863
13735
13868
13741
10260
13319
14057
13676
12069
14004
13751
13956
12176
12432
14109
13414
12535
11576
10781
12426
10429
13036
13862
13533
11701
13192
13698
13908
11798
13448
13685
13756
11879
12320
13856
13811
12221
9918
10724
11691
10595
13094
13592
13105
10040
12442
13037
13799
12518
13624
13669
13312
10680
11689
13955
13751
12595
11293
12261
12631
10654
12951
13065
12896
10149
12036
12272
13123
9021
11224
12959
11800
12066
9723
12251
14140
11778
10587
10996
12222
11081
13312
13386
12901
10356
12989
13621
12465
11952
13307
13047
13159
11281
11805
12735
13499
12282
11841
11150
12879
11483
12757
13467
12009
10326
12958
13016
13532
11655
13589
13168
13022
10156
11498
13638
13143
13105
11129
11286
12059
10490
12904
12938
12976
9070
13463
12898
13080
11659
12934
13207
13516
11844
11807
13654
12282
12436
9060
10802
12488
11006
13036
12900
11767
9302
12989
12590
13234
10518
13195
13260
13241
11283
11402
12944
13037
12561
9683
8729
12132
11089
12444
13107
11803
9143
11995
12048
11582
10023
11807
11460
12528
10313
9585
12882
11929
10465
5666
10092
10448
9120
12510
11857
8672
7229
11794
11954
11532
9342
12024
10911
12496
11686
9421
12743
12489
12168
3787
11343
12761
11168
12682
13324
10324
8216
12020
13310
13139
8634
13536
13041
13068
12390
10544
13245
12402
12000
-1012
11715
12836
10514
12754
13194
7767
8559
12839
12188
12505
8356
11159
11604
12883
10340
11543
10615
11728
11958
1757
11417
12261
10433
12241
13436
8735
6716
12642
12814
12172
7554
12344
12163
13176
10351
11208
12841
12711
11830
682
12113
12498
11244
13030
12980
9874
3374
12551
13577
13222
10956
13327
13060
12971
12610
10042
13541
13303
12159
2179
12840
13123
10981
12742
12895
10848
9046
12611
13370
12241
10008
12093
12293
13308
11880
11884
12609
12624
12430
8444
10805
12502
11265
13323
13314
10655
5976
12230
13644
12010
10836
11824
12077
13208
12008
11175
13112
12937
11647
7732
11353
12746
10706
12823
12866
12308
6370
12971
13019
12679
10322
13510
12296
13607
12035
12284
13308
12775
12098
7940
12525
12783
10838
13558
13593
11521
7342
12748
13248
13421
11019
13455
13059
13038
12587
11078
13779
13037
11927
7600
12200
12858
9669
12486
13224
11921
9765
12539
13338
13414
11571
13448
13175
13342
12349
11215
13558
13236
12114
8486
12516
12411
11016
13069
12979
12125
9345
12029
13422
13072
10946
13210
12478
12085
11469
10464
13500
13603
11255
6698
12179
11537
9414
12655
12479
12250
9206
12395
13748
13521
11495
13451
12994
13056
11572
10215
13283
13076
11626
10215
10364
12194
9947
10593
12021
12642
7608
12511
12932
11816
11892
12865
12508
11899
8798
11077
12854
13281
11811
11231
9343
9092
8903
12354
12588
12833
8215
13035
12715
12533
11637
13469
13643
13308
10592
11690
13284
13497
12232
11450
10704
11980
10821
13051
13125
12938
8330
13298
12432
12961
12043
13054
13233
12680
10981
12628
12884
12852
12698
11480
11166
12168
11439
11979
13302
13484
9327
13327
13667
13564
10670
12757
13050
13539
12018
12684
13800
13879
13148
11257
12024
12978
11683
13527
13230
12876
10370
12745
13902
13040
11438
13498
13561
13172
13056
11962
13683
13419
12650
10747
12073
13556
10295
13624
13041
12260
11537
13061
13738
13559
10874
13933
13452
13524
12796
11864
13628
13707
12342
9671
12209
12585
10156
13639
13557
12774
9914
13075
13118
13583
11627
13947
13610
12656
12912
11205
14013
13820
12089
10924
12105
12216
10835
12508
13217
13532
11327
12782
13223
13863
10598
13818
13993
13713
12495
11378
13896
13620
11480
9396
13256
13316
11504
13332
13489
12969
10401
12813
13659
13838
11984
14074
12931
13442
12588
11593
13721
13782
12304
10243
13039
13221
10947
13771
13947
13074
10244
12397
14111
13954
11305
13533
13807
14038
11915
12127
13939
13663
13006
11478
12982
12835
11451
13427
13833
13665
10986
12795
12923
13864
12464
13990
13567
13744
12584
11931
14123
14100
12230
11671
12408
13093
11716
13429
13924
12661
11484
12633
13796
13772
11844
13855
13891
13748
12922
11972
13879
13895
12641
11443
12923
13406
11369
13394
13549
12799
11036
13061
13714
13828
12067
13828
13659
13816
13304
11651
13901
13830
12541
10783
13333
12372
11137
13519
13105
12513
10913
12809
12935
13610
11526
13780
13454
13620
12770
11049
13337
13214
11530
10510
12797
13329
11617
13605
13342
13431
11506
12995
13602
13681
11955
13790
13971
13752
12886
10608
13677
13898
11992
11041
12605
13079
11219
13696
13712
12547
11040
12737
13772
14018
11902
13872
13798
13869
12619
10881
13619
13991
12652
10718
12173
12477
10757
12660
12674
12167
10892
12487
13617
13539
11295
13637
13440
13234
12905
10256
13209
12777
12144
9490
12479
12730
10968
13101
12730
12815
8975
13460
12326
13480
11757
13699
13446
13692
12494
12171
13670
13710
11699
11226
11652
13258
10739
13527
13292
13674
10874
13368
12961
13794
12627
14100
13963
13952
12980
12272
13918
14099
12969
12208
12503
13313
11214
13869
13950
13789
10738
13597
13319
13107
12247
13386
13935
13434
12648
11557
13620
14035
11354
11956
12112
12230
9826
12365
14201
13533
10529
12426
11792
13077
11523
14039
12921
13559
12773
10243
13918
13860
12008
10769
13041
12790
10611
13434
13188
12442
10969
12336
13128
13927
11456
13900
12430
13718
12813
9277
13403
13720
10939
11338
13185
13213
10521
13635
13797
13382
10898
12187
13823
13943
12302
13942
13524
13434
12966
11939
13742
13867
12690
11372
12422
11887
10996
13749
12912
13762
10888
13343
13890
13744
12462
13805
13940
13857
12943
12011
13750
14251
12233
11752
11795
13177
10486
13280
13892
13543
10523
13664
14109
13390
11980
14067
13979
13979
13160
11795
14179
13992
12689
11418
11564
13229
11434
13449
13998
13723
11039
12766
14008
13535
11231
13584
13484
14002
12386
11618
13997
13731
12727
11287
12239
13399
11326
13609
13839
13258
10586
12843
13675
13549
12132
13949
13746
13341
12886
11732
14126
13825
11834
10621
12933
10869
9005
13680
13852
13435
10933
13319
14157
13528
12097
14022
14016
13843
13091
11583
13852
13904
12633
11009
13108
13367
10805
13833
13737
13542
11634
13278
13785
13502
10770
13967
13794
13832
12678
11205
14206
14048
13122
10801
12898
13257
11037
13507
13271
12544
10889
13388
13407
13738
11125
13982
13563
13793
13001
10278
14204
13716
11186
11018
12769
12987
10399
13333
12877
13394
11513
12860
13932
13631
12054
13900
13842
13980
13123
11808
14112
14102
12625
11744
13072
13462
11788
13752
13946
13712
11818
13701
13974
14000
12158
13997
13790
14042
13116
10059
14127
13608
12373
11265
13092
13250
11272
13162
13361
12320
10013
13126
13594
13381
10895
12876
13702
13915
12001
10900
14249
14190
11925
11063
13074
13470
10012
13039
13794
13535
10857
13084
13813
14043
11302
13963
13718
13993
12442
10076
14244
14029
12779
10535
13374
13358
10777
13766
13169
12635
10828
12418
13890
13788
12231
13770
13699
13596
12787
11889
13864
13471
12795
11858
13275
13113
11331
13627
13556
13576
10770
12861
13784
13951
11597
14130
13160
13430
12790
10903
13828
13604
11881
9835
12713
12925
11095
13150
13432
13477
9608
13015
13808
13887
11954
13635
13976
13769
10838
11828
14069
13365
12616
10517
12202
12804
11073
13476
13895
12689
10661
13353
13677
13540
11062
14003
13588
13528
12522
11946
13740
13799
12267
10279
12794
13399
11187
13512
13921
12263
11024
12202
13757
13110
11166
13855
12538
13843
13014
11717
13938
13785
12109
11076
10486
13426
11958
13385
13837
13383
10028
13326
13853
13193
12088
13460
13946
13891
12741
12225
13241
13798
13004
12116
12671
12740
11421
13466
13462
13798
11396
13499
13700
12830
12174
13755
13362
13536
12852
11825
13885
12937
12511
10845
12258
13340
11473
13263
13993
12485
9927
13558
13538
13316
12369
13126
12851
13658
12439
11581
13693
13597
12695
11317
12636
11750
11395
12923
13558
13113
10356
12633
13386
13700
11477
13828
13805
13602
12161
12058
13833
13938
12426
11031
11878
12286
11035
13317
13317
12974
11071
12735
13442
13800
12070
13698
13736
13703
12913
12233
13767
13886
12476
11756
12730
12858
12163
13322
13723
13306
10501
13391
13414
13545
11854
13839
13674
13706
12659
10779
13344
13703
10919
10697
12534
13357
11249
13701
12489
12531
11372
12698
13771
13382
12570
13733
13640
13112
12372
11997
13586
13826
12490
11202
13240
13000
11063
13594
13559
12486
11200
13383
13809
13740
11784
13604
13933
13716
12328
12097
14003
14018
12750
10707
13253
13407
11483
13772
13728
13597
11624
13615
14071
13744
12723
14098
13957
13937
12527
12560
14060
13959
12643
10628
12596
12569
11803
12883
13544
13296
9469
13639
13535
13851
12749
13736
14029
13712
12320
12734
13400
13864
13246
12113
12482
12683
11837
12728
13770
13563
9231
13577
13458
13834
12248
13267
13364
12128
10161
11646
12826
13205
12801
12167
11156
10999
10906
10878
12898
13118
9384
13433
12135
12342
12758
12933
13839
13444
9500
12296
13553
13337
12427
11832
11665
11028
11073
12492
13463
13404
9538
13926
13086
12895
12602
12380
13959
13357
12711
12225
13720
14005
12894
11754
12698
13147
11721
13620
13579
13150
9374
13562
13737
13681
11135
13801
13093
13980
13092
11216
13490
13783
12024
9679
13121
13406
11847
13685
13672
12489
9813
13381
13868
13871
12369
13849
13764
13736
12537
12678
13666
13705
12438
10451
13058
13174
11668
13489
13480
13653
10798
13320
13849
13619
12496
13934
13979
13818
12330
12179
13780
14139
12598
11902
11050
11026
11040
12566
13163
13299
8829
12643
13295
12683
11700
13164
13841
13899
12656
12085
14143
14091
12585
12291
11832
12288
10546
12376
12817
13623
9748
13428
13727
13575
12892
13301
13561
13767
12462
12504
13666
13933
12483
11967
11430
12363
11257
12663
13495
13646
10847
13402
13659
13396
12732
13741
13897
13754
12184
12068
13718
14043
12981
12228
12483
12969
11491
12320
13739
13608
11369
13460
13627
13643
12531
13585
13887
13781
12279
12351
13683
13851
12815
10986
11507
12580
10631
12619
13361
13527
11258
13145
13915
13240
12284
13686
13820
13611
11675
11730
13577
13454
12359
11364
12124
12119
11551
12430
13811
13333
9284
13198
13698
12773
12365
13668
13127
13823
11521
11605
13724
13619
11954
10798
12472
12181
11103
13207
13904
13346
11385
12988
13538
13496
12365
13276
13874
13754
12634
11955
13837
13381
12591
11412
12234
13327
11796
13186
13348
13177
11182
13577
13713
13616
11920
13842
13872
14001
12831
11618
13855
13533
12866
11337
12920
13346
11897
13762
13903
12922
9719
13651
13800
13643
11412
13032
13495
13716
12911
12102
13454
13872
12702
8518
12029
13430
11488
13704
13930
13697
11169
12599
14046
13714
12044
13804
13876
13807
12688
11097
13693
14150
12977
10531
12640
13260
11932
13740
14018
13465
11062
13149
13513
13008
11740
13783
14105
13511
12796
11953
13925
13664
12555
12059
13142
13191
11714
13330
13543
12987
11507
12736
14089
13537
11968
13001
13975
13926
12832
11467
13532
13474
12878
11755
12055
13245
11623
13260
13538
13208
10719
13038
13912
13240
11515
13702
13300
13531
12814
10077
13852
13549
12118
10840
12471
12944
11567
13503
13291
13755
11286
13421
13577
13339
12019
13548
13661
13951
12865
11867
13792
13856
13088
11663
12669
13028
11716
13474
12889
13373
11570
13456
13887
13614
12165
13858
13667
13995
12612
11148
13712
14060
12972
11643
11461
12932
10706
13601
13874
13552
11354
13187
13877
13861
12493
13926
13782
13750
11182
11448
13337
13772
12300
11574
12220
12633
11290
13145
13136
13452
11272
12987
13907
13101
10753
13661
13445
13582
11662
10749
13823
13896
11746
10998
12625
13299
12101
13351
13443
12743
10957
13769
13695
13748
11292
13606
13296
13594
12539
11941
13640
12960
11779
10323
12530
13218
11073
13443
13650
13168
9812
13742
13632
13295
11588
13279
12528
13701
13046
12036
13768
13407
12206
11060
13035
13295
11360
13352
13690
12998
11334
13084
13695
13472
11646
13545
13780
13732
12873
12064
13916
13489
12775
10465
12402
13293
11541
13234
13698
12712
11041
13272
13197
13336
12132
13717
13251
13529
13064
12176
13444
13970
12670
10627
12696
13516
12070
13450
13380
13359
11303
13567
13525
13648
11661
13598
13432
13424
12922
11761
13816
13790
12381
11406
11915
13082
11747
12598
13636
12653
11154
12814
13401
12336
11609
12616
13122
13655
12347
10796
13662
13145
12567
9803
11897
13524
11471
13603
13422
13136
11264
13791
13955
13562
12450
13907
13792
13964
13178
11997
14082
14006
12933
11919
12421
12654
12022
13243
13968
13465
10807
13365
13885
12729
12547
13974
13964
14074
12618
12443
13759
13669
12192
11304
11614
13087
11072
13528
13498
13852
10744
12447
13502
12764
11642
13278
13131
13898
12321
11020
13765
13316
12550
10268
12218
13280
11647
13006
13709
13126
10474
13472
13795
12652
10945
12799
13654
13749
12805
11835
13848
13769
12786
11322
10914
13284
11752
13571
14030
13165
8997
13605
13529
12605
11074
13293
13809
13777
12774
10602
13255
12717
12546
11466
12185
12986
11180
13482
13392
12977
11457
13003
13722
13341
11792
13815
13548
14081
12791
11866
14257
13867
12803
10968
12883
13224
11690
13484
13456
13556
11353
13584
13508
13778
12393
14026
13929
14016
12866
12403
13967
13763
12607
11285
13201
13092
11823
13701
13961
13496
11520
13784
13819
13937
12776
13961
14173
12626
12207
11277
13809
13519
11886
12043
12978
13047
11052
13113
13821
13560
10915
13807
12853
13630
11459
13955
13711
14024
12890
12473
13949
14152
12692
11234
13171
13025
10833
13384
13815
13287
11227
13362
13962
13716
11717
13101
13483
13320
13166
12145
14179
14028
13168
11819
12811
12748
11990
13462
13975
13761
9527
13712
12874
13709
12807
14166
14123
14076
12194
12512
14269
14123
12847
10597
13466
12876
12213
13647
14072
13758
7827
13762
13752
13960
12302
13542
13453
13575
10990
12373
13069
12678
12947
9431
11096
12181
11522
12577
12993
12820
9390
13554
13885
13055
11517
13674
13614
14030
13211
11964
13887
13923
13038
10145
13042
13221
11904
13799
13894
13016
9095
13326
13826
13169
11834
13559
13463
13387
12864
12714
13654
13458
13153
10844
12614
13226
11782
13841
13766
13826
11060
13634
13984
13798
12182
13972
13944
13584
12225
12522
14023
13883
13086
11035
13047
13380
11684
13678
13801
13714
11005
13829
13931
13864
12371
14010
13931
13682
13199
12139
14182
13952
12669
11224
13256
13442
11547
13774
14058
12861
11858
13534
13866
13571
11962
14096
13716
13477
12639
11148
14031
14127
12831
11089
12902
13310
11315
13711
12860
13294
10834
12787
13753
13052
12406
13756
13675
13733
12236
12470
13947
13840
12300
11143
13126
13180
11891
13473
13651
13194
10935
13338
13063
13110
11915
13364
13598
13857
12663
12176
13947
13767
12831
11721
13281
13243
12184
13457
13553
12672
9430
13588
13571
13657
11879
13549
13057
13616
12181
11795
13514
13886
12633
11477
12737
13303
11366
13719
13625
13410
10876
12762
13763
13322
12772
13756
13741
13901
13186
12109
13957
12994
13105
11647
12543
13375
11825
13585
13831
13654
10447
13369
14038
13658
12568
13866
13446
13509
12855
11906
13337
14069
11502
11751
12681
11960
10568
13522
13192
13623
10720
12939
13864
13526
12511
13845
13968
14102
12827
12507
13995
14065
12589
11747
13055
12806
11861
13772
13881
13517
11564
13475
13613
13648
12299
14017
13972
13705
13196
12561
13966
14022
13110
12123
13025
13405
11909
13575
13588
13314
10425
13341
13888
13240
12530
13433
13898
13469
13082
12549
14283
13982
12875
11590
12460
13635
11387
12910
13848
13098
10793
13360
14067
13692
12778
13530
13782
13872
13016
12584
14253
14052
12992
11997
12997
13531
11890
13790
13940
13193
11461
13703
13963
13875
12527
14012
13689
13522
12792
11641
13661
13838
11927
11355
12566
13311
10895
13600
13472
13115
11151
12934
13840
13722
12499
13655
13580
13960
12644
10767
13967
13682
12416
11385
13475
13249
12006
13888
13779
13759
11259
13324
14127
13679
12854
13755
13762
13879
13002
12720
14092
14102
12869
11873
12738
12919
11762
13884
13741
12403
11490
13448
13557
13633
12248
13852
14032
14015
12052
12396
13776
14039
11989
11043
12768
13148
11832
13919
13600
13825
11053
13757
13462
13870
12765
14132
13888
13200
12847
10481
13576
13478
12624
11705
12745
12402
10133
11722
13035
12620
11419
12489
13192
13188
12130
13637
13425
13347
12599
11333
12984
13670
12421
11748
12796
12850
11778
13311
13702
13521
10832
12958
13123
13315
12791
13488
13798
13157
12892
11828
13581
13488
12855
11997
12184
12832
11525
13322
13304
13466
11019
13061
13665
13573
12702
13431
13513
13619
12173
12002
13590
13506
12803
12174
12429
12832
11640
13380
13530
13445
10061
13256
13988
13297
11962
13121
13052
13780
11084
11388
13266
13749
11847
11594
12992
12999
10750
13357
13527
13424
11181
13025
13661
13115
12768
13283
13677
13623
11803
10370
13359
13356
12670
12397
12407
11870
10819
12864
13794
13630
11075
13281
13675
13125
12450
13602
13687
13648
12659
11762
13681
13839
12233
11997
12349
13080
10698
13553
13689
13059
10895
13354
13859
13594
12291
13514
13642
13824
11896
11942
13869
13869
11541
11850
