-7664
989
-3191
658
2453
-32
-9236
-3615
5067
2218
-7917
-2220
1827
604
-490
-7519
-1850
56
-1396
-10219
-1981
293
-6640
5788
-1412
1412
-6273
-1731
8001
8212
-4232
2522
-2394
2264
2269
-6689
4901
4398
-1405
-4428
-4780
-1341
-4256
5550
-2729
-2495
-5119
1430
4245
2935
-2237
-221
3710
4338
492
-2707
1922
-591
-3385
-2683
-2858
2956
-7821
-3275
1790
3679
-3593
1528
3902
-1398
566
-2809
378
2949
-2185
-1939
1972
5543
1844
-3804
-1233
501
-1517
2296
1868
3996
-6507
3642
1071
5569
-1336
2897
1665
730
-921
-6186
2164
5325
-3114
-1754
-5617
-4566
-5091
1582
4687
3645
-3911
5305
4320
2584
520
4768
3808
2940
-2187
2217
2329
2497
2984
-553
-3063
-3402
-2741
3049
4324
2123
-6773
3058
6175
3689
-2822
4303
5011
3252
-3154
-1684
5326
5662
728
-3497
2148
2926
-4627
6008
2836
2207
-4889
4552
4804
1936
1129
1969
7130
3519
3733
-4877
975
7686
3429
-3969
1899
-1542
-1724
3065
3007
4765
-6071
-429
5350
4656
-2148
6776
5085
7265
-239
-1595
2878
3572
-3525
771
-2460
-3396
-2471
10232
4513
5749
-3225
5839
2884
4546
3147
6715
5203
6543
2323
-1490
6927
727
5280
1015
-580
4050
-5474
-1120
3369
1407
-8498
5381
6029
7952
572
5722
6498
7346
1569
459
6836
6858
-60
-103
-2793
6820
-4156
2635
2277
3676
-2349
5465
6484
5401
-1015
3999
6414
8944
8
-3108
7158
2961
-536
-4097
-3812
2565
-1891
4149
2336
6375
1809
344
9198
6666
-3976
7541
4549
4913
-1607
-6254
631
10780
3617
-4953
-2737
866
-1566
3864
3337
3286
-405
2328
5082
5129
810
7016
7441
4624
-1348
-5939
6938
4327
-1173
897
-1378
2434
-3039
6147
5503
5128
1237
6186
8073
7854
1220
8377
6104
8549
2336
-2558
8253
8321
-629
-1911
1739
357
-4735
5862
7008
5150
1215
1604
8641
3575
3821
7238
7194
3759
-1755
-1040
10173
9749
3822
-33
3114
2114
-7562
6960
7146
1173
172
5091
4788
6577
3407
6576
5276
8866
5167
-274
8492
4912
3978
-4289
4600
2603
-2599
6450
3838
4534
920
4546
8121
7022
662
5478
7198
6625
4950
2933
9276
8116
2970
269
2875
3143
3340
7227
4334
5145
-3473
7565
8265
9494
2975
8010
6086
9240
1123
3996
7325
9122
3743
-1811
-2488
5099
7167
7876
7142
4856
848
4206
9971
6512
23
7311
5560
6122
2673
3545
9745
10989
1743
-3567
3647
3631
-946
7805
8973
5210
-594
7415
8972
6595
1695
7263
9861
7974
-788
929
5924
8006
5496
-2458
6592
3869
-151
6049
3612
5519
2794
8083
10344
7934
154
8795
8713
5876
6612
697
10298
10930
3798
1232
4447
8824
1709
7100
7927
5525
1506
5753
7470
6674
2032
4381
9401
8877
3568
4691
8523
10095
6109
-555
2250
5291
-990
6141
8988
5847
-69
3541
7681
10683
1901
10233
9449
8583
7259
3590
9920
8473
8391
8506
4670
9122
-954
7707
7992
4217
2046
9040
10681
6181
4816
9020
8412
7785
8533
500
10492
9570
3392
1199
2168
4467
1808
10739
7491
8352
3296
5206
8899
6833
4265
7866
8788
6311
3595
438
10615
10270
527
-609
4180
7739
-3337
8349
8297
8554
4301
2047
8187
7940
4992
9538
10624
9739
9798
3935
10140
8853
3363
932
1912
6659
1035
8574
10241
5510
6250
3916
7839
7592
2576
11082
8757
9736
6932
3014
10360
9802
3530
431
7089
7784
-750
7031
9855
7096
5450
2930
8633
8669
6070
10540
6344
10557
7199
4743
8120
11022
4446
2833
3913
8854
2176
7917
9639
7013
3912
9124
8993
10213
2790
9374
10482
3914
3142
807
11147
11334
-92
2573
3860
8597
1364
11805
10649
11681
1631
9518
11638
4968
8275
8920
6365
9767
3709
4108
9841
8845
8394
5523
8261
5934
1133
9086
10865
8574
5390
10892
10368
5035
2394
10456
9920
9641
3867
-1187
10747
8056
7289
3039
4599
9252
2525
6058
10815
9736
1963
9874
9602
8813
3487
9784
11321
8219
3069
2707
9599
6480
4409
3872
6794
7971
1575
9690
10356
6720
830
8493
9693
5735
1950
10463
9754
9530
6424
2163
8462
11620
4417
-1210
2330
5063
314
8105
7539
8259
4994
8966
9227
8344
5958
4374
6309
6196
10334
2251
9434
11632
9579
4342
5755
8198
464
9781
10362
5718
4622
7673
12087
8363
2431
10779
11499
7639
8123
5801
11847
9407
8378
1117
5463
9166
-52
7472
6309
9175
5609
9390
10427
11130
7548
10080
10943
9855
5321
5006
11156
9704
5534
7411
7558
9329
3727
10675
6776
9448
5863
9476
11145
8971
6228
9807
11028
10655
5845
4345
11940
11930
3467
1981
6216
8085
3257
9705
11398
9550
4939
10341
12224
10191
653
10742
9963
9527
4359
3818
9821
11363
6833
6065
6119
8775
2727
7595
11233
9756
4293
7305
10815
10625
7290
11950
11173
10077
5077
7801
11082
10692
8239
3348
4266
6975
1529
10867
12187
10887
1451
10234
9494
6239
5566
9534
10882
9717
2465
3308
9319
10987
10129
6827
6667
9065
1644
8973
10307
10176
3081
10453
11022
7840
8118
9842
11442
11826
8639
6498
9395
11998
7642
5061
5346
9406
7707
9817
11265
9984
4505
8622
9060
7474
4789
9492
9731
11080
7454
2647
10810
11569
8459
4348
4508
8141
4531
9362
11510
10981
5359
11105
10472
9139
6877
8520
10401
11375
4584
5220
11651
11764
9162
4851
4895
9746
7266
10994
10724
11620
6080
6147
11859
7817
8580
11161
10385
10641
8057
7534
9469
9583
10267
5278
3955
8840
3303
8744
10821
10822
5342
9240
11633
8613
9389
10024
10752
12412
8079
8010
12198
10520
11105
9040
7497
9322
3068
10796
11839
11201
3329
9045
12527
11454
5900
10784
11670
10566
10116
4261
12856
9080
10863
5678
4315
11076
-1381
10410
12091
9562
8389
9905
11552
10158
8929
11000
11626
11307
8227
5727
12136
11933
8133
6795
6068
9291
1647
10347
10255
9894
7545
10061
11546
11288
-224
12334
12312
10484
8790
6027
11595
9989
10039
7744
8066
10381
2572
11358
12006
9282
7002
10913
11649
10121
7033
11909
11893
11982
8962
6860
11515
12188
8207
6243
8653
8527
3274
11173
10182
10594
7177
8237
11071
11747
8425
9528
10802
10982
8084
6834
11544
11247
9504
6914
7094
11307
-1342
9490
10653
11229
7833
11218
9255
11760
8074
10408
11746
10015
7105
4641
10870
10336
5377
8283
8735
8381
5995
11697
11772
11822
9054
10581
10736
10053
9343
11614
12521
12140
9174
3305
11957
10239
7505
9799
8608
7594
6027
10770
12469
12086
7328
9080
9828
11288
7280
12012
13018
11496
8833
5331
12503
12038
10882
8322
8723
7672
4989
10463
9577
11261
5467
10917
12909
11225
9579
11800
11849
12114
6922
7687
10941
12661
6452
8867
8478
11678
4797
11498
10173
11177
8206
11840
11216
11374
7503
11456
11107
10555
10536
8904
12486
12518
6761
9018
8759
9365
3945
11660
12092
12191
6960
11564
10381
11145
8945
11660
13142
11979
10725
3670
12334
11524
9497
6301
10196
11051
4423
11265
9483
10498
6896
11935
12507
10722
10467
11883
11986
11243
10010
9379
12276
12066
8047
9238
10299
8441
4054
10742
11098
11077
6456
11461
11451
12001
10441
10781
12535
10892
8311
5644
12182
12051
4448
7688
9402
9532
2461
10757
9572
9960
6514
10771
12120
12123
8741
12407
11467
11019
9725
7029
12649
12520
10071
7166
9986
10368
4907
9861
11275
11535
9197
11520
11797
12660
8139
11546
11750
11203
9498
3654
11421
11609
10001
8593
10914
9962
4796
12005
11862
11740
7964
11947
11645
10526
9461
11412
10441
11514
9256
9803
12252
11286
9133
7573
10940
10339
4870
11605
10878
11839
9167
12374
12090
12266
9309
12458
12436
11889
10997
7228
12805
11792
8756
8167
9425
11407
5432
12372
11718
11570
4347
10979
11498
11633
8687
12619
12219
12183
9557
6135
11516
12983
9955
9530
9208
10697
2457
11768
11490
11641
6236
10956
11339
12538
9403
12321
11526
11883
11011
6225
12757
12010
9392
10830
9867
9145
7806
12293
12190
11785
7338
11733
12591
12007
10382
12737
12431
12527
9622
8297
12519
12588
10389
9413
8618
11662
5495
12219
12155
11721
5998
10516
12324
10714
9248
12987
11356
12944
10582
8565
12510
12137
8793
8799
9379
10824
1967
12340
12401
11521
7143
11537
12498
11441
10681
12031
12246
12068
9682
10135
11890
12023
8100
10083
9323
11047
6722
10877
12772
12779
7759
11894
12582
10120
10712
12159
12893
12790
8998
7202
13035
12751
10376
7303
10839
10570
5534
11791
12838
11884
7990
12412
12909
12511
9474
12211
12952
12303
10484
6701
13052
12320
10569
11237
8766
8922
3511
12152
12727
12571
7234
12930
12470
12017
11509
11138
12834
12046
10003
9542
12965
12640
9526
9581
10054
9611
6726
11840
12600
12583
8796
11523
11799
12672
10287
11377
12969
13010
9905
6782
12958
10981
9048
10612
8559
9792
6152
11315
10269
11435
8479
12107
12716
12196
11150
12019
13216
11565
8684
8989
11565
12885
11528
10468
9889
10064
4905
11696
12243
12270
7356
11439
12426
11968
11843
12195
11829
12923
10918
8859
11290
12259
7771
10431
10796
11553
9826
11562
12349
12660
9392
12230
12672
12163
10749
12669
12706
12291
8888
7128
12651
11555
10038
8324
10104
10883
7683
12599
11350
11485
10657
12492
12615
12414
11880
13171
12798
11116
10073
7800
11903
12860
9941
10138
10422
13084
2506
10364
12769
12218
10016
12351
11352
12738
10958
12432
12846
12253
10095
9931
12636
12488
7889
10799
10585
11887
7702
12482
12283
12346
7817
11219
11997
12863
9328
12629
12944
12777
11128
8981
12958
13210
10230
9702
11236
9523
7962
12377
12475
12497
9038
11788
11410
12504
11867
12832
12684
12813
10857
8278
13177
12650
10587
10522
11035
10753
3012
11733
12170
12197
9781
11793
12501
11094
11464
12767
12632
12818
9321
10398
11565
12837
8974
8377
9083
9536
8832
11543
12993
12713
7962
12534
12738
11535
11253
13192
12890
12793
11500
8454
12850
12279
9419
10196
9254
11677
7703
11182
11970
12544
8585
12326
12931
11821
11936
13220
13214
12720
10790
8647
12823
13083
11255
10496
8855
11778
9291
12910
12798
11865
9962
12297
13800
12470
10964
13094
13220
12258
12084
8415
12876
12810
10986
10186
9527
11892
8835
12816
12957
11969
8562
12607
12742
12184
8752
12936
13014
13459
12046
9038
12495
12825
11579
9261
10723
11404
8412
11881
12690
13146
9751
12783
13088
11690
11638
12472
13594
12522
10947
8985
13182
12572
11107
8017
11386
12306
4860
12094
12604
12310
7989
12782
12893
13129
11432
12976
12799
12778
11653
8995
13011
13392
11268
10668
10948
9188
7753
12284
13045
12590
8901
12524
12365
11606
11024
13364
12440
13539
10732
9400
13022
13523
11802
9327
8714
11045
8709
12735
12851
12713
8571
12673
12410
12212
11128
12659
13042
12299
12222
11013
13586
12475
11229
9765
11681
12305
9155
11858
12627
11589
10392
11966
12969
11529
10878
13273
13273
12934
12038
9637
12547
13021
11415
9294
10227
12042
7880
12200
12880
12731
10054
12737
12781
10112
9559
13232
12721
12581
11197
9249
13469
13184
10583
10334
11565
12015
8069
12217
11799
12292
10791
11121
13377
12318
10558
13502
13500
11844
11313
9035
13418
13270
11116
10124
10648
12682
8615
12106
12799
11616
8372
11238
13271
10716
9676
12914
12905
13143
11364
8237
12256
13302
11383
11007
12166
10218
8362
12405
12557
11947
9772
11402
13069
13381
10805
12808
13227
12668
11156
9179
12798
13347
11158
11131
10803
11484
8488
12999
12862
11822
10641
11526
13327
12316
11487
13247
13323
12796
11142
8289
12787
12378
11845
10725
11423
11453
9247
12926
13152
12993
10208
12433
12710
11042
11635
13314
13121
13195
9935
7993
13426
13502
11679
11163
9450
10012
9764
11966
13757
12658
8920
12677
11848
11808
10559
13345
13461
13342
11423
9793
12690
13699
12090
11072
9295
11860
9259
12586
12424
12325
7974
12918
12574
13139
11630
13303
13418
13547
11652
10977
12841
13371
12403
10954
9560
11263
9059
12989
12759
12620
9017
13071
12988
11276
12066
12761
13313
13417
10836
11095
13317
13403
11470
10702
9500
11447
9864
12562
12840
13239
9155
13066
13573
12954
11783
13033
13027
12615
10848
9983
12627
13598
11833
10592
9150
11936
8924
12523
12234
12749
8530
11632
12452
12007
11972
11984
13248
12759
10841
9281
13474
13886
11411
9711
10335
12169
9832
12333
13044
13299
10442
12902
12989
11767
10987
13124
13613
12858
11573
11284
13694
13047
10442
10241
11864
11966
10451
12342
12538
11774
10243
12856
12730
12311
11234
12878
12781
12767
11524
10653
12910
13588
12252
9278
9075
10664
8277
12588
13133
12651
9532
12651
13293
13006
10443
12474
13317
13084
11632
10902
12709
13331
11981
10452
9265
12022
10193
13110
13139
12983
10236
13068
13640
13135
11938
12704
13231
13022
12195
9733
13225
13594
12022
9881
10145
11801
10527
13418
13521
13235
10663
12595
12829
12551
11135
13841
13350
13396
11456
9611
13679
12712
11046
10511
9437
12434
9300
12400
13007
12041
11083
12873
12790
13010
11405
13398
13533
13567
11500
10237
13847
13212
12295
9701
11153
11702
8682
12560
13150
13183
11198
12332
13736
12191
11878
13273
13466
13333
11951
10595
13468
13073
11004
10622
11408
12828
6749
13081
13441
11553
8837
13031
13442
13274
10634
13021
13771
13393
11658
10730
13625
13226
11714
11176
11877
11758
9468
13240
13560
13346
10506
12500
13084
12730
11980
13274
12764
13612
9831
8884
13376
13133
11996
8589
9100
11501
10213
12643
13444
12794
9187
13188
12705
12863
11902
13070
13617
12816
12117
9675
13321
13532
11577
10773
11109
11817
9213
12536
13496
11814
8225
12927
13623
12010
11755
12680
13741
12713
11235
10584
13526
13583
11943
8234
11971
11910
7997
12952
12960
13002
9391
13271
12508
12695
11342
12853
13251
13098
10719
10764
13295
12502
11802
9182
11910
11632
7779
12908
12518
13082
9530
12905
13422
13254
11247
13465
12296
13383
9716
10438
12955
13084
12298
10678
11201
11560
7865
11951
13627
12967
10798
12886
12703
10973
11768
13485
13518
13154
10268
10352
13439
13633
10774
11223
11465
12221
10871
13082
13448
13430
10008
13375
13382
11402
12382
13144
13942
13504
10841
10792
13171
13478
11489
11768
9733
11423
10111
12593
13408
11955
8314
13018
13241
12983
11749
13488
13721
13551
12100
10032
13735
13972
12128
11710
11335
12240
9022
12593
13364
13288
10357
12654
13533
13005
12128
13711
13432
13125
12024
10275
13807
13254
11793
11355
11711
11925
10177
12722
13261
11664
10269
13415
13360
12216
12143
13166
13711
12844
10382
11266
13620
13711
11172
10524
12860
10581
10579
11653
13151
12360
10673
12717
13202
13404
11949
13858
13508
13301
10121
11214
13589
13963
11893
10605
11369
11942
8995
13389
13457
13258
11313
12963
12843
13257
12261
12646
13249
13129
11564
10535
13439
13646
12014
8851
12222
11753
8275
12659
12964
12997
8852
12868
12682
13151
10730
13595
13180
13578
11621
10057
13384
13225
11448
11077
12401
12207
10244
11995
12599
12598
10130
13107
13625
13379
12136
13388
13782
12211
11478
10428
13796
13848
11598
10549
12647
12495
9455
12951
12984
12771
9284
11654
12205
13335
11415
13448
13446
13531
12013
10534
13549
13593
11182
9292
11441
11818
10235
13237
13476
12623
10170
12822
12955
13098
11592
12928
12773
12858
12463
10287
13837
13807
10681
11220
12096
10951
10227
12374
12947
12810
9033
12817
12955
13076
10911
13125
13574
12845
10912
10286
13654
13359
10922
10409
11144
11478
10727
12382
12710
12242
10240
12163
13637
12712
11424
13689
13178
13697
12123
10459
13133
13286
11878
9230
10111
12085
9943
13614
13183
12148
9476
13080
13597
12792
10842
13093
13365
13448
10517
11106
13506
12926
10561
11594
9630
12210
10462
13224
12945
13361
8152
12637
13848
13479
11691
12993
13284
13429
12704
10281
13705
13618
11544
11249
10778
12199
9842
12244
13363
12711
10365
11683
13729
12457
11766
13537
13832
13286
10880
10374
13567
14017
11312
11382
12443
10475
9312
12435
12941
12919
11224
13532
13816
13442
12042
13468
13646
13559
10335
10215
13764
13897
12241
8881
12190
11506
8927
12881
13366
13150
10266
12572
13481
13538
11949
13615
13531
13384
11687
9393
13635
13482
11748
11149
11494
12740
8637
12211
13534
12891
10347
13153
12791
13743
11579
13744
13377
13503
11290
10772
13897
12924
11357
11195
10933
12231
8687
12866
13889
13168
9263
13140
13513
13728
12321
13602
13752
12581
11203
10586
13916
13947
10495
10075
12110
12688
9857
13251
12594
12795
10982
12543
13612
13601
11877
12964
13583
13528
12717
10078
13978
13612
10710
10303
12543
13102
9611
13502
13473
12489
9313
12861
13744
13211
11182
13425
13747
13665
11096
10910
13611
13663
12090
11241
12314
12176
10643
13561
12170
12673
11050
12861
13929
13777
11822
13524
13668
13644
12694
11262
13224
13832
11823
9806
11442
12586
10484
13535
13683
12948
10238
12845
13350
13509
11905
14091
13527
13439
11532
11216
13544
13703
12544
9188
10306
12042
8156
13497
13316
13379
9189
12491
13423
13387
12311
13784
13679
13122
12047
11024
13925
13785
12358
10957
11931
11808
9431
13132
13510
13096
10154
13269
12883
13119
11383
13515
13424
13758
10676
10998
13405
13838
11323
10882
12613
12752
9807
12954
13553
13631
10632
13401
13509
13225
12062
13296
13743
13168
11644
11523
13795
13655
11825
11188
12463
13014
10232
13208
13224
13556
10880
13080
13888
13505
12759
13676
13391
13604
12350
11289
13338
13905
12179
11888
11086
12574
9798
12877
13491
13244
11163
12974
13529
13254
11513
13653
13737
13497
12673
11260
13359
13965
12172
10026
11848
12135
9724
13342
12517
12996
10109
13042
13766
13608
11693
13661
13439
13739
10990
10925
13803
12809
11656
11171
11955
12708
10284
12958
13129
13223
11423
13329
13226
13533
12147
13388
13400
12703
12786
10669
13572
13564
12071
10394
11731
12898
9813
13056
12836
13342
11106
11938
13744
13466
12404
13591
13233
13728
12114
8853
13613
13654
12066
11036
11584
12648
9801
13390
13446
13241
9764
12632
13325
12666
11547
13588
13536
13012
11339
11375
13874
13726
11509
11156
10605
12470
9909
13669
13157
12753
10175
12739
13698
13717
11673
13355
13646
13785
12681
11077
13888
13992
12393
10441
11093
12446
11076
12751
13307
13144
10471
13091
13898
13720
10259
13789
13905
13505
10225
12045
12769
13237
11406
10941
12398
12159
8699
13164
12863
12575
10711
13575
13674
13661
11022
13724
13814
13312
12225
10988
13589
13703
12097
10267
12336
12055
9233
13083
13325
13180
10067
13152
13709
13188
10804
13715
14049
13010
10921
11147
13607
13539
12009
9876
11643
13061
10439
13183
13385
12540
10610
12739
13623
13628
12404
13724
13629
13481
12795
11355
13655
13908
12195
11244
11589
12944
11475
13610
13527
13091
10815
13249
13603
13271
11918
13384
13982
13587
12330
11019
13995
13679
11759
11942
12182
12331
10674
13113
13808
13171
10652
13172
13198
12852
12459
13246
13099
13417
12437
11021
13524
13927
12896
11280
12196
12468
10435
12656
13652
12175
11227
13223
13935
13505
11574
13760
13989
13578
12170
11703
13771
13831
12318
11499
11587
11424
10690
12420
13485
13662
10924
13431
13873
13745
11849
13938
13941
13572
12742
10680
14106
14008
12371
11323
12165
11393
10451
11627
13827
13464
10222
13172
13707
13221
11921
13558
13466
13507
12321
11598
14006
13972
12058
11083
12613
12426
9278
13198
13445
13672
10809
13003
13706
13761
11808
13836
13574
13490
12652
11777
13563
13569
12121
11304
12754
12686
9934
13414
13838
13182
11381
13539
13830
12976
12245
13433
13956
13605
12066
11546
13970
13941
12602
10887
12926
12366
10874
13025
13461
13491
10921
13433
13637
13652
12844
14008
13611
13829
12882
10952
13678
13393
12160
9757
12842
12687
10078
12944
12714
13336
10579
13337
13000
13767
12433
13942
13684
13223
12439
11038
14046
13835
12631
10990
12653
12149
10484
13362
12766
13335
11298
12693
13952
12912
11939
13558
13877
13749
11993
11175
13721
13945
12163
12236
12214
12971
10910
13405
13740
13186
11427
13349
12643
13576
12864
13999
13972
13529
11218
11445
13478
13863
10535
11130
12344
11197
8167
13056
13222
13155
11049
13319
13907
13594
12419
13744
13885
12973
12159
11039
13769
13694
11907
11286
9311
11618
9800
12391
13376
12005
10622
13689
13637
13537
12033
13738
13189
13789
12489
11448
13517
13678
11709
9551
11821
12042
10779
13142
13313
12563
11009
13118
13497
13502
11744
13787
14015
13593
11895
11877
13646
13864
11400
11546
12194
12294
10231
13245
13817
13413
10580
13099
13514
13653
12210
13895
13871
13646
12453
11244
13619
13835
11886
11422
12569
12473
9850
12853
13411
12873
10572
13265
13771
13414
12399
13711
13763
13123
11820
11169
13479
13787
11946
11042
12727
11848
11440
13415
13742
13236
10731
12962
13823
13070
11825
13860
13665
13655
12364
11753
13715
14127
12570
9829
12035
12045
11061
13394
13378
13555
10220
13430
13906
13650
11810
13359
13804
13488
12628
11540
13898
13738
12514
10836
11351
13174
10757
12937
13784
12824
11025
13133
13864
13717
11974
12996
13822
13946
11600
11122
13871
13822
12040
9881
11706
13039
8961
13331
13956
11756
10267
13246
13488
12837
12366
13884
13970
13658
12319
11197
13669
13679
12513
10766
12811
13014
11710
13307
13756
13433
10652
13347
13920
12908
11025
13835
13735
13648
11516
12200
14120
13911
12489
11264
12840
12756
11017
13519
13471
13091
10799
13772
13950
12863
11785
13953
14028
13676
12115
10957
14006
13775
11703
10337
10918
12384
10196
12464
13788
13471
8863
13404
13782
12895
12821
13910
13833
13339
12299
11344
13807
13580
12626
11251
12626
12219
10765
13253
13454
13652
11367
13153
13802
13145
12287
13482
13850
13481
11723
11024
13885
14037
12783
11044
12842
12791
11678
13347
13275
13571
11020
13101
13882
13290
12292
13835
13914
13754
12011
11370
14141
13595
11911
12378
11453
12411
11108
13502
13812
13828
11344
13505
13766
13276
12639
13713
13751
13803
11803
12099
13891
13903
12353
10524
12016
12797
11483
13261
13889
12862
10565
13223
13622
13514
12081
13971
13916
13974
12480
11173
14023
14116
12602
11399
12562
12528
10278
12522
13555
13331
10554
13168
13956
13256
11265
13702
13882
13327
12422
11511
13786
13856
12830
11477
11361
12582
10548
13459
13650
12114
11414
13685
13232
13074
12399
13747
14084
13869
11131
12302
13753
13810
12352
11521
11885
11852
10383
12807
13448
13504
11195
13325
12681
13716
12397
13648
14148
13894
12175
12132
13997
13693
12486
11657
11868
12244
11306
12861
13733
13430
10136
12802
13987
13764
12784
13743
14006
13815
12741
11439
13902
14069
12784
11434
12816
12328
11322
13165
13691
13340
11273
13351
13732
13551
12794
13924
14105
13359
12240
11282
13311
13782
12275
11726
12063
12538
11595
13414
13663
13614
11709
13407
14096
13751
12477
13671
13819
14181
12843
11502
13782
13894
12771
11670
12537
13123
10039
13536
13390
13235
11551
13494
14145
13700
12330
14053
14174
13481
12150
11119
14014
13734
12903
11315
13193
13320
11318
12804
13735
13422
10920
13454
13891
13505
12623
13700
13912
13756
12018
11790
14098
14022
12625
11450
12813
12346
10665
13005
13886
13292
11568
13779
13676
13617
12529
13819
13597
13548
12191
11764
13940
13774
12193
11525
13032
13060
9230
13051
13776
13433
11556
13795
13877
13629
12973
13855
13952
13649
12256
11716
14072
13973
12815
11058
12710
13034
11285
13518
13633
13329
10115
13584
13945
13062
11679
13898
13384
13588
12290
11053
13550
14032
12046
10500
12434
12812
10829
13542
13667
13257
10986
13792
13445
13671
12498
13527
13879
13792
12368
11218
14068
13944
12604
10941
12535
12837
11609
13182
13586
13367
11051
13400
13573
13408
12416
13540
14013
13620
12465
11666
14001
13869
12629
8418
12673
12965
11454
13240
13955
13025
11066
12665
13787
13532
12484
13640
13633
12859
12110
11690
13878
13957
12245
11312
12284
13001
11092
13567
13564
13394
11020
13769
13222
13916
11420
13724
14103
13891
11805
11704
13687
14079
11994
11341
12823
12822
11409
13503
13525
13285
11193
12756
14011
13899
11966
13642
13779
13945
11789
10943
14021
13595
12346
11679
12619
12874
11385
13312
13387
12698
11622
13512
13251
13877
10833
13613
14048
13675
12629
11796
13625
14194
12592
11571
12679
13017
11736
13122
13696
13013
11404
13579
13540
13758
12460
13330
13911
13723
12434
11589
13995
14140
12734
11753
12914
13352
10859
13607
13902
13296
11123
13350
13540
13142
12582
13815
13558
13829
12597
11526
13743
13949
12095
11214
12509
12889
10200
13679
13601
12542
11392
13263
14037
13671
12803
13926
13846
13833
12702
11571
14016
13991
11934
11238
11900
12724
10882
13554
13564
13426
11576
13087
13663
13584
11929
13639
13869
13836
12557
11481
13906
13815
12266
11962
12510
12516
11820
13681
13622
13350
11361
12673
13787
13570
11916
13785
13725
13385
12374
11585
13924
14098
12341
10490
12709
12733
9659
13476
13804
13188
12166
12879
13624
13415
11806
14067
13643
13623
12415
11951
14016
13537
11781
11052
12536
13099
10417
13505
13728
13204
11052
13234
13861
13611
12503
13974
13665
13865
11136
11583
13793
14133
12453
10719
12506
12721
11512
13131
14077
12206
11645
13402
13867
13553
12171
13589
13964
13558
11836
12446
13916
13673
12617
10806
11402
12480
10623
13011
13300
13342
10629
12937
13684
13697
10838
14049
13951
13639
12406
9009
13887
13729
12912
10366
12586
12914
10732
13562
13018
12621
11308
13489
13630
13458
11705
13632
13798
13987
13006
11047
13902
13735
12123
10284
12474
12640
10432
13386
13613
13284
9938
13035
13584
13667
11370
13974
13558
14025
11830
11586
14089
13921
12219
10260
12829
12761
11408
13464
13703
13064
11256
13196
13439
13671
11612
13848
13778
13634
12755
10431
14108
13794
11844
11837
12923
12326
11503
13530
13873
13693
11545
13512
13632
13418
11347
13834
13890
14110
12670
11711
14019
13678
12694
11675
12395
13206
11232
13401
13591
13520
10812
13575
13520
13614
12767
13897
13831
13337
12266
11864
13941
13749
12837
10964
12412
13387
11470
13513
13883
13358
11653
13368
13954
13417
12479
13499
13965
13930
12371
11082
14103
13980
12907
11450
12104
12263
11494
13372
13462
13230
10224
13552
13724
13821
12615
13884
13882
14032
11808
11938
13986
13994
11871
12152
12387
12530
9859
12738
13615
13085
11852
13648
13688
13698
12809
13662
13738
13855
12761
12071
14098
13932
12501
11576
12004
12488
10867
13636
13470
13526
11487
13376
13678
13310
12980
13618
13673
13924
13110
12110
13896
14072
13124
12134
11822
12068
11130
13139
13697
13746
11307
13600
13712
13846
11974
13611
13875
13832
11741
11334
13890
13892
12638
11181
12137
13115
10641
13421
13900
13303
10218
13095
13966
13345
12589
13399
13609
13744
12873
12582
14102
13982
11478
10714
11450
12465
10059
13693
13826
13677
11467
13224
14137
13954
12582
13916
14120
13995
10777
11365
14185
13696
12514
11980
12621
13260
10606
13549
13826
13077
9637
13416
14154
13934
12652
13850
14006
13712
12521
10202
14082
14155
12463
10615
12312
12253
10304
13699
13748
13301
11719
12998
13407
13351
11926
13819
13859
14057
12013
11509
13949
14050
12474
12080
12278
12592
10136
13459
13802
13810
11167
13317
13889
13807
12743
13970
14084
14033
11997
11509
14044
13699
12374
11699
12472
12738
11561
13430
14016
13476
11034
13009
13880
13796
12302
14086
13981
13150
12541
11511
13984
14209
13130
11933
12600
12142
11949
13320
13668
13388
10974
13810
13744
13911
11650
14096
13685
13787
12469
11615
14104
14102
11983
12194
12029
12831
11326
13268
13220
13600
10475
13723
13630
13811
12361
14124
14049
13739
12391
12253
14227
14286
12593
12253
12743
13266
10930
13627
13772
13712
11269
12995
13986
13620
12473
13741
13269
13562
11854
11031
14038
13477
12605
12150
12954
12982
11196
13773
13965
13900
10594
13899
14137
13322
12338
13834
13782
14189
12944
11776
14169
14208
13255
11190
12386
13032
11566
13800
13992
13432
9971
13285
13844
13807
12215
13991
13942
13599
12865
11668
14215
13570
12715
11576
12290
12951
9713
13738
13757
13142
10666
12952
14069
13338
12353
13717
14162
13862
12758
11958
13956
13981
12213
11737
11517
12911
11869
13477
13707
13542
10423
13747
13465
13723
12514
13846
14095
14054
12542
12320
14192
13986
12981
12244
12870
13322
11457
13399
13877
13295
10806
13529
14041
13903
12037
14128
13939
13692
12747
11769
13945
13813
12509
10429
12838
13117
11462
13469
13804
13360
10561
13755
13890
12925
12732
13948
13592
13833
10719
12376
14076
14114
12699
10786
12640
13216
10169
12987
13674
13878
10713
13667
13219
13824
11992
13707
13773
14080
12330
11751
13923
13645
11743
11820
13131
12717
11658
13705
13343
13284
11273
13537
13917
13729
12730
13274
14080
14144
12311
11689
13591
13494
12954
11923
11503
13263
11071
12908
13738
12887
10976
13741
14027
13941
12697
13575
13856
13967
12717
12270
13567
13655
12758
11524
12433
13105
11202
13402
13612
13223
11500
13572
13692
13834
12497
13851
14093
14001
12395
12192
14148
13860
13033
12100
12657
12871
11461
13380
13714
13753
11458
13314
13769
13835
12868
13950
14101
13736
12193
11325
14241
13714
12710
12037
13392
13166
11755
13917
13699
13594
11304
13260
13965
13372
11924
13968
13939
14057
12958
11453
14303
13613
12787
11547
12943
13089
11550
13801
13820
13527
10924
13542
13654
13898
12306
13889
14051
14044
12845
11929
13917
13331
13031
11169
12183
13153
11845
13347
13864
13646
9579
13690
14068
13645
12734
13887
14037
13807
12020
11216
14071
14192
11830
11902
13237
12621
11523
13874
13205
13130
10938
13784
13865
13874
12756
14036
14008
13660
13048
11638
14355
13885
12190
11747
12741
12637
10514
13533
13998
13712
11264
13547
13830
13752
12025
14074
13860
13795
12297
11835
13872
14065
12573
11663
13347
10818
11240
13641
13793
13755
11521
13738
13862
13357
12503
13735
13915
13132
12178
11112
13956
13803
12794
11452
12973
12809
10598
13390
14007
13754
11598
13477
13860
13785
12869
13897
13942
14008
13106
12006
13967
14219
12572
11902
12700
13286
11493
13607
13788
13339
11926
13852
13725
13751
12830
14158
13942
13897
12905
12385
14011
13959
12374
11568
12150
13156
11860
13490
13728
12926
11527
13292
14067
13799
12174
14102
14006
13787
12282
11693
13909
13234
13027
11971
12547
13181
11172
13329
13881
13613
12088
12598
13956
13947
12384
13769
13780
14008
11480
11128
13942
14024
12500
12057
13194
12847
11092
13739
12778
13531
12117
13224
13901
13891
12152
13940
14048
13954
12802
11862
13948
13760
12784
11456
12453
13361
11593
13595
13653
13493
10504
13498
14097
13741
12896
14135
14039
13662
12018
11878
13926
13831
12233
11675
11874
12489
11652
13234
13819
13883
11438
13278
13458
13497
12297
13871
13876
13806
12745
12365
14080
14089
12179
11965
12880
13121
11560
13584
13354
13417
10375
13669
13805
13853
13212
13874
13082
13789
12798
12407
13940
13775
13026
12059
12250
12857
11548
12444
13644
13287
10375
13428
13670
13414
12513
14145
14146
14016
12613
12585
14075
14076
12775
11576
12763
13165
11389
13004
13925
13503
10488
13566
13928
13608
12645
13934
14039
13992
12790
11939
14023
14223
12627
11263
