-7533
-5684
-7037
-2161
-289
158
-8474
636
-787
-574
-2131
162
6740
-4992
-1305
-4671
-2559
1429
-4669
-8814
-7646
-1385
-8323
953
4981
3924
-3516
2239
3243
3459
-6849
2525
-957
3235
-3889
-5301
2068
1581
-2803
-9556
-8105
-335
-5167
2224
1657
2320
-6308
1098
1660
2463
-3850
2876
743
410
-37
-1690
3841
3534
2681
903
-3749
-952
-8406
-2391
2851
2409
-6174
-1208
5580
4177
-9295
3261
873
1726
3093
-3690
-1870
3102
2472
-6604
-6394
-1534
-5264
-347
491
-1760
-6731
-3204
441
1096
-3203
4782
21
-99
-1348
-3838
2568
3170
1237
-4360
-3797
-2159
-2245
2402
3740
96
-2834
146
-133
2073
2212
1533
1467
1432
683
-11582
1542
3747
-3760
-3430
-1521
-5686
-6432
3077
481
2473
-8585
4503
1210
798
-1782
340
4238
3022
-1841
-3484
4042
191
-3980
-2349
-5986
156
1305
2394
6674
2904
-4449
163
6877
658
-394
7217
2956
7
2907
-1643
5264
4815
439
-3218
-3007
142
-4274
1446
4194
4642
-3696
7033
7120
968
-646
3914
4972
5440
-242
-8874
2670
4927
563
-3213
-2141
1825
-3623
1914
3238
1857
-2980
-1541
5188
535
646
4963
997
2683
-1863
-810
-845
3884
-2427
-2661
-3813
2913
-2337
303
1392
-544
-4924
2538
3384
2496
-1353
-511
6030
4478
2016
-7452
5666
3258
3803
1286
-4267
1934
-6674
102
3226
4550
-6502
3591
4398
-1063
136
3267
5520
2118
-1083
-4349
1780
5615
-2166
545
-3128
723
-5915
3300
3554
2075
-5314
5019
3185
-396
1468
3394
166
5399
-1345
-1032
7288
7686
-2244
-2867
2588
4067
-2002
471
8033
8755
399
3782
5851
3047
1637
6130
3474
7331
-1366
-2937
4475
4301
3928
-3818
-3753
2771
-5590
5099
6500
2804
-2159
3325
5358
4943
2045
3767
1676
4510
2344
-3633
7245
4364
-82
498
968
2464
-1294
4390
4041
4858
823
6367
7621
6061
2876
5106
9282
3897
-4155
-749
6052
9298
2971
-5076
2748
2427
-482
6361
3808
1854
-1312
3156
5011
4417
1213
1700
6951
5060
70
-3462
7324
6190
208
2800
1022
3902
-1336
5089
5319
3352
-4493
6144
5025
4672
3840
3524
8613
4608
3000
-661
5782
8351
1075
1484
2047
4273
-221
1169
7290
6588
3665
4307
4836
6558
3957
11466
3347
1720
5146
2994
4226
5082
-546
-3217
1322
3595
-2789
9633
7039
5008
-2253
6230
4664
3924
5564
4469
8249
7351
3415
-6589
10010
9998
6841
4942
2529
5827
143
5131
10518
2833
-900
4771
7905
6718
2782
7054
9291
6544
4937
4502
5978
7998
1494
-1755
332
5155
-3212
7231
8324
5665
-1488
1759
2358
2032
1805
10540
7016
6987
1079
77
8017
7254
-1445
2529
377
4294
-1163
2811
989
6446
2355
6103
7323
7147
3767
9639
10138
5585
5111
124
5799
10145
-1484
-1154
-586
4143
-281
5981
5452
8669
1143
3840
8297
1518
2550
5453
10882
5083
3655
-134
7223
8233
-417
812
4065
4710
255
9433
8375
5888
-733
2417
6009
9234
7501
10002
8404
6553
3777
-2918
6656
10941
2958
-514
997
3399
-2370
9433
8059
6015
1980
4515
10653
6373
3567
8662
5066
7269
1791
-4638
8185
9590
1755
-2418
2913
3730
-810
10382
4100
7086
-851
7984
7087
7428
52
4795
8973
7992
5055
-246
4095
10845
3736
2361
1432
9335
1324
5402
6293
7771
2249
3991
7376
8798
3887
6448
8031
9360
5176
2863
7506
7283
3666
3029
5569
6625
-4958
7218
5445
6869
-489
5006
8727
7785
2956
8831
7302
5959
6940
1230
6733
11105
6185
-4884
7011
4145
-632
8781
6211
5205
1210
6567
8198
4977
2955
5100
6441
6097
8314
-377
9867
6136
2221
537
3687
5493
-4488
6780
7398
6255
2221
7485
6169
6925
4321
10930
10724
8176
6426
448
9010
10626
3758
-933
4074
7679
-2051
8083
9078
6539
2824
5824
8104
7924
1445
9628
9222
12030
4618
-4633
9790
8897
1487
1582
1956
8251
-202
4777
9620
7026
2294
2034
6982
6231
3960
8441
7655
7360
7756
517
7258
10278
3207
732
2287
6276
2384
8860
9418
5458
2441
7387
11402
7492
3769
9127
8030
8852
8027
860
9665
9991
5334
1853
5777
8370
-3353
9106
9845
6942
1495
9527
10444
9304
5863
9392
9324
10146
7841
4627
8089
9368
7275
4075
3416
8358
3579
10890
8444
9683
2952
1322
6170
9201
7326
9440
10126
9411
7567
5210
9128
10304
5971
2970
3508
7592
1509
6968
6825
9915
2993
8836
9388
7586
1269
8623
11046
9597
4817
-246
9630
11713
4324
5899
4734
8518
-240
10072
9256
9777
6080
6385
10374
10478
7160
7928
11417
9173
5654
4522
10564
8939
3022
4348
5635
6894
1294
8015
8712
7567
5070
8866
6933
8534
6280
10107
10987
9213
8225
1822
11099
9219
3009
3367
6611
6400
2469
9094
9470
8695
4790
6671
10085
7681
5836
6574
10866
9829
8340
3340
10254
11809
4789
7397
4982
9388
-75
9222
8701
9094
-749
9108
11151
9539
3787
10955
7994
6713
9523
6657
10986
7781
5328
4890
2227
3700
-2125
10282
9801
8027
3566
8168
10168
9323
4178
8851
6614
9680
5978
5249
11310
8009
4858
4020
4638
9683
1125
9629
10264
2808
7103
9955
9996
8073
8185
10336
8489
8343
7653
6726
9834
12337
6655
3328
6015
6607
2120
8449
7832
7124
2725
7126
10870
7644
3643
10119
11125
9274
4450
4331
9216
8799
9141
6484
4633
8581
-2607
8665
9243
9565
2386
9867
8744
10163
8129
10547
10041
10187
8199
-1867
11482
10884
7808
6752
9532
7130
3989
11886
7350
6406
4563
9233
9641
9520
5564
6826
11249
10211
6566
6661
11186
10873
4676
2328
4692
8781
2815
10909
8183
8455
1107
9476
11479
9728
7754
9243
8824
8894
7995
1673
9887
11480
5703
8428
6101
7527
-2140
9911
10014
8782
5537
5573
9624
10581
5085
10061
8784
9424
9517
3535
11375
9691
7034
4551
7093
9411
4218
10579
11022
10539
5819
8743
11933
8253
6526
8894
10759
7845
9534
4122
9950
11348
10953
4410
6243
10259
3561
8307
9098
6028
3548
10368
10725
10158
8005
11128
10342
9373
8309
3477
10895
8296
6648
4554
7178
9040
2691
8509
11311
9269
1278
10953
10576
11035
7278
10420
10544
9233
8455
-2313
11041
10727
7209
6101
7162
5824
1664
8668
11479
10178
6471
8506
10837
9284
4494
12459
11774
7726
8782
4603
11465
10583
8340
4077
5957
7661
3067
7699
10579
10012
5416
9206
10485
8934
6879
11448
8624
9145
8661
5645
9264
10415
6658
6449
7166
9353
3054
9620
10355
11119
6166
10235
10876
10853
8917
9953
11426
10487
8258
4897
11940
11624
7557
7340
8482
9609
4941
11314
11334
10782
8489
10235
10897
11191
9957
10938
9662
9598
10133
4487
9331
11299
6446
7263
8490
8400
3633
8364
10375
11208
8453
9852
10787
10485
7262
11554
10474
9615
5478
3809
9881
12176
8328
4195
4948
8618
2600
8688
9836
9951
6772
7947
10649
12161
6973
9901
11829
9281
8335
7381
10849
12086
6527
4121
7680
10592
2015
9570
10045
10797
3093
9393
9699
8893
5927
12354
10913
10792
9629
5525
11824
11373
9306
459
6912
10815
2483
10767
10089
9542
5000
9911
10374
11878
7888
10561
9916
9388
7578
5500
10467
9537
7499
6127
8334
11362
5624
11026
10930
9216
4532
9388
10155
10646
7530
9638
11367
10812
6981
5652
10807
12058
7711
4051
6129
8300
1783
10205
8198
10754
5430
10411
12227
10201
5256
8976
8859
9361
7492
6806
11030
11157
7077
6173
6816
7805
4827
10334
10909
10059
1590
10224
8805
5996
9819
11210
10853
11655
10710
6535
11437
10935
8207
9310
4746
9724
5250
9034
10920
9598
6027
7944
11258
10735
9378
10644
10564
11043
4297
4806
12253
10773
8039
4943
5490
6325
1380
9833
12086
9613
6463
9675
9940
9018
6404
8897
10878
10018
9609
7757
11183
9972
8788
8213
3337
4428
5902
10230
10662
11491
4699
10728
8718
8306
8405
11318
12031
9745
6578
8058
12038
11077
9238
6060
7809
8493
6331
9305
10723
10409
5218
10302
10365
9254
5731
10973
10163
8577
10956
6407
10478
11753
9312
8256
9853
7824
2774
11130
9982
10243
8088
9473
11445
11783
8423
9851
10943
10648
8347
6424
8925
10965
9525
5780
9360
10565
1952
10700
10307
11568
6720
10413
11944
11109
4857
10991
9660
10715
8311
5918
10601
11494
9673
9028
7080
9977
4544
10210
11330
10761
6309
7392
10632
11418
6447
11057
10778
9260
6190
6274
11384
11576
8140
5375
8433
8207
7458
10283
7857
11934
5317
10107
9009
11105
8895
10681
9476
9891
9184
6229
8107
9918
6140
7185
8298
10655
4030
9694
11071
10869
6620
10381
10462
10495
8823
11374
10040
11145
9930
6334
11895
11885
7457
6392
8606
10458
6581
11541
11822
11013
3820
9816
8663
10799
6935
11253
10994
11726
8412
3512
11347
11190
7980
7989
8014
6023
5385
10733
9529
11014
5546
9058
10069
9702
5647
10979
9623
10783
8650
2754
11334
10622
7862
5708
9101
10646
3990
11365
10821
11838
6679
12057
12054
8449
8498
10067
9536
10279
4984
5141
10855
10927
7891
3848
6936
10520
4872
10973
10687
10972
7672
11860
10767
6751
7494
10997
12322
11218
7671
4588
11677
9665
8327
5152
6100
8923
4613
10645
11180
11653
4464
8819
9796
11091
8674
12863
10489
11350
8821
5477
10276
11213
6533
5303
7186
9924
6212
11156
8585
9407
3029
9973
10015
8621
7883
11058
11049
11344
7486
7178
11599
11398
10675
6074
2237
6459
3453
11632
10935
11772
3255
11613
12279
10879
8146
10111
10894
9902
9253
4167
11425
10743
10887
6656
7521
11842
6498
9837
11459
11065
5558
11064
9347
9447
7457
10529
11874
10296
9056
6979
9974
10855
7786
4554
9901
9350
5594
11031
9048
11938
2482
10611
9353
11034
7524
10833
11076
11819
9475
6408
10719
11432
7885
6813
8594
10889
5952
11224
11385
10632
6544
10911
12532
9872
8186
8868
11608
11096
9972
6496
11319
11776
7079
8525
7230
9875
4962
9606
9218
10539
6686
10573
10822
10450
9298
11159
11842
10090
8015
4215
11183
11799
7393
7223
7309
9892
2582
10558
9564
10668
5856
10969
10452
11828
6102
10356
11948
10849
8132
6170
12080
11415
9318
5097
2015
9664
7007
11051
9256
8915
8996
9391
11878
9750
10681
11527
12269
11715
10858
7046
12121
12466
7509
5636
5509
10501
6029
9718
10109
10032
4677
11125
10496
10064
8120
11680
11356
11108
10072
8053
11455
11702
8843
6131
6407
10688
6636
10277
10708
9302
7050
11075
11998
11213
6123
10474
11761
12666
9176
6705
11193
12129
8826
7119
9284
10140
7366
10386
11336
9984
2203
9996
8979
10799
7308
11652
10930
12013
10174
7818
11141
11137
9700
3914
5411
9049
6333
10222
10967
9094
8016
10217
9130
9479
10017
10779
10532
11293
8367
8890
9976
10587
9238
6316
10431
8375
4272
10438
11141
10459
8699
11193
9916
10347
9466
9941
11361
11422
9276
7034
11007
11554
8328
6732
7688
8052
6842
10032
10711
11645
5968
9814
10868
11509
8347
11861
12520
11824
9444
8358
11846
11931
7585
6274
9079
9098
5811
9533
10150
10576
6110
10117
10861
8080
8302
10923
11326
9240
9029
9216
11826
11336
8210
5983
5304
10341
3911
9838
9778
11647
5870
10419
10428
11879
9084
11977
10011
12291
9325
6817
11269
12487
8397
7146
4968
10812
6001
11259
11085
9893
7736
11598
10991
10781
4973
12147
12668
11644
10284
9128
11433
10460
7882
6058
8056
9952
8010
11408
11650
10614
6948
12178
10240
11350
5664
10781
11391
9809
9266
6656
11725
11584
5747
5562
8536
12054
5894
11039
9739
10481
8842
9953
7407
11790
8210
11208
11457
11965
9388
5710
7798
11593
7629
5228
9678
10400
7856
11646
10494
11286
7408
9309
10403
11751
7827
11833
10569
11209
5388
6108
11598
11208
7190
8691
7956
9782
5696
11364
9985
12098
5703
10390
10852
9309
8581
11891
10375
10441
10148
8359
11930
11176
10657
8391
8325
8315
5895
11940
10392
11005
5211
11964
10611
11980
9697
8440
9028
11682
8978
7346
11225
11591
7876
6737
8557
11113
2936
11432
10601
10899
9397
9481
11456
11374
6035
9456
12118
10167
7030
4943
11353
10219
8165
1199
10279
9249
5472
10938
10722
9091
8310
10845
10814
9181
7229
8897
11986
8786
9180
9861
11443
10081
8637
8994
9776
9795
5519
11207
11197
11998
7176
10428
12034
9867
8096
10892
10579
12134
7699
7796
12038
11576
8043
8187
8680
10602
8573
10798
11227
10724
5944
11132
11947
10125
8232
10841
10451
11657
6449
7776
11345
10052
10040
7542
8014
9526
8240
11021
12065
10613
6938
11846
10790
9294
8004
10701
11248
11489
6879
8595
10949
11506
9291
8576
9407
11432
4107
11773
11153
9984
5651
10081
10995
11436
7916
9763
10119
10493
8751
6914
12476
10596
7624
5323
4230
10677
6398
10887
11382
9737
4295
11769
10980
11421
7324
11427
11399
12089
8734
9159
12338
11913
9562
8684
9976
10659
9207
11254
10713
11696
7171
9767
11122
10779
9769
10527
11312
11350
10380
7852
11871
12481
7015
5049
5547
11278
6457
10964
9858
10076
3022
8242
11650
11134
10012
10602
12085
11361
9500
6498
11551
11694
10176
7386
4497
10465
5807
8181
11582
10467
5080
10327
11958
9357
8551
9070
12458
12203
10925
7476
12714
10333
9074
7516
9183
10671
6898
10381
11841
12090
5100
12031
10680
11784
9554
12135
10820
11227
7515
10132
12018
10439
8429
5217
6531
11246
7763
9954
11797
12203
6133
10195
9787
11312
7102
11593
11301
11056
8501
6802
11251
9992
8359
7973
8108
9249
6491
11531
11643
9640
5522
11030
12115
11920
6777
11332
10536
10729
9742
7196
10812
10770
10007
6882
7013
9083
6608
12076
11518
7514
6898
10330
11528
11991
11025
11416
12133
11536
9525
9151
10748
11678
6610
6503
8925
10586
7283
11018
9921
8158
5518
10345
11281
11839
8500
9581
9601
13089
7942
8614
12098
11350
7934
8100
4924
10038
4205
10304
10210
11779
8144
11871
11088
11743
9742
11783
10434
9935
5987
6254
10339
10758
11075
7682
7542
9996
8246
10410
11368
11469
5345
11806
10364
9936
8651
12086
10095
11074
9844
8656
12236
8828
8083
8961
4556
10638
6643
10471
10857
12284
7643
10450
11766
10705
9780
11719
10954
12956
7758
8207
11479
11319
9475
8839
7461
10910
8070
11032
12096
11257
5683
9879
10965
10230
7118
11051
12229
12406
9898
7961
11938
8972
9768
6277
8965
10911
9027
5206
11903
11192
4960
11613
8811
11510
10091
12172
10737
11074
10201
8006
11301
11374
9564
6870
7270
10874
6401
9567
12314
10264
7130
10406
8640
10691
10438
10360
10819
11779
10675
9321
12170
11859
9359
9971
8438
10804
7799
12415
12154
10690
8147
10850
11529
10245
9052
11450
12450
11689
8650
8939
11812
11981
9936
6910
8248
10246
6840
11378
11308
11535
5855
10842
11306
11004
9314
12462
11209
11545
9976
6687
12558
9838
7939
6883
7811
7350
7907
10659
11702
8939
6369
10666
12034
11847
8861
10509
10780
10504
9315
5550
10303
11130
8861
6510
6664
11185
5251
10178
11834
10029
7664
10481
11522
10943
10770
10715
11298
11890
9842
8962
12129
12162
8345
7784
9289
10733
8957
8862
9991
11355
5731
9191
10406
10221
9729
10914
11040
10174
8039
7151
12016
11313
8593
7282
8076
10399
7559
12073
11382
9544
9681
10524
10088
9910
6738
12153
12027
11857
10503
7699
11965
11726
9744
6046
8719
11515
6699
10321
11393
9779
7153
9468
11182
11317
8576
12198
11463
9563
8755
6788
12088
10310
10936
8231
7021
9989
7323
9437
10656
11230
5601
10766
11480
8630
5818
11605
11983
10753
8553
6665
11525
12349
11221
7632
8513
8760
7469
11052
8849
10295
3150
11858
10095
10327
8439
11195
11739
8871
8058
7985
10405
11118
8097
4885
6825
10586
5676
10125
10360
10544
5979
11104
9821
11033
7999
11688
11979
11706
8047
5679
10621
11857
9887
6454
4803
10218
6332
9525
11018
11125
5176
10215
12041
10894
7697
11543
11010
11641
9363
3361
12464
11175
9392
9014
6096
8533
4684
9379
9839
11077
7284
10348
11086
10464
9313
11086
11443
9611
10180
9496
11314
11925
10696
7378
7661
10035
8683
10257
10440
11295
6820
11404
11730
11874
9299
12267
11025
11672
10085
8590
10268
11770
10179
5598
7208
10785
8137
10817
11557
10389
8148
10908
11832
10824
8989
10506
11808
11410
10491
6911
10835
12151
10256
7413
7708
10226
7538
10078
11799
10740
3311
10748
11476
10754
10680
11999
11391
10424
7874
6443
10801
8911
10690
5173
6441
10282
8638
11006
11554
9997
7627
10605
11060
10534
7339
11430
11370
10199
9247
9751
12307
11137
8303
8350
7907
11697
7722
10490
11238
11656
6516
10571
11886
11499
9498
11814
12169
11721
9283
8342
12180
11177
9807
7977
9832
10435
9630
10283
12629
10001
5347
10282
9161
11329
8913
9065
11841
10762
10083
9367
11410
9970
9693
7699
5414
9583
9069
9778
11693
11904
3367
10034
11518
11020
8642
11964
11567
11169
9875
9001
11426
11837
8393
7862
8406
8550
7533
11736
10588
10782
4728
7882
12183
11406
8525
12195
10267
12351
10855
6789
12531
10614
9618
6144
7278
10259
4680
11946
9847
11272
7785
10046
10859
11277
8355
11842
10579
11086
9526
8894
12273
11466
9894
5818
9795
10597
8070
11539
10486
8965
8025
9816
11042
11126
8058
11639
10443
11979
9666
5205
12626
11831
9513
7882
8966
9416
6443
11335
10123
11044
6703
10681
12146
11862
10127
11729
12360
10968
8298
5358
11702
12560
8376
8838
9102
10984
5629
11454
10623
12260
4843
10678
10164
10895
9625
12509
11010
10204
8484
6240
12028
12114
8214
10012
6267
10285
7688
10121
8464
11256
7657
9368
10969
10791
6602
10343
11854
9708
10387
9522
11756
11135
7719
9949
10087
10571
7284
11802
11855
10910
7691
9925
10759
12024
9195
11611
12817
9887
9247
9812
11581
12309
10732
5502
8037
11881
8071
10404
11274
11548
7168
11574
10450
12046
9713
11618
11723
10878
8745
6906
10248
11574
10972
9748
5112
9063
5513
11861
10740
12130
7080
11338
11320
10743
8713
11684
12119
11243
10745
7654
12440
12569
9817
7717
7492
11782
6356
12313
11441
9037
7540
11011
12662
12808
9053
12344
11359
12499
10967
8656
13043
11597
9589
6738
7781
9654
4484
11544
11905
10113
7373
10252
8629
8501
10562
10837
11499
10684
9249
7870
10756
11984
11003
3160
8090
11305
7051
11434
10701
10881
8006
11527
11380
10828
8427
11196
11851
10905
7480
10438
11531
9986
10157
8887
7403
11165
6197
11506
11830
9912
6700
11383
11130
10144
7482
11772
12133
12165
9779
7918
12011
11411
7954
6444
9308
10840
6333
12160
11712
10809
6318
10992
11856
11864
9813
11053
11493
11698
9228
9917
11385
11855
11172
4795
8977
11808
7151
10949
11401
10718
4712
9827
11813
11649
8677
12722
11574
10930
11025
5514
11343
12123
9633
8951
6841
9059
9149
10125
9814
11105
9290
10071
11269
11550
9095
11964
10952
9338
9262
7959
11442
12699
9331
6482
8035
10466
4956
11673
11574
12091
7549
10428
11642
11350
6318
11229
11279
11193
8259
7665
11057
12577
9403
5855
8559
11864
7596
9519
10554
11134
7997
10320
11638
11745
9333
11924
12048
12228
10564
6250
11173
9789
7916
4091
10324
11325
4913
11929
11780
10083
9488
10836
11699
10768
7755
11449
12022
11733
10635
8013
12570
10938
9938
6283
9228
11347
7371
8511
9589
9386
8864
11175
11309
10858
10683
11358
11055
10457
9912
7879
11466
11000
8808
9978
7353
10239
9211
10409
11324
9916
9053
9985
10803
9940
8708
11630
11109
11656
9245
8036
11384
11569
9200
9072
7618
10325
7197
11458
12122
11891
5194
11805
11912
11328
8786
10960
12325
11735
7992
7981
12140
11200
9267
9224
8102
12458
6907
11901
12052
10078
8410
11311
10584
12035
9713
11801
12810
11713
10448
7815
12409
12249
7216
7490
7261
9067
7517
11936
11675
10573
6454
10177
9172
10797
10267
11553
12835
11368
9265
7361
12378
11450
10111
7832
8722
11482
7934
11979
10208
9686
7193
11603
11412
12027
7560
11194
12903
12262
9280
7695
9578
11846
10176
3726
8450
11760
9429
9252
11170
10794
4157
12068
12355
10549
10053
11533
12320
12009
11149
6616
11785
11530
6069
7890
9831
9957
7459
11859
11003
9665
5656
10621
11765
10017
10006
9712
11008
10081
9411
8706
11016
10941
9242
8413
10240
9788
7974
11297
12314
11083
7669
11752
12217
11975
10702
11888
10924
12083
10499
8031
11000
12718
9921
9920
8345
11146
7342
11323
11011
11243
6793
10647
9919
11296
7260
11321
12018
10786
9376
7687
10688
10548
10360
6766
8199
10258
5806
11587
10765
10487
7582
10864
11503
11934
9343
10801
11067
11211
9389
6960
12733
11939
10639
5764
8351
9341
7899
10780
10005
9953
8017
11102
11880
10541
9932
11571
10494
11363
9485
7714
11506
11683
9002
7347
9770
11042
8739
10377
11860
10237
7080
10420
11731
11006
9123
12149
10317
11191
8791
9784
10869
11595
9590
5553
4405
10248
8756
11643
11856
10796
7019
6737
11184
11725
7369
12009
10801
11863
9827
8445
12349
11951
10796
5091
9225
9919
5316
10790
11353
11816
6234
11380
12092
9458
7298
11991
11950
10995
8138
8171
11942
12001
9993
8249
8863
11368
9282
12468
11919
10935
3321
8801
10642
10626
7073
10015
12319
11702
10312
9313
11695
10326
9818
5780
8159
11706
8600
10960
11824
11272
8585
11608
11559
10943
9979
12228
10924
11343
10763
8051
11605
11031
9765
4634
7405
11062
8176
10585
12071
11888
7453
10680
11135
11742
9333
11429
10718
10572
9708
10307
11038
10606
7355
6142
8646
10912
9546
12279
11264
9977
6030
10689
11139
11348
10726
11887
11630
11133
10306
9538
12281
10247
10228
10298
10771
11254
6005
10059
11543
8964
7124
10436
11834
10535
8700
12287
11245
11625
10055
9493
12502
12353
8190
5930
8724
12243
6821
11481
11170
11044
8512
11048
12268
10801
9132
10801
11867
11157
9968
8324
12211
10215
9274
6647
7449
11401
5932
11931
12376
12025
7866
5268
11695
11369
10439
10827
11226
11198
11087
9253
11633
11617
10010
6312
7424
10037
7479
11387
11530
10918
7962
10692
10738
11348
9666
11064
12410
11130
10256
6899
11167
12076
8917
4930
6809
10395
7771
9802
12460
10676
6154
11866
11578
11391
10103
11406
10814
12059
9971
9467
12361
12353
9084
7284
9220
10218
8891
12043
11724
11697
6245
10070
12496
10958
8071
12122
11708
11941
8575
7983
12050
11746
10406
5791
9206
11284
8661
11540
11453
11339
7804
11712
12221
11562
8963
10185
10328
11897
8191
8100
10359
11469
10512
7602
10247
10213
8448
10479
11773
11189
7546
9465
10657
10220
10362
11647
11834
11117
9517
7278
11551
11392
9621
5601
9085
11321
9101
10772
11520
11874
6411
10133
12194
11772
9446
12590
11944
12276
11799
7910
12451
11398
9123
6572
8714
10888
7353
11923
10750
10523
8868
11315
12663
9516
7074
11904
11350
11304
10355
7945
11575
12836
9435
8944
10242
8873
6134
11663
11843
11885
8047
11595
11620
11400
10147
10749
12680
9077
10532
7927
11491
12508
7172
9037
9514
10634
6292
10575
11061
11532
7963
9585
11861
10165
10865
11477
12300
10904
8372
8497
12790
11066
10421
6576
8704
9050
8501
9586
10364
10348
7271
11031
11636
11208
10153
11927
11508
11457
11032
7735
12025
11991
5700
8923
7478
11321
7394
12177
11316
11090
7284
9925
11349
10895
11347
12070
11851
11670
9831
8430
11851
11128
10392
4176
9064
9976
9814
9778
10771
12546
8940
10202
11446
11133
9576
12441
11813
11863
7554
8323
10764
12190
8725
10525
9890
10956
8334
11425
8621
11567
6762
10862
11014
12340
8442
11321
12160
10074
8231
8843
11558
12786
9881
6498
11819
8854
6795
11309
11014
11104
7663
11198
11077
12683
10025
12405
12035
9937
10727
8396
12008
12157
11312
7588
8813
10810
7624
11345
10859
11809
9669
10538
11744
10699
8484
11151
11946
11526
9995
7176
11291
11169
9386
8117
10361
9916
8032
10882
11230
10436
8508
11199
11118
12307
10130
11808
11545
11367
8660
6528
12470
11345
10037
7304
10174
11529
5596
11859
9611
9970
7908
10580
11367
10433
5725
11230
11104
11705
11324
8706
12554
10910
7977
8105
10255
11178
7130
11174
11484
10000
8142
11473
11147
11717
9156
11570
11345
12346
11045
8355
12379
11627
9399
7133
10326
10725
8627
12040
12047
10715
6764
11688
12498
11988
8609
11011
10231
10948
8657
4848
11607
12161
9415
8847
9440
10430
5559
11686
10777
10868
9770
9936
11590
11564
7583
11708
10377
10745
11247
8329
11064
11299
10306
9521
10186
10015
6491
9277
11474
11567
7331
10820
11802
11279
7920
11411
12273
11621
11078
7109
12165
12732
7458
7703
9731
10715
9063
12043
11816
11976
8945
11932
12205
12384
8690
11897
11906
11796
9770
7979
10208
12607
11032
8989
9815
11112
8645
11519
11797
11108
8121
10246
12411
12340
10114
11792
12332
10864
10811
7761
12054
12161
8785
8293
8144
10632
4901
11389
11566
10121
8440
7880
9926
10852
5886
12262
11543
10990
10758
8304
12682
12442
9585
1849
10526
11274
8509
11048
12027
9251
9294
10147
11414
11594
7815
12715
10824
10111
10112
6129
12064
12084
10228
6612
10297
11382
7608
10423
10934
11798
7187
11513
10913
11621
7121
12147
10838
11339
11096
7588
11775
11875
8488
9166
10710
11427
7461
10185
10730
11018
10615
10473
9193
12021
9394
12617
9478
11975
9715
7686
11622
10769
10104
7253
8809
10558
7281
10095
11854
10348
7426
9843
11187
12259
8909
12086
9977
11094
8738
7385
11601
11121
8659
7979
7886
8217
7210
11233
11711
11309
4529
10243
12545
12735
5584
11395
11751
12196
10198
8267
12366
11855
9605
8733
8310
10754
7747
11490
11983
9753
7783
9453
10252
8306
8451
11439
11521
11546
6960
7957
11885
10978
11660
7879
7772
9741
6138
11253
10259
11611
10073
11387
11127
11616
10628
10299
10647
12018
8697
8196
11310
12206
10621
9166
9849
10752
8021
9746
10014
10791
7591
10653
11363
12118
8361
12353
11688
11631
9160
6885
12178
10518
9787
9356
9940
10295
7874
11243
12000
10388
7115
11497
10679
11360
9322
9806
10135
11197
7846
9654
13006
11641
11008
8706
7361
8076
8157
11524
10365
12541
8228
10024
11552
9416
8187
11341
11778
12090
9894
8217
10975
11110
8388
7437
9846
10524
8289
10015
11329
12064
9076
11306
11887
11271
10805
12482
12061
11405
9371
9805
11348
11890
10805
8999
8961
10411
6983
11231
11389
10121
8782
11368
10561
10713
9366
12658
12211
11534
10651
8047
11121
10656
9901
6285
8255
9437
7353
10956
12336
11013
5813
10450
10589
11363
8710
10708
11895
10922
9861
8591
11522
11640
6908
6926
9416
9561
8546
10802
12017
10771
9209
9849
11228
11615
8904
11212
11264
11527
11702
8436
12230
11107
9808
7564
7777
10887
8524
11585
11182
10514
6897
11416
11280
11591
8246
11849
11624
11681
10590
8053
12357
11567
10602
7914
7025
10351
6292
10847
11508
10619
9028
11769
12282
11445
8775
12270
12588
10803
10644
7080
12359
11943
7963
8892
7910
10602
8442
11922
11124
11465
5454
11794
11418
11832
9512
12337
11978
9748
11054
8766
10758
10200
8815
9413
10607
10658
6082
10737
10650
10666
8795
10623
11956
11783
9771
12962
11944
11968
10158
8005
12424
10646
9059
9449
7413
10449
6846
11455
11360
10274
9056
12184
11821
9781
7476
10883
11950
10857
10579
9660
10639
11095
9488
8466
9669
9184
8300
12226
11894
10348
5683
10386
10607
10387
7702
11664
10860
11081
6665
9325
11372
11289
9914
6257
8567
12126
7015
10826
11668
10690
8379
10054
10964
11691
7551
12087
10675
10531
9828
6784
12442
12055
9447
6527
10459
10491
6655
10812
9927
10235
10042
9671
11244
12052
7266
10904
11162
11694
10134
6311
12048
11218
6947
6104
9914
10191
7449
11500
11760
11357
7572
11081
11519
10068
8965
12308
12731
10855
9856
7988
11311
12347
8479
5521
11075
10367
7834
10951
12326
9017
5178
10694
11609
10592
8584
9469
11774
11956
10900
8910
11428
11658
9815
5374
10522
12285
6806
11900
10682
8987
8839
9376
10001
11439
7835
12021
10267
10586
10763
6480
11765
12513
9731
8161
9697
11221
8580
12324
11463
9439
8147
11252
10272
11771
7715
12582
12203
12213
9215
6482
12403
10833
10263
8755
8832
11445
7711
10579
12331
10868
6933
9595
11909
12439
8600
10805
12132
9609
10257
8444
11066
12012
8732
8117
11256
11584
7671
12202
10484
9865
7985
10277
9532
11049
9967
12041
10534
11512
8938
7889
11214
10764
10290
7614
9820
11815
6464
11293
10930
11116
6725
11177
11042
12230
8600
11597
11467
11701
9274
7425
10200
12389
8953
7478
9545
11085
8496
11504
10492
10836
8043
9010
10842
11297
6951
12132
12260
11442
9063
7196
11686
11720
8998
7608
7641
9136
6343
11661
12277
11971
8106
7693
10760
10234
8073
11955
11377
10734
11433
9604
11200
11530
9953
6416
9495
10592
7470
12425
11545
11593
6488
9110
11583
11636
10165
12264
9858
11447
10507
8887
12178
11027
11106
9166
8815
10893
7545
10752
10744
11799
8172
11746
12123
12296
9695
12254
11635
11409
10780
8837
11872
12491
10080
8498
10516
9812
6927
11629
9499
11939
8694
11461
12081
10148
10767
11524
12263
12177
10271
10432
12600
10425
10910
8265
8358
11724
8345
10839
11224
11176
8490
11031
11589
11635
10978
11568
12428
11452
7028
8788
10814
12309
10246
10081
9154
11125
10154
10988
12249
10382
9526
10798
12231
11291
8564
10986
10857
11962
11101
7933
12141
12048
9727
6974
10803
11475
8103
11666
10420
11164
9299
10786
12252
10423
8287
11043
10764
12197
10584
8823
11975
10329
8862
5335
10563
11460
8955
11319
12176
10654
8371
10107
10095
11048
6950
11797
11056
12163
11369
8796
11983
11972
10947
8652
10810
10364
6743
12087
11531
11636
10426
11533
11354
12368
9365
12466
11208
11825
10721
9251
12647
11677
10588
9518
8964
11795
6917
11424
10669
11517
8907
10890
11402
11401
10133
11956
11874
10962
11219
8213
12641
11548
10881
10062
11618
10139
7906
12106
11646
9479
7849
10286
11805
11266
9072
11267
11930
10465
10624
7737
12089
12694
11686
9436
9352
10184
6254
11700
11074
12316
10775
10079
10942
11603
8859
10724
11205
11318
9536
8699
11546
12166
11025
8067
9204
10353
7743
11682
11723
11977
9557
11348
12101
11419
10552
11382
11592
11611
11154
10025
11192
12169
10374
9283
9711
9485
8674
11761
10023
11297
7404
11241
11058
11647
10344
12289
12223
11379
10566
9975
12603
11849
9481
9418
10176
8030
9249
12222
11971
11573
8365
10390
11634
11870
8313
12091
11573
10153
9752
8280
12968
11164
10035
8127
10530
9352
4879
12458
10386
10159
8436
11301
11751
10965
9543
12502
12376
11289
11672
10397
12184
10318
11146
9349
8176
10678
9285
10557
11134
9915
8139
11478
10995
10904
9677
12528
10855
11446
10330
9094
11109
12819
9859
11070
