-6462
1603
-8145
1629
-2767
-2351
-7473
4366
3737
-7167
647
3844
3234
72
-857
-2872
647
423
323
186
-8014
-2924
-10874
-184
-1098
2189
-6533
-2456
517
1968
-4690
4619
1235
1386
-3438
-676
6705
1668
-1673
-2006
-4447
839
-6504
181
1099
-578
-3706
-1839
6209
1301
-842
2061
4510
1711
803
-626
3832
2880
-3483
-5611
-4995
803
-10319
-5094
767
1495
-1196
1276
6357
3698
-4035
3553
103
2289
1544
-6860
4883
-58
3227
-2987
-2502
1353
-3283
-359
2633
893
-4835
-259
3698
-1403
1823
3011
-3157
1965
-3774
-1191
4223
4107
-510
-3309
-2975
-3398
-4578
4311
3092
4085
-761
4464
-165
1145
306
4655
1589
4683
-1542
-297
3610
4402
3998
-2022
-6675
1176
-1693
7208
2841
7166
-2573
2891
9329
3644
-4132
3943
8525
3907
1887
2466
2582
2234
-3733
-2558
-1391
1549
-7348
3688
-343
1219
-6678
4552
3719
5901
-2114
6807
3132
3307
-5571
-2374
9209
5350
-3124
-1905
-3488
856
-4578
1181
3432
4486
3777
1755
2131
1264
4120
4326
7008
6035
1875
-6062
4330
7350
-1194
1503
-805
-1313
-6274
2951
2434
6941
-595
2856
4303
5467
420
2430
9096
2224
613
-5406
6355
9322
4465
-3021
838
-1506
-2653
3680
3465
3215
142
2305
6850
6145
1046
3832
2913
1403
597
-3742
6547
6544
1546
-6898
-927
68
-874
117
3740
4272
2154
3689
1818
6561
-2043
4952
7188
-291
2119
683
5635
8812
-4495
2064
2085
-843
-23
6213
5252
5389
4553
705
6936
6286
1774
1775
9124
6937
-1878
-765
5909
1928
3411
2712
-794
4914
-4571
3618
4197
5953
-4119
6942
4108
3613
-1941
3640
8663
4812
-246
-2092
6540
6453
2528
957
-630
-998
-4163
1607
4738
6496
-2246
6056
9086
7297
3126
2148
9189
8209
5589
-1543
9088
8436
6806
1244
-3090
3340
-661
5598
9715
4640
1812
6063
9133
4118
2077
6579
9628
4287
3605
-36
9770
7520
5981
3838
760
-1094
293
6887
8195
7006
-3772
1326
7219
7242
4077
8370
2470
10676
931
-1947
7101
10823
3786
5869
-3950
67
-7376
1036
6159
3420
217
6897
8058
8546
4209
5566
3050
6881
417
80
4854
5359
1237
5353
-573
-581
-3697
2544
4732
4028
-569
7442
4549
5851
6324
4443
7021
2804
4063
2298
9251
8203
4170
256
-1
1568
1127
5582
8925
8954
3215
8430
9387
6997
3298
7808
7012
5777
-1942
1695
8797
7334
4841
4081
4306
6433
-5974
6403
6500
7447
2257
9765
8756
4494
1663
5766
8789
9466
1958
-1373
8078
7612
4319
3860
315
6753
-2530
8495
7558
10135
212
9009
6535
6886
3335
6859
7122
7233
4160
4650
8957
8349
2908
6662
3428
6215
-5383
5165
9568
8979
2607
7269
7422
7339
1170
6919
8815
4454
3663
3515
9218
10313
4584
5419
3852
2416
-6237
6052
6654
4943
1516
6431
8162
11188
4199
8971
9007
9217
2541
5720
10884
10902
6780
4914
5405
8251
2634
5760
9279
6282
4463
9139
8549
7174
2135
7659
8740
5143
4526
3896
9355
11528
7244
6205
4502
1943
619
8203
10105
8036
1313
8722
9072
10118
3912
7321
8123
9088
5723
1419
9025
7785
4284
4004
5635
5258
-1789
8043
7017
3859
2462
8002
8817
8452
8240
8118
8408
11878
294
2694
10045
10314
9960
6461
2919
6086
3109
6337
7543
7031
-67
7051
7999
9725
4530
9231
8340
5231
221
2569
10336
10062
5384
5551
4707
6224
5321
11498
8995
5973
3255
9434
9707
7373
1306
7390
9512
9396
4882
1208
7069
6264
6258
3701
4894
7241
5887
8416
11194
8180
1654
7377
8827
9843
7022
11174
8984
9374
6941
5100
8917
9011
4367
5338
4817
4715
-1953
7620
12051
7940
3159
5164
8299
9995
3651
9358
8453
8267
4083
-635
9847
10015
4207
2231
5457
9859
-52
9791
7498
9581
6094
10022
11480
9339
4565
7035
9542
6372
3513
3456
10651
11383
5780
6467
4404
2776
2756
8745
10830
10852
2457
9728
7554
9978
5695
10733
10958
9860
6919
2694
10575
7056
8693
1964
7057
2676
3384
10011
9855
10147
820
9385
9366
8747
7364
9087
10277
10222
6612
-2285
12336
8765
8955
4913
6912
7466
-5091
7849
11706
9701
4581
4743
8700
9293
5653
10616
9892
10266
4552
5815
10906
11407
8258
6561
6197
5821
-1508
8485
8583
7980
6569
9190
9291
8930
7516
9907
11014
10366
7037
1630
10107
10004
9222
3822
848
7066
3457
9819
11025
10377
2644
7555
10967
10082
4529
11120
8358
9881
5671
5630
8964
9561
7130
3642
8839
5449
4715
8994
9047
10655
2826
10082
8239
10938
7427
9983
10076
8661
4922
3450
10139
6751
6931
3025
6516
9861
5543
9260
6541
8791
4650
9015
11826
11065
6075
9564
11804
9489
5116
6017
9915
9379
9386
5537
9158
7498
4442
9868
10474
11667
6259
10914
9930
9186
5888
11810
10553
10393
9939
5567
10585
11427
10077
6956
3871
9611
2631
10377
9702
9867
5515
9680
11052
9415
6859
11149
9547
11801
3915
862
11440
11407
4843
4940
9054
8145
1939
10084
8940
11035
7167
9947
9337
12119
7762
11243
11911
9908
7110
4149
11127
9924
6555
6869
6923
7134
111
11817
11111
4847
4132
8944
12656
11546
7826
6573
9696
9872
7588
4579
11449
10383
8366
5949
3726
6601
2301
10539
8998
11177
5303
10145
8862
9780
8223
10386
11571
9974
10970
1869
11459
10655
9094
6494
2671
9403
3983
10952
11385
10666
2872
9199
9526
10902
7821
10474
11858
12338
9864
1221
9797
10530
8064
6981
8121
11087
7012
11462
8620
9066
7508
10957
11167
9921
6353
9775
10668
9747
7025
4454
12640
11104
7552
8618
9045
8421
4049
10697
10959
10629
4436
9345
11766
10774
8801
10117
9634
11027
9521
8596
11692
12079
7582
8242
7632
10459
-4143
11456
11289
9898
5682
9457
9535
11080
8804
11610
12785
9987
7973
6119
9858
11669
7360
6482
9373
8591
1065
8507
12190
11989
4550
11180
13004
11568
6468
10511
12249
10086
7278
-691
12492
10297
9879
6969
8712
8311
5742
11770
11033
10856
6015
10447
11238
10761
7178
10791
10448
7177
7877
9149
10773
9324
9556
6882
8150
9935
3465
9135
10354
10157
7858
9861
11988
10763
10275
11490
12443
10421
6869
-13
12178
10776
6086
7907
8163
8608
7691
10089
11700
10541
3203
11617
9113
10901
9955
11537
12121
12624
10233
7185
11794
11671
7578
7443
8394
9575
7319
11451
10303
10634
7982
10080
10449
11924
10072
12093
11295
10461
9987
8618
11290
10246
9553
7231
9578
10239
6218
11618
10706
9080
6330
11479
10892
11974
9061
10991
10578
12018
11098
9493
12839
11884
6972
5950
11137
9419
5631
12051
9037
11641
7035
9030
11526
11026
8610
11858
11685
10336
10574
7420
12089
10543
6716
6400
8626
8934
6749
11468
10605
9288
8137
10133
11144
11628
8056
12034
12208
12104
10403
6025
12337
11938
9905
6987
6713
10841
8175
11225
11380
10317
7788
10782
10393
11090
8149
11369
11040
11786
9853
8487
12825
12016
10858
6644
9782
8622
7473
11483
10257
11763
5924
10967
11485
11527
8333
11764
11789
12141
9746
9227
11736
12194
9792
9297
9628
10248
4648
11694
12019
11656
2353
12029
11829
12185
8617
11347
11739
11854
9193
5707
12352
11612
10394
8435
10628
11092
4719
10756
11136
10823
6024
11315
12041
10747
8944
11158
11328
11906
10049
7251
12218
11896
10362
7585
10567
9647
3679
12144
13108
11567
5828
10964
11173
11722
10116
11687
12555
12097
11655
7882
12344
11620
9938
8764
11122
10161
4496
12685
10443
11579
6878
11591
13190
12057
7343
13229
12461
11940
9667
10010
12274
12516
10642
8557
11213
11052
4912
11819
9305
11329
5058
12039
12346
12065
9086
12344
12266
11658
10603
8576
11913
12478
10200
8134
10052
11156
8439
11109
11457
10560
8540
11731
11002
11604
9736
12091
10880
11874
11006
8328
13110
12134
10587
7974
10216
11135
5580
12558
10620
11326
8029
11259
12121
11752
8571
11921
12726
12264
10748
7467
12058
11994
7236
4079
12072
10719
7447
11977
10940
11437
5658
10168
11106
12912
8380
12240
11379
11448
9508
6113
12245
11846
7569
7752
11130
11692
5070
11290
12043
11757
5804
11710
10919
12528
7865
11143
12533
11148
10712
9376
13134
12272
10167
9141
10487
11551
6186
12425
13022
11015
8587
11674
12414
11862
7982
12257
12344
11398
10788
8022
12388
12216
8413
9438
10544
11031
7744
11285
12256
11700
8588
10627
12586
11852
9552
12086
12684
11513
10690
8682
12931
11632
10168
8126
10350
11927
8484
11006
11910
10504
5840
11229
12538
11711
11262
12767
12217
13425
10477
7488
12507
12364
8338
9932
9895
10636
7887
12110
11990
11531
5599
12449
12313
12806
10837
10825
12332
12711
9559
9712
12770
12421
11074
7409
10775
9121
7049
11583
11845
10935
6019
12406
12662
11199
9573
13003
12498
11736
10637
5894
13219
12358
9173
9026
11799
10530
7991
12716
10630
11741
6775
12455
12571
13214
9709
12338
11808
10604
9579
9985
12051
13007
7138
7107
12102
9867
6872
11418
11422
10284
4149
12776
11933
12963
8427
11505
12519
12784
10850
8060
13063
12943
10536
7149
8790
11011
3895
12386
12372
11551
8165
10650
12183
11206
9006
12328
12601
12367
8879
9975
12153
12654
9998
7739
10251
11357
8139
11608
10968
10678
6340
10866
12644
12254
7755
12711
11700
12780
9526
8544
13199
12108
8747
4959
10574
11814
8090
12635
12444
11670
8453
10959
10628
12006
10617
13191
13062
11543
10915
10842
13046
12152
8785
9511
11601
10705
7753
9939
11684
11689
7161
10639
11877
12641
8412
13035
12302
12588
10302
7982
13478
13005
10195
6489
10494
9072
7923
12543
12517
12184
6064
12674
12152
12686
9435
12329
10706
12120
10441
10134
12031
12490
9729
9629
10024
11216
7810
11804
11308
11638
10159
12766
11963
13051
11022
12546
11985
11457
10944
7926
12452
11162
10064
8508
9290
12304
6026
11235
10715
10469
7075
12301
11731
11521
10093
13142
12705
12781
10697
9105
13089
12879
8375
8214
10721
10410
5978
12042
12250
12000
7499
11562
11962
12598
8845
11966
12649
12389
10294
7553
11854
12204
10736
9760
9758
11158
7190
12611
11684
11691
6803
11961
10384
12124
9407
11557
13283
12165
11648
8193
13593
12413
9665
8068
11130
12369
4115
12750
12143
10890
6641
11408
11063
11379
9585
12768
12171
12497
9908
9315
13244
13211
11138
9617
10919
12076
8807
11579
11641
12516
9977
12243
12337
12489
9296
12220
12835
10801
10930
9122
13210
11870
10138
9273
8822
10051
8461
12752
12613
11468
7648
12801
12515
12671
8203
12694
11383
11984
10872
8701
12964
12853
10981
8828
11563
12349
8033
11661
12904
12002
4020
12617
11887
12255
9907
12697
12588
11339
10139
8654
12171
13011
10289
9915
10147
11536
8997
12276
12888
11581
4121
11680
12228
12485
10368
13028
12443
12316
10903
9924
12634
13110
11303
9303
9385
11703
8857
11024
12275
11480
9481
10941
11961
12175
10804
12846
12826
12404
11833
9335
13093
12824
9434
9143
10940
9560
8589
11812
12180
12922
8881
11230
11488
11560
10385
12126
13020
11895
11841
5990
12934
12753
10136
8324
9657
11500
7574
12609
10956
12376
8791
10413
11628
12214
10208
12390
12433
12485
11606
10024
12510
12254
8863
9547
11969
10960
6633
12758
12732
12633
5026
12267
12113
12075
10577
13124
12378
12609
10422
8649
13102
12665
10449
10031
10010
11908
6821
12454
9973
12240
6595
11416
12347
12613
11377
12677
11861
12120
11337
8157
11852
12829
10476
8414
9308
10010
4993
12204
12481
12647
7552
12267
11719
11964
9523
12051
12523
12172
8823
9237
13033
12864
9876
10011
9964
11268
7785
10848
10714
10645
8805
11594
12113
10865
9770
12541
11818
12920
9035
7709
11980
13036
11321
8578
10537
11376
7455
11251
11815
10245
8542
11615
12284
12109
9845
12047
13036
11587
6534
9141
12840
12937
9280
10172
11003
11786
7278
11634
12492
12082
9416
12267
12974
11601
10286
11803
12646
11710
9065
9954
12512
12475
11483
9623
11194
11298
3269
11958
12223
11574
5803
12341
12556
10480
10767
12282
12998
13026
10209
9452
12787
10813
10908
10817
10464
10791
9275
12545
11489
12477
9258
12020
13275
12849
10608
11823
12387
13108
10287
8342
12828
12796
9950
8749
9389
9448
7991
12034
12148
10295
5515
10410
12604
10819
9964
11535
12753
13082
10582
8945
12722
12942
9331
10463
11723
11687
6513
12310
11512
12516
6542
12005
12416
12722
10525
12248
12879
12702
11130
8102
13470
12714
10108
8963
11300
10416
9939
13147
12531
12754
5928
12458
12022
11987
12021
12683
12754
12588
11272
10663
13105
12652
10103
9176
10617
9707
8792
11763
12176
12543
8533
11082
13175
12454
11108
12698
12756
13148
10331
8939
12353
13149
9226
8342
9379
11151
6353
11203
10755
11970
7476
12163
12092
11840
11281
11600
13052
12074
10531
8923
13088
12330
11408
10143
9929
10478
9742
11283
12883
12199
8420
11910
12992
12037
10595
11977
12278
13061
10201
8639
13069
12790
11773
9158
11780
10380
9913
12201
12487
12615
8058
10792
12655
12410
10132
12659
13084
12683
11765
9927
12936
13036
10867
8544
10570
10826
9324
12653
11172
11875
7243
12559
12058
11644
11480
12260
12593
11761
12246
8815
12893
12874
11601
8451
11647
11908
8509
12463
11048
12368
7696
12105
12267
12330
11665
12116
12852
12807
11409
9831
13458
12611
11748
10868
10157
11026
9397
12491
12957
11183
7045
11119
12527
12381
10201
13075
13308
12942
11379
9655
12742
13459
9547
9732
10923
10852
8731
12501
11950
12376
4853
12628
12831
12671
10337
12744
13072
13123
10224
10139
13099
11753
10519
10488
9006
11770
8853
12154
13214
12061
6625
12301
12960
11491
11490
12941
11222
12801
11795
9600
13137
11648
10311
10698
11288
11803
9256
10985
10511
11448
6076
11147
12178
12605
9375
12436
12848
12811
10616
8355
13237
11892
11188
8696
12123
11749
5855
11189
12919
10222
8492
12230
13081
12498
10995
12368
13095
13190
11597
9235
12570
13387
9576
9960
11773
12040
6836
12568
11957
11855
5975
12105
12812
12465
9165
11108
13026
12946
11710
9986
12860
13258
10871
9544
9834
12306
7407
12356
12697
12910
8015
12559
12698
12769
9750
13140
13231
11754
9989
9125
13399
13399
10090
10653
11459
11961
6739
12271
13403
11682
6625
11536
11451
13177
11152
13416
12516
11673
11838
8670
12552
12229
10200
9858
12194
11451
7638
12728
11203
10990
7727
12477
12551
11981
9638
13413
12928
11745
10334
9916
13016
12662
9043
9293
12030
10567
9493
12749
11142
10525
6258
11357
13021
13036
10120
12997
12157
12170
11583
9004
13169
13397
11680
11750
11328
12153
9074
12686
12497
11904
8108
11740
12342
13009
10799
12887
13025
12595
10832
9543
13029
11970
9701
8429
11562
12229
7497
12426
12709
12610
7675
11559
13072
12687
10542
11950
12838
12892
10017
9081
12648
13231
9469
9019
11239
12943
6769
12790
12908
11487
7316
12617
13107
13452
11437
12956
13335
11411
12225
9571
13210
12527
11416
9914
11010
12743
9126
12304
11513
10550
9330
12040
12287
12528
10592
13420
13254
12086
11420
10352
13594
13298
10098
8901
10203
12593
8146
11647
11897
12973
7123
12798
12828
12406
11340
12286
12526
12458
11827
11152
13398
13285
10969
9324
12277
11933
8717
12383
12356
12528
6613
12673
13096
13281
10988
12995
13007
12959
11494
9782
13648
12938
12383
8447
11428
11463
7816
12790
13041
12274
6504
12751
12861
12083
8488
12252
12487
12508
11242
11157
13334
13255
10534
8998
9666
11096
8897
12915
12837
11867
5170
12669
12816
12005
9305
12281
13533
12768
11868
8829
13378
13042
10370
10587
11232
12321
8933
13064
12718
12494
7733
12394
11675
12831
10886
11820
12793
13230
11730
10267
13049
13181
10911
8627
12193
12238
7055
12012
11797
11269
7079
12940
12517
13258
10564
12418
12517
12721
11830
10862
12968
13076
10997
8351
11448
11272
8674
12353
12242
13104
9553
12878
12606
13368
10722
12965
13030
11780
11012
9316
12863
11540
11130
8450
12383
11508
9357
12831
11958
11851
7265
11023
12579
11635
11148
11962
12597
13199
12252
10741
13215
12994
10848
11088
12038
11449
9596
12046
11441
12071
6815
12926
12798
12479
10968
12482
13241
12120
10034
9181
13120
13079
11912
10033
10368
11881
7856
11547
12870
12512
8873
12164
12137
12472
10064
12786
12880
12698
10869
9930
13189
12905
11718
9247
10882
11533
8852
12259
12621
12012
8687
12662
12983
13052
10459
12945
12615
12149
12383
11946
13375
12864
11703
9078
11091
10731
7168
12935
13189
12982
9700
11414
12960
12803
11060
13187
12718
11490
9335
10352
12582
12387
11648
9855
10555
12075
9108
12583
12859
11842
9239
12214
12992
13127
10005
13215
12698
12312
10827
10393
13691
13406
10579
10565
11507
11737
10173
12490
13144
12768
8445
12549
13445
12662
9952
12224
13254
13605
11210
9579
13106
13422
10969
10126
10887
10876
8483
11983
11377
12864
7347
11888
13301
12091
11978
12271
12859
12972
10976
10716
12983
13619
12205
10928
10708
10249
7513
11634
12463
12656
5712
12198
12783
12648
10632
13279
13205
12744
11591
10505
13658
12535
11266
8436
11948
11427
9110
12723
12708
11538
5696
12723
13241
12341
10289
13444
12744
13148
11772
11005
13521
12820
12256
11438
9899
12396
9811
12502
12765
12787
9444
12675
12829
12741
11724
12973
13826
13526
11678
10192
13395
13097
10259
9570
10597
11842
9621
12792
12594
10441
9000
12189
12875
12804
9853
13700
13135
12526
11278
10611
13447
13130
11434
10095
12184
11285
9866
12705
12926
11247
7808
12748
12972
13112
10532
13447
13358
12334
12200
10741
13422
12013
11487
8943
11552
12666
10462
13039
13234
12857
8433
12646
12685
12464
10171
13087
13082
12490
11825
10220
13178
13162
11147
10469
12252
11769
9452
12458
12189
12738
7310
11218
13208
12936
11475
12788
13407
11992
9762
9874
13730
12152
10969
10876
11182
11425
9588
12226
13262
12021
6149
12465
12290
12907
11317
13433
12866
11933
11902
11801
13210
12485
9977
10779
11681
12300
8907
11935
13055
12191
8310
12215
12932
12714
10960
12728
12925
13472
10798
10005
12675
13347
11236
10421
11199
9434
9443
12415
13191
12745
9759
12895
13595
12680
10453
12414
13518
12881
11002
10348
13430
12812
11636
10250
12248
11857
7734
12204
12451
12599
7920
12347
12760
12443
11082
13581
13149
13583
11496
10446
12393
12780
11211
9108
12708
11827
9689
12670
12907
12699
8704
11846
12419
13168
10852
13399
12758
13680
12069
11167
13401
13351
11726
10271
10894
11986
8717
12228
13480
11625
9129
11853
12467
13380
10251
13098
13389
12803
12231
10967
13515
13589
11852
10352
11212
12541
8835
10875
12802
12705
8736
12315
13251
13507
10054
13620
13771
11902
11616
10232
12875
12953
11961
9623
11402
12483
9618
13511
12896
13198
9201
11793
13330
13093
10528
13087
12362
13215
11626
10298
13322
13110
11751
9042
12659
12646
9992
12603
12737
12606
9149
12086
12828
12201
11248
13683
13456
13316
12540
11419
13213
12700
10960
9860
12234
12059
10391
12896
13037
12798
7277
13294
13683
12522
10742
13311
13346
13131
12270
10528
11708
12810
12382
10124
9861
11668
10446
12895
13068
12943
7779
12873
13420
13560
11992
12894
13358
13665
12038
10449
13279
13345
11985
7923
12547
13114
9330
13302
12916
12120
7829
12475
12844
12914
11011
13332
13456
13503
12318
10169
12584
13583
10478
8937
11532
12908
9205
12501
13264
12079
8833
12648
12893
13386
10997
13397
12975
12689
10826
11227
12773
13856
11649
10660
11848
13084
10565
12229
12745
12148
7129
12899
12146
13358
9980
13376
12846
13723
10864
10436
12917
13313
10646
9071
11599
11510
9023
12439
13693
12714
7699
11756
13059
13514
11615
13413
13407
13035
10926
10783
13330
12624
12294
11053
10218
11932
11380
13142
12973
12447
8307
13377
12341
12891
11098
12702
12972
12440
11119
11604
13322
13301
11551
11065
10961
11460
9069
10809
12152
12590
9565
12891
12988
12028
12093
13394
12937
12689
12035
10089
13140
13384
10726
11162
12115
12093
9814
13255
13001
12840
8897
13267
12923
12982
12367
13305
13467
13373
10878
11189
13318
13635
12328
10935
12256
12240
10735
12972
12340
11853
10430
12406
13093
12531
11796
13645
13152
13574
10882
11459
13563
12513
12174
10216
11094
12995
9720
12566
13275
12415
9668
13421
13204
12537
11823
13368
12420
12926
11754
11380
13449
13298
10978
10908
11005
11654
8605
13206
13573
13260
9508
13175
12338
13379
11789
13376
12555
12918
10689
11274
13056
13003
12383
10774
10137
11614
10556
11907
13291
12452
9943
13237
13038
13529
11304
13685
13645
13176
11559
10172
13481
12930
11976
10473
11677
12457
10507
13365
13197
12385
10652
13146
13398
13316
12210
13839
13689
12738
12061
10824
13137
12521
11259
9944
10766
12516
10525
13423
13099
12923
9297
13299
13622
13337
12214
13078
13611
13130
12631
11889
13343
13693
10672
10595
11677
11501
10049
13421
12759
12091
9442
12329
13165
11635
11913
13234
13302
11795
11928
11625
11996
12312
10684
10845
9315
12399
9205
12627
12721
12492
7476
13089
12737
13205
10624
12951
12722
13363
10994
10546
13185
13011
10356
11236
10751
11517
9740
12999
12344
12697
8898
12615
12360
13282
11628
12655
13322
13306
10766
10976
12259
13538
11759
10500
11299
12195
10390
12878
12886
13066
9104
11828
13620
13218
12263
13174
13349
12194
10948
9387
13022
13150
10736
10048
11865
11934
9489
11928
12189
12239
8988
12849
13298
12546
12100
13143
12930
13015
11333
10241
13825
12629
11733
9903
11257
12738
10200
12947
11964
12069
8890
13389
12882
12223
11190
13211
12655
13573
12616
10624
13213
13204
11685
10116
12260
12454
10018
13029
13031
12931
8958
13412
12862
13075
12112
13443
12936
13642
12279
11088
13506
13393
11794
10507
12402
12299
10724
13199
12998
12684
9933
12674
12545
12179
10454
13425
13178
13179
11249
11271
13543
13642
12082
9162
11200
12810
7709
13406
13754
12392
7694
11799
13348
12964
10984
13378
13459
13510
12096
11149
13742
13797
9559
9497
12041
11427
10803
13280
13283
12946
9354
12542
13238
13384
11535
13258
13270
13614
11777
11110
13429
13028
11833
11041
12708
11397
9550
13334
13155
12932
9449
12538
13703
12351
12305
13335
13452
13530
11839
11406
13798
13286
12258
10544
11871
13170
10941
13098
13296
12953
8396
13197
13795
12974
11062
13548
13111
13039
11462
10574
13117
12249
11987
10667
11582
12611
9882
13433
13395
12629
9378
12952
13442
13216
11560
13760
11258
12856
12548
11243
13829
13759
12641
11025
11371
12978
10313
12682
13175
12018
10681
13446
13604
13752
12453
13860
13282
13448
12080
11211
12875
12540
11427
10735
12995
12332
10438
12838
13026
12499
9869
13545
13006
13418
11785
13293
13919
13179
12364
11738
13710
13439
12927
9862
11805
13013
10551
13329
12722
12235
8756
13351
13687
13305
12005
13400
13281
13668
12006
11720
13325
13602
12589
11185
12347
12167
11344
12884
13628
12458
8203
13362
12863
13227
11752
13168
13315
13278
11438
11788
13709
13274
12685
9064
12127
12222
10009
13211
13444
12988
9223
12661
13531
13483
11623
13314
13518
13079
12351
10670
13624
13629
11854
10807
12355
11421
10161
13177
13112
11706
9355
12588
12852
12985
10541
13528
13858
13200
12088
11500
13670
13475
12867
10758
11410
12364
11358
12356
13327
13143
8569
13284
13260
13393
11781
13471
12981
12898
11640
11821
13092
13601
12406
11562
11748
12631
9539
13180
13353
12573
9630
13460
13459
13039
11288
13670
12852
13459
12522
10906
13225
13779
12312
11350
12305
12188
9597
12962
13257
13099
9432
12433
13590
13203
10778
13724
12770
13403
12084
10369
13136
13271
12604
9889
12331
11868
8542
13661
13160
12001
8741
12972
12908
11995
10264
12579
12806
12902
12781
11713
13298
13166
11736
9692
12476
12911
10684
13566
13358
12027
9228
13024
13110
13161
10834
13319
13601
13068
12228
12101
13896
13095
12417
10196
12235
12831
10510
13457
13258
13065
9549
13131
13356
13567
10207
13833
13659
13296
12763
9953
13713
13747
12671
10390
10301
12480
10329
13390
13686
12999
8904
12657
13586
13689
11991
13756
13515
13103
11943
9757
13453
12971
11670
11262
12166
12071
9249
12213
13808
13497
9352
13437
13852
13848
12250
13540
13698
13797
11765
9659
12643
13063
12207
11452
11352
12137
11184
12481
13073
13331
8864
13169
12599
13639
12184
13595
13184
13578
11714
11521
12053
13530
11150
10637
11073
11369
10918
12339
13614
13522
10744
13560
13651
13490
12501
13682
13466
13781
12029
12134
12820
12847
11986
10112
11892
12025
9800
13411
13156
13253
10049
13428
12071
13659
12204
13239
13576
13771
12189
12103
13786
13357
12074
10808
10920
12606
11272
11666
12816
12783
9882
13105
13567
13329
12154
13153
13890
13470
12448
11713
13316
13764
12469
10419
11493
11166
10167
13218
13565
12564
9926
13880
13757
13233
12005
13135
11982
13613
11354
12244
13645
12847
12536
11803
12308
11914
11204
13486
13068
11922
9551
13413
13645
13358
11912
13661
13439
13765
12001
12489
13625
13264
12583
11638
12396
12978
10884
12075
13581
12418
8814
12807
13115
13084
10691
13360
13334
13505
11117
12258
13178
13624
11011
11051
12537
12759
11091
12947
13721
13285
9114
13359
13154
13201
12187
13798
13640
13510
12009
11542
13980
13609
12038
11484
11233
12422
10151
12679
12575
12053
10376
13313
13303
13568
11317
13031
13812
13565
12748
11706
13611
13387
11196
9705
12203
12557
9000
12620
13071
12741
9983
12284
13197
13615
10603
13382
11632
13358
11333
12334
13362
13235
12075
10668
12387
11968
11127
13034
13407
11952
8897
13272
13286
13433
11684
13768
13326
13398
11705
12012
13741
13298
12561
10780
12608
12396
11025
12767
12971
12533
9057
12699
12450
12145
11621
12280
13314
13185
11571
11013
13748
13094
11186
10631
12480
12994
9303
13074
12597
12307
9292
13024
12994
13743
11619
13432
13208
13370
11596
11686
13374
13347
11848
9761
13029
12571
10238
13073
12953
13025
10739
12596
13500
13585
11862
13957
13196
12623
12284
11840
13382
13033
12749
9452
12356
12860
10488
13506
12826
12927
10575
12899
13079
12817
12233
13540
13499
13389
11870
10850
13731
13829
12511
11140
11599
13279
9384
12698
12929
12097
10976
12513
12801
13544
11157
13485
13792
13466
10936
11808
13385
13499
12773
8241
12298
12602
10436
13528
13104
12665
8149
13557
13258
13573
11733
13495
13108
13611
12560
11703
13760
13473
12333
10218
12614
12285
10076
12789
13138
12994
9753
12705
12740
13314
11711
13555
13959
13514
12629
11834
13664
12966
11968
11344
12116
12859
10502
12836
13722
12996
9795
12824
13296
13627
11919
13530
13747
12769
12694
12345
13578
12464
12317
8246
11724
12746
10195
13672
13373
12759
9176
12984
12956
12470
11210
13610
13396
13638
11749
12070
13610
13559
12679
10241
11611
12928
10624
12133
12974
13334
7434
13388
13159
12978
10759
13357
13539
13466
11711
11122
13550
13175
12438
10439
12964
12566
10966
12504
13485
12875
9000
12640
13599
13192
11245
13497
12688
13403
12330
11684
13305
13604
12178
9161
11220
13140
11017
13135
13185
12213
9589
13597
13436
12928
11901
12889
13501
13632
11792
11917
13136
13461
11655
9608
12348
12718
10975
13486
13031
13161
9249
13105
13058
12825
11676
13863
13170
13305
12517
11733
13634
13380
12213
10357
12233
12754
11536
13330
13499
13279
9512
13535
13586
12726
11439
13232
13378
13416
11411
11510
13626
13112
12757
10668
12890
12856
11025
12710
12940
12814
9918
12763
13008
12863
11178
13541
13572
13689
12512
11989
13675
13426
11851
10346
11373
12505
10843
13285
13950
12559
9149
12906
13542
13748
11697
13869
13228
13197
11477
10725
13264
13395
12645
11341
12136
12846
10178
13440
13533
13423
10066
13000
12996
12622
12243
13491
13501
13431
12176
11790
13726
13777
11863
11191
11454
11204
11426
12100
13232
13584
9138
13277
13491
12412
11250
13445
13312
13339
11240
11107
13714
13085
12405
11863
12294
13061
10097
13341
13831
13129
9739
12852
13272
13447
11686
13509
13593
13567
11799
11615
13252
13822
12346
10648
11884
12410
10502
12648
13448
11787
8823
13008
13547
13496
11848
13419
12710
13566
11620
12041
13352
13063
12053
11615
11785
12245
11203
13488
13506
12715
9946
13482
13449
13157
11769
13363
13235
13749
12969
12008
13715
13525
11907
11473
11793
12494
11016
13500
13789
13310
10157
13073
13496
13862
11431
13016
13592
13539
12289
11735
13912
13200
12597
10767
13028
12830
11213
12848
13333
12567
9575
13026
13990
13063
11701
13851
13605
13521
12578
11196
13887
13815
11767
10995
12104
13110
10097
13312
13206
12795
9269
11980
13419
13591
11237
13798
13535
13256
12155
11615
13752
13464
12785
10804
11876
12641
11602
13088
13725
12544
9994
12651
13581
13746
11522
13598
13079
13447
12434
10018
13752
13253
12471
9311
12248
12681
10905
13128
12190
12766
9490
12704
13618
13444
11873
13606
13289
12809
12088
11347
13874
13070
11738
11217
11686
12307
11618
13340
13111
13233
9863
13256
13196
13603
11124
13733
13696
13113
11511
11173
13684
13719
12933
12023
12714
13197
9911
13409
13271
13228
8333
13669
13686
13495
10489
13887
13298
13472
10887
11414
13774
13773
12690
11201
11468
11371
9866
12702
13463
13383
7664
13204
12805
13801
11364
13471
13749
13504
12637
12236
13442
13368
12110
11460
12329
12564
11488
12809
13729
12341
10599
13278
13686
13972
12206
13921
13529
13028
12431
11840
13553
12791
11534
11455
12103
12846
11489
12897
13431
13181
9076
13108
13806
13506
11919
13425
13182
13586
12954
11359
13774
13816
12434
11245
11713
13032
11393
13621
13192
13056
9048
13357
13651
13377
11860
13773
13150
13278
11757
11334
13237
13789
12829
10425
12028
12538
11257
13211
13179
12929
9815
13403
13156
13369
12418
13363
13399
13622
12768
12670
13553
13472
11629
10796
12456
12716
11473
13322
13017
13025
10406
13350
13147
13730
11788
13656
13301
13512
12544
11746
13536
13212
11805
11552
12091
12701
10380
13525
13283
12978
10083
13159
13612
13254
11949
13575
13740
13302
12157
11815
13732
13565
12386
11511
11691
13179
11054
12972
13246
12906
9903
12993
13585
13654
12428
13518
13633
13362
12224
12133
13803
13829
12836
11785
12011
12246
11477
13299
13411
12988
9543
13568
13756
13938
10589
13763
13388
13556
12986
11539
13898
13393
12192
10324
11498
12443
10489
13359
13508
13342
8515
13586
13562
13666
12080
13748
13493
13749
12781
11057
13927
13593
12597
10782
12673
13015
10869
13144
13363
12981
9746
13210
13712
13391
12183
13330
13803
13850
11815
11764
13924
13259
12269
10005
12184
12736
10026
13131
13458
13066
10432
13308
13845
13811
12177
13551
13719
13396
12689
11468
13703
12400
12772
9713
12821
12578
10283
13795
13467
12970
8984
13036
13650
12559
12052
13778
13441
13211
12328
11358
13994
13599
12100
11375
11696
12960
10471
12610
13419
12719
9028
12713
13556
12378
11523
13687
13484
12675
12102
11285
13195
12764
11610
9652
12336
12932
10267
13146
12528
12252
9243
13558
13282
13393
12092
13392
12735
13584
12764
11476
13798
13435
12128
11006
12631
12993
11552
13476
13456
12937
9827
12796
13816
13302
12364
13038
13553
13973
12156
12069
13323
13424
11616
11195
