-25626.0
-30366.0
-17705.0
-25437.0
-15967.0
-23058.0
-38786.0
-18165.0
-9406.0
-23841.0
-15739.0
-22804.0
-17380.0
-16723.0
-21264.0
-16326.0
-19707.0
-11547.0
-21680.0
-28743.0
-20897.0
-15409.0
-17287.0
-21124.0
-19908.0
-15719.0
-18828.0
-15687.0
-29046.0
-23638.0
-18958.0
-17466.0
-29978.0
-9504.0
-13138.0
-17927.0
-25442.0
-17699.0
-18079.0
-23859.0
-9863.0
-12772.0
-17630.0
-21306.0
-13064.0
-16892.0
-30444.0
-12729.0
-9937.0
-16795.0
-17360.0
-11988.0
-23282.0
-15926.0
-7003.0
-22188.0
-19174.0
-10250.0
-10880.0
-16924.0
-18684.0
-10507.0
-11684.0
-21584.0
-23135.0
-22699.0
-11907.0
-6041.0
-19016.0
-18891.0
-14150.0
-15729.0
-14113.0
-19599.0
-21835.0
-11503.0
-18267.0
-19249.0
-20881.0
-17889.0
-13065.0
-24187.0
-17708.0
-12516.0
-10699.0
-8924.0
-17190.0
-12237.0
-11305.0
-15102.0
-10135.0
-23820.0
-9482.0
-27023.0
-14595.0
-9913.0
-19163.0
-16400.0
-9087.0
-17552.0
-25740.0
-24442.0
-26979.0
-14152.0
-13544.0
-10720.0
-16183.0
-13273.0
-13070.0
-9578.0
-17936.0
-7666.0
-13657.0
-11633.0
-23350.0
-21306.0
-8197.0
-9163.0
-13355.0
-14694.0
-9940.0
-15888.0
-12575.0
-7355.0
-10086.0
-15879.0
-13158.0
-8611.0
-21823.0
-17160.0
-19812.0
-10960.0
-20274.0
-17175.0
-5720.0
-8645.0
-21592.0
-9867.0
-8088.0
-13969.0
-9597.0
-9499.0
-11353.0
-17151.0
-8309.0
-5605.0
-14359.0
-10156.0
-10843.0
-18482.0
-14387.0
-13867.0
-13568.0
-14474.0
-13262.0
-9025.0
-15194.0
-5868.0
-8672.0
-9585.0
-14749.0
-6814.0
-5884.0
-8157.0
-15478.0
-20390.0
-7851.0
-4804.0
-14455.0
-14056.0
-7818.0
-9520.0
-12993.0
-11821.0
-4231.0
-8918.0
-15227.0
-4484.0
-12995.0
-10584.0
-13457.0
-11134.0
-9257.0
-7779.0
-5607.0
-5462.0
-9773.0
-9822.0
-6415.0
-10310.0
-5393.0
-3623.0
-7304.0
-9233.0
-8531.0
-5949.0
-13470.0
-8706.0
-2935.0
-12847.0
-6539.0
-8854.0
-13188.0
-5599.0
-9599.0
-10847.0
-11901.0
-12206.0
-4918.0
-5287.0
-6675.0
-6929.0
-4544.0
-9059.0
-6588.0
-16422.0
-4386.0
-4114.0
-11668.0
-3677.0
-9107.0
-2717.0
-6257.0
-6355.0
-5256.0
-7263.0
-5892.0
-6535.0
-13166.0
-7247.0
-11169.0
-12959.0
-6438.0
-10336.0
-5931.0
-5168.0
-6262.0
-10263.0
-5894.0
-7363.0
-4335.0
-6688.0
-6811.0
-12716.0
-6366.0
-4339.0
-9034.0
-4385.0
-6886.0
-7680.0
-8635.0
-2378.0
-12669.0
-6699.0
-6285.0
-10264.0
-8039.0
-8730.0
-6039.0
-5249.0
-12871.0
-5765.0
-4182.0
-4307.0
-3244.0
-11255.0
-2872.0
-4876.0
-6164.0
-11215.0
-5746.0
-5168.0
-8686.0
-6442.0
-5377.0
-9022.0
-6333.0
-5803.0
-14963.0
-9049.0
-6213.0
-6840.0
-11077.0
-5520.0
-2474.0
-4753.0
-11184.0
-5967.0
-5404.0
-3658.0
-5071.0
-6184.0
-3121.0
-8957.0
-3753.0
-8586.0
-11296.0
-4909.0
-5436.0
-4438.0
-8523.0
-12160.0
-14629.0
-7428.0
-3868.0
-5923.0
-5807.0
-7265.0
-4656.0
-4120.0
-6774.0
-6215.0
-3430.0
-7288.0
-8139.0
-3286.0
-3970.0
-2471.0
-6395.0
-6400.0
-4101.0
-4375.0
-4530.0
-7892.0
-1592.0
-3343.0
-6292.0
-1661.0
-12800.0
-5552.0
-4596.0
-6678.0
-4466.0
-5818.0
-2516.0
-3161.0
-5895.0
-3173.0
-2165.0
-4771.0
-1914.0
-5564.0
-2937.0
-6159.0
-2775.0
-5071.0
-3954.0
-10585.0
-3949.0
-5827.0
-11819.0
-3529.0
-6355.0
-3325.0
-1994.0
-3068.0
-6492.0
-2302.0
-5877.0
-4612.0
-4988.0
-3015.0
-727.0
-3262.0
-4555.0
-5025.0
-1885.0
-908.0
-3079.0
-5172.0
-2409.0
-4069.0
-2815.0
-3427.0
-1517.0
-3931.0
-3559.0
-3843.0
-6908.0
-5664.0
-4784.0
-13000.0
-7144.0
-1243.0
-2027.0
-1199.0
-4621.0
-3840.0
-1676.0
-2829.0
-3479.0
-2160.0
-1901.0
-4463.0
-1273.0
-4589.0
-4412.0
-4673.0
-1034.0
-4836.0
-2720.0
-3670.0
-6545.0
-2294.0
-2225.0
-3893.0
-5756.0
-1927.0
-1032.0
-981.0
-6212.0
-869.0
-1791.0
-2677.0
-1918.0
-5904.0
-427.0
-2078.0
-3632.0
-3680.0
-2689.0
173.0
-2690.0
-1271.0
-3406.0
-1496.0
-1972.0
-2249.0
-4987.0
-4214.0
-2283.0
-6842.0
-3877.0
-936.0
-43.0
-62.0
-1265.0
-819.0
-470.0
-3903.0
-2528.0
-3703.0
-4457.0
-2756.0
-2708.0
-4200.0
-2677.0
-3773.0
-1019.0
-1141.0
-4277.0
-4554.0
-10790.0
-1636.0
-3955.0
-24.0
-4699.0
264.0
-5274.0
-2634.0
-2370.0
-362.0
-1316.0
-2706.0
-2904.0
-2840.0
-2743.0
-548.0
-2091.0
-3340.0
-1934.0
-1339.0
-3034.0
-3525.0
-1213.0
-2075.0
-2445.0
-646.0
-2742.0
341.0
-3080.0
-3655.0
-3214.0
-310.0
-803.0
-707.0
-2284.0
-780.0
-4572.0
-1828.0
-784.0
-1259.0
-2766.0
-1016.0
386.0
-2654.0
-995.0
-1926.0
-5460.0
-2866.0
-2563.0
-1941.0
-2584.0
-1037.0
-1978.0
-1092.0
-1782.0
-4837.0
-1663.0
-978.0
-1357.0
-1768.0
-240.0
-1562.0
-3103.0
-5161.0
348.0
-119.0
-3201.0
-2722.0
-1214.0
-2308.0
-2081.0
-796.0
-1070.0
-1961.0
-2659.0
-612.0
-4979.0
-1168.0
-1714.0
-2002.0
-1109.0
-1738.0
-950.0
-91.0
-2934.0
-2493.0
-864.0
-3311.0
-3863.0
-2502.0
-3047.0
-1610.0
-1136.0
-178.0
-4837.0
-3548.0
-2784.0
-6121.0
-2147.0
-4340.0
-2831.0
-2775.0
-1405.0
-2965.0
-5106.0
-1172.0
577.0
1054.0
-1815.0
-569.0
-1266.0
1217.0
-2887.0
-1768.0
1369.0
-383.0
-1389.0
-6151.0
-1881.0
-678.0
-586.0
-1806.0
-534.0
-1617.0
-960.0
-569.0
-2541.0
-1490.0
-3423.0
-3180.0
-2392.0
-1364.0
387.0
-3108.0
-2530.0
-3025.0
-2064.0
924.0
-1414.0
1845.0
610.0
-3117.0
-677.0
-2594.0
-3308.0
-2230.0
-910.0
-499.0
-4524.0
-1797.0
-2981.0
-749.0
793.0
-1114.0
-3430.0
20.0
1623.0
-2927.0
-1580.0
-422.0
-1351.0
-1302.0
-2648.0
-2370.0
821.0
1300.0
-1573.0
-919.0
-674.0
86.0
108.0
84.0
-925.0
-1694.0
125.0
-2474.0
-3627.0
-2508.0
-3320.0
-3685.0
-1468.0
-499.0
-2672.0
505.0
-2771.0
-2545.0
-2200.0
-3000.0
1260.0
1399.0
-1718.0
-583.0
960.0
-2073.0
-3400.0
-3571.0
-1595.0
-1811.0
-1573.0
-166.0
-1466.0
-317.0
1815.0
-79.0
-2433.0
-83.0
1013.0
1502.0
-1496.0
-166.0
-444.0
36.0
-353.0
-2449.0
598.0
678.0
-2079.0
-1283.0
-2959.0
-1835.0
-1223.0
-864.0
378.0
-3149.0
275.0
1306.0
-3688.0
-2146.0
-4293.0
-2610.0
-2088.0
-1414.0
1988.0
-740.0
-3192.0
-2571.0
1038.0
-2118.0
-267.0
1620.0
-814.0
-1713.0
-811.0
610.0
-5403.0
-1996.0
-324.0
-1339.0
-351.0
-1104.0
-88.0
-634.0
1572.0
-1623.0
-4107.0
378.0
-380.0
-815.0
-601.0
-1024.0
313.0
1568.0
-1290.0
-932.0
27.0
1231.0
-842.0
-1542.0
-470.0
-110.0
31.0
-585.0
-52.0
455.0
-75.0
1176.0
-507.0
-1084.0
-1230.0
-378.0
452.0
29.0
893.0
678.0
-134.0
-884.0
619.0
-7.0
-96.0
1563.0
-305.0
80.0
1385.0
-525.0
170.0
-477.0
-184.0
-667.0
-86.0
-460.0
-5.0
851.0
1552.0
109.0
-1486.0
494.0
1816.0
562.0
506.0
1406.0
166.0
2030.0
-173.0
-1846.0
-48.0
471.0
50.0
-540.0
-701.0
1331.0
-2975.0
-59.0
223.0
-232.0
166.0
-136.0
-1095.0
-18.0
-919.0
-1304.0
-120.0
352.0
1557.0
922.0
-436.0
-241.0
1590.0
-297.0
-1077.0
1936.0
-1481.0
-2262.0
1640.0
1694.0
-1588.0
-381.0
2034.0
102.0
-506.0
14.0
-204.0
496.0
506.0
279.0
-1270.0
592.0
1931.0
478.0
-755.0
638.0
1024.0
788.0
139.0
-1130.0
1302.0
1866.0
-21.0
-1293.0
-627.0
-941.0
131.0
-427.0
262.0
-1295.0
246.0
-904.0
-1163.0
53.0
-1195.0
-351.0
-1041.0
-886.0
1785.0
1828.0
-390.0
-719.0
282.0
1688.0
1738.0
890.0
-1177.0
334.0
1825.0
794.0
100.0
191.0
1211.0
-132.0
-489.0
456.0
-1404.0
-156.0
-1454.0
-237.0
-557.0
138.0
1163.0
-1288.0
262.0
922.0
1299.0
-757.0
403.0
-760.0
324.0
554.0
-3323.0
-402.0
-1135.0
908.0
673.0
-350.0
546.0
165.0
1379.0
328.0
-495.0
500.0
-483.0
-894.0
399.0
784.0
1043.0
875.0
-1136.0
656.0
501.0
1630.0
713.0
1912.0
249.0
-382.0
1928.0
1669.0
248.0
-646.0
1179.0
1736.0
-434.0
905.0
21.0
1850.0
884.0
319.0
-929.0
256.0
1800.0
-266.0
79.0
371.0
757.0
410.0
-1374.0
-1276.0
-234.0
599.0
406.0
-136.0
-120.0
-217.0
1335.0
-600.0
556.0
-1070.0
-320.0
736.0
568.0
-430.0
-756.0
-1299.0
-1669.0
209.0
-823.0
1985.0
-1062.0
539.0
569.0
775.0
1569.0
1220.0
-850.0
477.0
1361.0
2067.0
640.0
219.0
1602.0
-208.0
-238.0
68.0
-489.0
234.0
737.0
-201.0
-780.0
60.0
1871.0
1672.0
-346.0
1880.0
1966.0
303.0
215.0
-1691.0
1762.0
1531.0
309.0
-59.0
314.0
619.0
932.0
-1294.0
482.0
-556.0
316.0
1374.0
208.0
694.0
-1522.0
-352.0
191.0
397.0
1707.0
650.0
-1732.0
194.0
1526.0
903.0
596.0
604.0
448.0
244.0
898.0
733.0
427.0
-462.0
1828.0
358.0
226.0
253.0
-350.0
1699.0
1076.0
784.0
-1731.0
1045.0
1939.0
388.0
552.0
1747.0
2058.0
842.0
-979.0
-178.0
1803.0
2044.0
110.0
-542.0
-758.0
1604.0
407.0
221.0
269.0
332.0
-316.0
435.0
-1744.0
410.0
-2802.0
-386.0
699.0
423.0
1631.0
458.0
164.0
420.0
816.0
1316.0
775.0
2268.0
444.0
-224.0
787.0
2138.0
1589.0
285.0
1394.0
51.0
-435.0
639.0
-416.0
592.0
2175.0
626.0
-3040.0
917.0
1996.0
604.0
679.0
717.0
1480.0
1178.0
-379.0
-296.0
2253.0
891.0
457.0
-718.0
-306.0
829.0
655.0
-529.0
325.0
202.0
503.0
753.0
-133.0
-590.0
-1463.0
-1564.0
685.0
602.0
885.0
19.0
-2158.0
301.0
870.0
1256.0
919.0
1930.0
485.0
1028.0
1974.0
2033.0
1648.0
495.0
2043.0
151.0
56.0
524.0
211.0
622.0
501.0
739.0
-2651.0
-154.0
873.0
853.0
1785.0
2075.0
1270.0
2017.0
199.0
-545.0
1753.0
2105.0
-770.0
180.0
-630.0
389.0
-473.0
379.0
166.0
-317.0
-163.0
439.0
-42.0
484.0
-626.0
-418.0
-351.0
1873.0
1762.0
2138.0
1302.0
253.0
-598.0
1336.0
1057.0
1489.0
133.0
287.0
1850.0
576.0
505.0
1190.0
1662.0
148.0
-1788.0
975.0
-108.0
924.0
1911.0
-6.0
-120.0
1930.0
1987.0
1823.0
629.0
2030.0
1439.0
1942.0
190.0
-32.0
1663.0
452.0
628.0
-418.0
-427.0
1055.0
1134.0
646.0
860.0
1168.0
-257.0
1011.0
-718.0
-198.0
-145.0
172.0
-102.0
-46.0
785.0
286.0
903.0
1616.0
1189.0
891.0
2216.0
2168.0
-65.0
-773.0
1461.0
1608.0
-1572.0
36.0
1380.0
-699.0
1456.0
-667.0
-1540.0
53.0
2059.0
-339.0
-377.0
2106.0
775.0
1383.0
929.0
2272.0
1907.0
698.0
414.0
849.0
546.0
2192.0
332.0
-58.0
157.0
2005.0
-1092.0
-428.0
587.0
489.0
-185.0
751.0
90.0
366.0
-1167.0
-914.0
768.0
1170.0
1433.0
1564.0
6.0
729.0
967.0
1690.0
1462.0
2104.0
47.0
993.0
2070.0
1918.0
1208.0
-1516.0
1596.0
1625.0
504.0
-160.0
-1267.0
-396.0
613.0
625.0
-1167.0
1854.0
1975.0
2072.0
1097.0
2232.0
1824.0
706.0
951.0
-1740.0
2152.0
2318.0
-1940.0
858.0
252.0
1904.0
-1200.0
-587.0
-1880.0
-881.0
-726.0
1405.0
919.0
-647.0
233.0
1028.0
-1487.0
-1545.0
1945.0
1637.0
-1919.0
1202.0
1439.0
1676.0
1867.0
-1998.0
-1774.0
582.0
2146.0
2262.0
921.0
240.0
1587.0
1038.0
-194.0
-1842.0
-2434.0
-1574.0
2264.0
1340.0
-2607.0
1737.0
1132.0
1605.0
1048.0
1310.0
1977.0
2035.0
255.0
-630.0
2160.0
974.0
-220.0
-1685.0
-25.0
-114.0
574.0
-1069.0
943.0
-172.0
231.0
515.0
-116.0
961.0
-521.0
-900.0
796.0
1196.0
1987.0
1886.0
745.0
695.0
16.0
1447.0
2123.0
2168.0
459.0
589.0
2158.0
609.0
627.0
646.0
2188.0
540.0
-328.0
648.0
702.0
1984.0
-129.0
1355.0
-348.0
106.0
2117.0
1935.0
-730.0
2110.0
2014.0
-9.0
-643.0
-955.0
1787.0
1366.0
432.0
-385.0
-525.0
2260.0
1197.0
398.0
906.0
342.0
-2004.0
393.0
996.0
478.0
-851.0
-1348.0
328.0
1950.0
2211.0
2144.0
-13.0
621.0
965.0
1996.0
855.0
2270.0
377.0
422.0
1507.0
1965.0
1122.0
388.0
1299.0
491.0
-488.0
450.0
181.0
1325.0
598.0
881.0
-1269.0
59.0
2180.0
643.0
540.0
1070.0
1529.0
2055.0
1006.0
477.0
2103.0
2020.0
261.0
567.0
-443.0
1331.0
1112.0
-849.0
647.0
459.0
-376.0
1201.0
238.0
-317.0
439.0
677.0
937.0
303.0
2231.0
2087.0
93.0
516.0
167.0
1299.0
343.0
2203.0
-221.0
691.0
2190.0
1051.0
353.0
1069.0
1714.0
683.0
325.0
1177.0
-1069.0
1037.0
1329.0
724.0
183.0
2090.0
2240.0
-246.0
-195.0
-991.0
250.0
1563.0
145.0
-1735.0
2124.0
2111.0
-107.0
-602.0
658.0
2124.0
1609.0
133.0
1184.0
-398.0
-122.0
143.0
1043.0
-320.0
-1941.0
-33.0
-1050.0
1618.0
1917.0
1777.0
793.0
1296.0
1536.0
1805.0
2120.0
1423.0
1247.0
1257.0
2050.0
2316.0
1180.0
-244.0
-60.0
172.0
1088.0
-732.0
-2323.0
2093.0
1801.0
1979.0
-623.0
1219.0
1436.0
2066.0
-545.0
2238.0
2115.0
384.0
105.0
-636.0
2090.0
1884.0
-1370.0
-762.0
-368.0
2035.0
-1888.0
-277.0
1308.0
-320.0
-822.0
-106.0
780.0
-35.0
-178.0
-1072.0
-733.0
1232.0
2000.0
2114.0
-127.0
-922.0
1355.0
-520.0
1382.0
2165.0
-78.0
909.0
1439.0
605.0
-657.0
603.0
-116.0
-113.0
160.0
1028.0
-963.0
112.0
1553.0
1420.0
-649.0
2090.0
1208.0
2068.0
857.0
816.0
122.0
2055.0
-1021.0
668.0
167.0
1705.0
254.0
-47.0
-1863.0
2077.0
1338.0
-1530.0
1044.0
1236.0
-331.0
175.0
-1349.0
25.0
-2846.0
-1877.0
-769.0
1884.0
1809.0
17.0
230.0
812.0
1245.0
-272.0
1792.0
-60.0
-194.0
1743.0
2107.0
1561.0
1772.0
-175.0
1578.0
1838.0
385.0
1274.0
-3564.0
1525.0
-1436.0
1644.0
-1342.0
-122.0
1706.0
2118.0
-763.0
1408.0
2198.0
-303.0
687.0
-2352.0
1969.0
2149.0
-925.0
214.0
-1360.0
511.0
674.0
-1268.0
409.0
621.0
79.0
699.0
226.0
1138.0
-596.0
-366.0
1055.0
1563.0
1714.0
1662.0
257.0
49.0
739.0
1345.0
1976.0
2336.0
-237.0
692.0
2223.0
2190.0
320.0
-754.0
234.0
880.0
-379.0
1099.0
-331.0
1277.0
2004.0
1467.0
-1264.0
573.0
2057.0
788.0
1058.0
-252.0
1570.0
1689.0
1013.0
-936.0
1810.0
636.0
389.0
-994.0
-667.0
1035.0
1643.0
-308.0
93.0
53.0
-536.0
1098.0
-97.0
45.0
-1221.0
-1277.0
1536.0
744.0
2191.0
1887.0
-976.0
390.0
-135.0
1537.0
-432.0
2172.0
582.0
1566.0
2164.0
1937.0
276.0
-477.0
-96.0
1920.0
817.0
1361.0
470.0
1972.0
1526.0
342.0
-2446.0
-171.0
2075.0
15.0
-345.0
-1082.0
-39.0
2006.0
-4.0
527.0
248.0
821.0
1159.0
732.0
-1125.0
2177.0
1657.0
478.0
1192.0
1204.0
-698.0
1552.0
-929.0
-718.0
351.0
135.0
-46.0
224.0
480.0
2013.0
944.0
185.0
22.0
853.0
2166.0
2242.0
1007.0
858.0
2152.0
2145.0
1055.0
37.0
2198.0
554.0
1260.0
1395.0
-229.0
2113.0
1723.0
2128.0
-2706.0
451.0
2071.0
722.0
-509.0
2072.0
877.0
1665.0
165.0
822.0
2272.0
2258.0
1128.0
-66.0
505.0
1321.0
1711.0
-1874.0
628.0
1354.0
-239.0
-607.0
1164.0
532.0
-1010.0
1232.0
781.0
517.0
1371.0
657.0
1208.0
846.0
1385.0
1258.0
2123.0
1697.0
266.0
988.0
2239.0
1736.0
-108.0
892.0
1765.0
396.0
453.0
1066.0
805.0
1242.0
2228.0
1198.0
-1901.0
335.0
521.0
1825.0
-111.0
640.0
2229.0
605.0
112.0
-923.0
2136.0
2240.0
-700.0
-286.0
301.0
1974.0
-116.0
1399.0
-167.0
-414.0
936.0
1467.0
1220.0
1343.0
-61.0
1192.0
1015.0
1683.0
-383.0
270.0
-2879.0
-1326.0
-563.0
746.0
1430.0
2218.0
-672.0
-1313.0
-547.0
-470.0
-1225.0
-1626.0
2209.0
-272.0
-612.0
-436.0
-724.0
2007.0
2206.0
1641.0
-1376.0
1309.0
2136.0
2090.0
433.0
766.0
2204.0
1644.0
156.0
136.0
2232.0
2241.0
796.0
750.0
446.0
1311.0
1560.0
-414.0
87.0
1573.0
-335.0
628.0
957.0
518.0
29.0
1230.0
95.0
299.0
1836.0
1824.0
1053.0
209.0
609.0
761.0
2197.0
2355.0
1.0
1250.0
2250.0
1317.0
1269.0
-106.0
1665.0
-853.0
-1046.0
967.0
-2977.0
-666.0
-254.0
-29.0
-1161.0
2013.0
1172.0
2143.0
-141.0
1537.0
1900.0
2248.0
948.0
-864.0
1681.0
1519.0
1111.0
-251.0
1136.0
1560.0
1705.0
1032.0
1778.0
-539.0
118.0
160.0
1273.0
294.0
-844.0
-1347.0
1396.0
809.0
2058.0
-515.0
-772.0
1101.0
1593.0
-65.0
1817.0
2336.0
-591.0
1278.0
1981.0
2121.0
-586.0
-1317.0
-825.0
1835.0
1148.0
-1318.0
-1280.0
2126.0
2061.0
-827.0
-2449.0
1860.0
2014.0
1460.0
-627.0
2076.0
1963.0
2244.0
-578.0
1124.0
164.0
2181.0
-900.0
-1801.0
-1650.0
2046.0
-1388.0
-3686.0
-1337.0
-1111.0
-1201.0
-1077.0
-910.0
-704.0
-1166.0
-591.0
1726.0
458.0
2243.0
1814.0
408.0
1127.0
1505.0
724.0
1597.0
170.0
926.0
-1252.0
2275.0
2246.0
1726.0
-443.0
1865.0
850.0
969.0
2024.0
-8.0
2163.0
595.0
1496.0
-5.0
939.0
2045.0
1492.0
567.0
1740.0
2096.0
1660.0
-1463.0
34.0
2262.0
1606.0
-637.0
834.0
-1920.0
2174.0
1929.0
-2872.0
-1634.0
373.0
-3458.0
1651.0
-243.0
-958.0
95.0
-1374.0
1500.0
-1672.0
2138.0
2134.0
321.0
-1003.0
809.0
2075.0
1714.0
2101.0
-789.0
634.0
1770.0
2268.0
2001.0
500.0
1862.0
1846.0
-1808.0
556.0
-212.0
729.0
1727.0
1183.0
-519.0
588.0
2217.0
1460.0
582.0
1788.0
1724.0
1205.0
-321.0
-736.0
1219.0
1136.0
339.0
801.0
606.0
2125.0
1802.0
790.0
403.0
546.0
701.0
739.0
326.0
265.0
-1624.0
-539.0
1737.0
593.0
1606.0
1890.0
164.0
1254.0
799.0
1418.0
1637.0
2108.0
360.0
1205.0
1828.0
1585.0
1945.0
516.0
1861.0
1492.0
1017.0
511.0
-1442.0
166.0
664.0
1370.0
-384.0
-397.0
2003.0
1773.0
668.0
1689.0
645.0
75.0
1113.0
-1213.0
1727.0
1270.0
686.0
-157.0
99.0
2003.0
1618.0
63.0
1195.0
-146.0
316.0
767.0
-3622.0
246.0
-1124.0
1310.0
1440.0
1672.0
2208.0
2149.0
-378.0
444.0
1348.0
1636.0
363.0
2045.0
1325.0
1527.0
2150.0
2125.0
1990.0
708.0
2013.0
1451.0
942.0
1418.0
-892.0
1591.0
1706.0
1598.0
-852.0
896.0
1858.0
-129.0
388.0
2159.0
726.0
2236.0
1270.0
-1135.0
1608.0
755.0
-907.0
-139.0
1243.0
1413.0
1904.0
-1600.0
1280.0
-260.0
905.0
1503.0
1311.0
-508.0
429.0
-1068.0
-1093.0
-1618.0
2269.0
-92.0
-1379.0
-1518.0
1773.0
1760.0
-1144.0
-942.0
-807.0
-859.0
1828.0
1692.0
2005.0
-977.0
-929.0
-1351.0
-305.0
-512.0
-2293.0
-381.0
-1236.0
2153.0
-1589.0
-292.0
2316.0
1613.0
187.0
1788.0
-1389.0
2222.0
21.0
-528.0
1619.0
1645.0
-618.0
519.0
1177.0
1978.0
1445.0
-751.0
-328.0
1101.0
559.0
-50.0
1164.0
-561.0
-2755.0
704.0
1695.0
-1331.0
-475.0
2027.0
-1580.0
-711.0
976.0
2213.0
80.0
1804.0
503.0
1592.0
1714.0
2154.0
1565.0
-24.0
1848.0
-104.0
-122.0
1449.0
-392.0
1340.0
262.0
1379.0
-61.0
-1807.0
1792.0
1548.0
1349.0
263.0
1828.0
1722.0
1161.0
-1928.0
2226.0
1762.0
1204.0
-257.0
-251.0
1640.0
1833.0
-1378.0
773.0
1275.0
-1766.0
1526.0
-404.0
1584.0
339.0
388.0
446.0
1734.0
2269.0
2205.0
-76.0
456.0
606.0
126.0
1584.0
972.0
550.0
942.0
775.0
2159.0
239.0
-305.0
1965.0
1896.0
58.0
1683.0
-463.0
1879.0
2192.0
1919.0
226.0
10.0
1719.0
-190.0
305.0
177.0
256.0
543.0
1790.0
-787.0
1342.0
404.0
-657.0
-676.0
-39.0
2166.0
1942.0
-843.0
-827.0
1391.0
-513.0
-465.0
-651.0
-458.0
-189.0
814.0
1761.0
-115.0
429.0
1903.0
-1315.0
1383.0
1555.0
339.0
1502.0
681.0
74.0
786.0
2006.0
2244.0
922.0
-74.0
715.0
1611.0
1071.0
1339.0
44.0
1341.0
534.0
1993.0
140.0
561.0
1697.0
1650.0
879.0
1771.0
1696.0
1525.0
1214.0
266.0
1238.0
588.0
1338.0
-118.0
-337.0
2214.0
77.0
361.0
-47.0
370.0
29.0
250.0
-677.0
349.0
216.0
-318.0
98.0
872.0
2158.0
1872.0
-221.0
-284.0
763.0
1788.0
691.0
2255.0
502.0
1624.0
2198.0
2270.0
1961.0
182.0
2226.0
664.0
1192.0
1529.0
-833.0
1450.0
250.0
122.0
530.0
654.0
2182.0
-268.0
-331.0
2267.0
2001.0
2180.0
-298.0
-550.0
2182.0
815.0
480.0
-13.0
927.0
1542.0
263.0
871.0
498.0
1622.0
18.0
1431.0
473.0
1615.0
-120.0
819.0
1265.0
1590.0
2040.0
1930.0
1569.0
404.0
286.0
1579.0
1466.0
2137.0
477.0
1543.0
2226.0
1557.0
945.0
1535.0
2204.0
486.0
1657.0
1022.0
249.0
1528.0
1341.0
2154.0
-625.0
859.0
2267.0
1633.0
513.0
2284.0
2160.0
1490.0
1215.0
-140.0
190.0
307.0
433.0
-315.0
18.0
1535.0
1292.0
-1160.0
1744.0
1548.0
32.0
1333.0
-180.0
639.0
439.0
694.0
1449.0
1527.0
1898.0
690.0
770.0
-220.0
1619.0
1610.0
761.0
2060.0
-213.0
1581.0
1992.0
2271.0
1482.0
-453.0
1829.0
2049.0
-928.0
286.0
-332.0
1701.0
161.0
-305.0
7.0
-776.0
2215.0
2019.0
-472.0
-726.0
858.0
2247.0
1269.0
-2621.0
1806.0
1727.0
-209.0
-444.0
1139.0
1579.0
913.0
-251.0
843.0
1489.0
-66.0
1625.0
-197.0
-19.0
-800.0
927.0
668.0
381.0
2059.0
843.0
1325.0
1487.0
1601.0
559.0
1764.0
932.0
-265.0
1471.0
1878.0
1743.0
1170.0
-749.0
-3195.0
1431.0
277.0
1533.0
-18.0
1840.0
2152.0
1874.0
52.0
226.0
2131.0
1547.0
71.0
1891.0
2026.0
2185.0
-842.0
-89.0
1086.0
1860.0
-1022.0
-1812.0
-1359.0
-929.0
-2698.0
-998.0
-1400.0
-623.0
-588.0
995.0
-922.0
-196.0
-1355.0
-952.0
-116.0
1890.0
2181.0
546.0
198.0
882.0
1022.0
1403.0
1582.0
756.0
-557.0
808.0
1807.0
975.0
633.0
834.0
987.0
826.0
1036.0
1076.0
252.0
1494.0
2243.0
1939.0
299.0
2175.0
1476.0
670.0
1262.0
515.0
803.0
2221.0
1150.0
-1786.0
1596.0
415.0
104.0
548.0
1013.0
2189.0
1595.0
-3424.0
174.0
283.0
1122.0
1584.0
1174.0
566.0
-410.0
910.0
-80.0
-207.0
1924.0
2036.0
-601.0
733.0
665.0
1872.0
637.0
1963.0
-78.0
419.0
1029.0
2178.0
553.0
141.0
989.0
1651.0
496.0
1693.0
-621.0
1726.0
1986.0
1690.0
-364.0
601.0
1912.0
1805.0
335.0
1747.0
2110.0
1105.0
269.0
-148.0
1847.0
1818.0
33.0
365.0
427.0
1833.0
2007.0
-490.0
728.0
-84.0
-41.0
-716.0
-1626.0
719.0
-1204.0
765.0
1858.0
747.0
2138.0
2149.0
-3140.0
1353.0
1756.0
2018.0
1816.0
2142.0
-197.0
-585.0
2023.0
660.0
1229.0
-18.0
-225.0
1265.0
-678.0
-401.0
12.0
-1689.0
2199.0
343.0
-1302.0
361.0
324.0
1673.0
231.0
1907.0
1972.0
355.0
224.0
-247.0
1656.0
393.0
710.0
307.0
255.0
1645.0
564.0
-355.0
359.0
126.0
127.0
725.0
414.0
511.0
684.0
497.0
611.0
576.0
1004.0
778.0
54.0
1471.0
1787.0
613.0
1681.0
770.0
656.0
424.0
974.0
444.0
1519.0
258.0
2259.0
1653.0
682.0
1387.0
-148.0
1839.0
1784.0
1870.0
-41.0
703.0
2188.0
697.0
-39.0
1730.0
703.0
2143.0
653.0
340.0
784.0
881.0
-601.0
-419.0
1386.0
1805.0
359.0
-436.0
-189.0
846.0
-238.0
1440.0
-2743.0
141.0
-796.0
676.0
1477.0
571.0
2004.0
515.0
-306.0
1431.0
938.0
82.0
2152.0
491.0
157.0
744.0
2313.0
1789.0
1440.0
-98.0
898.0
2071.0
1175.0
1472.0
-609.0
1699.0
1002.0
19.0
-104.0
-689.0
1009.0
2143.0
366.0
1036.0
847.0
2027.0
1300.0
-961.0
1746.0
1938.0
725.0
601.0
1418.0
1666.0
926.0
-739.0
1336.0
-146.0
1363.0
1456.0
-461.0
652.0
872.0
-132.0
1897.0
2206.0
1910.0
2093.0
456.0
1408.0
676.0
1013.0
1844.0
941.0
474.0
1352.0
689.0
1763.0
74.0
-901.0
1953.0
-625.0
1371.0
1527.0
-1241.0
1725.0
2163.0
-580.0
-2411.0
-1488.0
2060.0
-1006.0
-732.0
-1207.0
-267.0
2105.0
1535.0
-2371.0
235.0
441.0
-1077.0
-206.0
231.0
2162.0
254.0
176.0
460.0
-406.0
-575.0
1519.0
102.0
104.0
631.0
660.0
537.0
248.0
2233.0
2278.0
-187.0
686.0
477.0
2171.0
598.0
727.0
385.0
1777.0
1807.0
2213.0
1223.0
299.0
2046.0
1283.0
1348.0
611.0
-98.0
1793.0
788.0
836.0
-757.0
470.0
2227.0
1776.0
476.0
1953.0
512.0
1795.0
949.0
-3341.0
1633.0
354.0
1759.0
80.0
-368.0
1498.0
2014.0
765.0
8.0
468.0
76.0
1695.0
1050.0
628.0
166.0
505.0
1336.0
754.0
2048.0
1936.0
729.0
1319.0
1498.0
2101.0
662.0
2123.0
358.0
1728.0
2212.0
1832.0
1666.0
697.0
955.0
1592.0
1238.0
1617.0
551.0
1796.0
2206.0
2128.0
847.0
776.0
1036.0
852.0
574.0
2208.0
645.0
687.0
1396.0
-1103.0
2252.0
926.0
-2302.0
622.0
1301.0
1920.0
802.0
523.0
1550.0
704.0
640.0
771.0
574.0
976.0
-88.0
771.0
287.0
-134.0
2314.0
135.0
237.0
1453.0
1591.0
1724.0
1948.0
2363.0
414.0
1881.0
2006.0
2229.0
2128.0
241.0
2197.0
2063.0
805.0
1654.0
-923.0
1774.0
1874.0
413.0
-25.0
227.0
1926.0
2077.0
907.0
2250.0
1982.0
1963.0
-59.0
-688.0
2274.0
2248.0
567.0
-307.0
1307.0
2123.0
1582.0
160.0
94.0
1405.0
411.0
1488.0
-459.0
529.0
43.0
1561.0
1524.0
1038.0
1978.0
2256.0
773.0
775.0
1555.0
666.0
2232.0
1689.0
664.0
1439.0
2194.0
2256.0
1980.0
1617.0
1914.0
1616.0
1102.0
1458.0
-114.0
1477.0
2240.0
1724.0
-561.0
472.0
1772.0
2124.0
564.0
2263.0
2250.0
922.0
1343.0
-113.0
1918.0
1779.0
15.0
615.0
1355.0
2171.0
811.0
87.0
1674.0
1293.0
489.0
1661.0
264.0
602.0
1080.0
396.0
1794.0
724.0
2271.0
2161.0
-375.0
1575.0
1670.0
1817.0
2220.0
2225.0
659.0
1301.0
2251.0
1307.0
1133.0
1272.0
1897.0
1319.0
1982.0
1451.0
-216.0
1461.0
981.0
1848.0
-352.0
2160.0
992.0
2238.0
891.0
2151.0
2256.0
1876.0
977.0
-29.0
1819.0
2275.0
1959.0
78.0
804.0
1745.0
1426.0
-729.0
1276.0
1707.0
-639.0
34.0
-304.0
-527.0
716.0
-2950.0
-1133.0
-804.0
2080.0
2130.0
-1065.0
-161.0
-211.0
-1268.0
2164.0
-607.0
-9.0
-201.0
2183.0
737.0
587.0
294.0
2055.0
520.0
42.0
1396.0
-161.0
1923.0
1866.0
896.0
-916.0
927.0
1681.0
830.0
540.0
2241.0
1146.0
1140.0
1393.0
861.0
2228.0
2040.0
595.0
-685.0
1423.0
856.0
1213.0
960.0
1375.0
1459.0
-1504.0
2091.0
-326.0
270.0
503.0
-594.0
1728.0
1020.0
1344.0
1942.0
-1066.0
664.0
1801.0
16.0
2223.0
755.0
423.0
770.0
1830.0
1798.0
767.0
590.0
2033.0
1563.0
1139.0
1514.0
491.0
1786.0
1394.0
1054.0
-621.0
797.0
693.0
991.0
557.0
232.0
1099.0
1942.0
124.0
92.0
1764.0
2345.0
519.0
555.0
1546.0
2172.0
1321.0
1067.0
827.0
1521.0
337.0
1054.0
-771.0
462.0
296.0
933.0
134.0
1365.0
925.0
1577.0
-98.0
1519.0
687.0
1943.0
607.0
931.0
769.0
1090.0
1913.0
2220.0
1582.0
1048.0
1607.0
1873.0
1801.0
1451.0
90.0
1599.0
-196.0
1366.0
-126.0
680.0
1553.0
1863.0
1622.0
1924.0
1877.0
930.0
1044.0
902.0
1597.0
1438.0
346.0
457.0
798.0
2093.0
1777.0
560.0
197.0
1470.0
699.0
1308.0
-356.0
1673.0
937.0
498.0
1308.0
1733.0
2278.0
2284.0
596.0
1206.0
1499.0
2155.0
671.0
1542.0
1021.0
1813.0
1782.0
1173.0
510.0
1170.0
2286.0
454.0
1649.0
673.0
636.0
1496.0
2300.0
2179.0
-558.0
1736.0
2263.0
822.0
1575.0
809.0
1126.0
1083.0
1386.0
496.0
1723.0
1751.0
-339.0
481.0
1036.0
1611.0
1415.0
149.0
1275.0
1027.0
1302.0
1708.0
572.0
1531.0
300.0
1043.0
1292.0
1190.0
2021.0
2240.0
461.0
1339.0
1723.0
1807.0
1732.0
559.0
1197.0
1238.0
1978.0
2349.0
1436.0
263.0
2227.0
1445.0
768.0
1561.0
916.0
-239.0
540.0
1527.0
-850.0
273.0
396.0
2202.0
1567.0
2250.0
597.0
821.0
1035.0
566.0
1514.0
1744.0
454.0
348.0
589.0
2207.0
1500.0
-407.0
345.0
1351.0
-619.0
1743.0
266.0
747.0
1470.0
1106.0
1980.0
1769.0
1967.0
1896.0
-7.0
707.0
1367.0
1064.0
1992.0
1699.0
686.0
1302.0
2273.0
1795.0
2067.0
-354.0
1868.0
672.0
1695.0
1587.0
-67.0
1689.0
1372.0
1024.0
167.0
393.0
1906.0
1051.0
542.0
953.0
1103.0
2273.0
1225.0
119.0
1919.0
1072.0
991.0
549.0
-85.0
1807.0
2007.0
628.0
1455.0
1440.0
271.0
1753.0
1522.0
844.0
1005.0
240.0
599.0
892.0
2292.0
1051.0
558.0
1339.0
1879.0
1836.0
634.0
2187.0
-25.0
136.0
1924.0
2319.0
589.0
495.0
2093.0
2007.0
1820.0
1866.0
-720.0
1736.0
1960.0
1805.0
758.0
1217.0
1828.0
1838.0
780.0
2118.0
2044.0
2218.0
1395.0
318.0
1859.0
2225.0
1223.0
389.0
1331.0
1683.0
-350.0
66.0
-37.0
973.0
463.0
1911.0
1465.0
857.0
1100.0
459.0
1367.0
1263.0
2134.0
2235.0
551.0
1713.0
1848.0
1627.0
1981.0
2220.0
940.0
1200.0
2120.0
1787.0
1424.0
843.0
1704.0
1727.0
1491.0
1591.0
-259.0
1859.0
1806.0
1693.0
835.0
1642.0
1899.0
41.0
121.0
2049.0
2101.0
2242.0
1032.0
426.0
901.0
1913.0
1289.0
-151.0
1443.0
1961.0
1737.0
906.0
747.0
1689.0
1197.0
703.0
175.0
527.0
-674.0
-285.0
846.0
649.0
1721.0
674.0
414.0
799.0
1823.0
2147.0
2039.0
2205.0
451.0
1620.0
2205.0
1826.0
935.0
1193.0
2194.0
1789.0
1878.0
761.0
505.0
1753.0
1849.0
1300.0
720.0
1686.0
1963.0
2106.0
997.0
2136.0
1981.0
2388.0
695.0
159.0
2265.0
2100.0
465.0
475.0
229.0
2163.0
1877.0
524.0
720.0
1951.0
1615.0
1423.0
579.0
783.0
1252.0
636.0
1893.0
978.0
974.0
1269.0
81.0
950.0
955.0
2232.0
2212.0
1213.0
785.0
1255.0
2288.0
2253.0
2077.0
698.0
730.0
1442.0
1183.0
1408.0
-405.0
1842.0
2270.0
1425.0
687.0
1391.0
2246.0
2187.0
882.0
2189.0
2158.0
946.0
1527.0
-428.0
1600.0
1382.0
1028.0
487.0
1458.0
1784.0
1658.0
996.0
1674.0
1829.0
-213.0
1005.0
524.0
832.0
1419.0
758.0
1819.0
903.0
1104.0
2280.0
-5711.0
1499.0
844.0
1095.0
1884.0
997.0
683.0
1416.0
1942.0
1660.0
1513.0
297.0
2223.0
685.0
1505.0
1354.0
691.0
1613.0
955.0
1572.0
134.0
1303.0
1006.0
2141.0
951.0
2210.0
1786.0
1027.0
656.0
879.0
1811.0
2273.0
1264.0
591.0
1582.0
1663.0
1418.0
77.0
1594.0
1354.0
1420.0
2103.0
-518.0
714.0
-536.0
746.0
1627.0
1881.0
2062.0
2127.0
1234.0
676.0
852.0
1767.0
2171.0
2084.0
516.0
486.0
2251.0
2175.0
1779.0
337.0
2054.0
207.0
1583.0
1903.0
250.0
1671.0
1973.0
873.0
333.0
1506.0
1872.0
2205.0
500.0
2227.0
1738.0
1904.0
1555.0
131.0
1888.0
994.0
-447.0
540.0
-2002.0
1791.0
1008.0
14.0
570.0
1241.0
205.0
810.0
501.0
853.0
642.0
672.0
-3303.0
1101.0
1974.0
1547.0
66.0
372.0
1555.0
1440.0
1989.0
1827.0
394.0
1972.0
1900.0
2280.0
1683.0
239.0
1825.0
1603.0
210.0
1425.0
846.0
1845.0
2149.0
2030.0
1026.0
698.0
2210.0
1769.0
1769.0
2241.0
2225.0
2188.0
26.0
1121.0
2231.0
1864.0
717.0
388.0
388.0
2178.0
1508.0
1811.0
1063.0
-37.0
88.0
1661.0
-583.0
1635.0
975.0
407.0
720.0
1727.0
2278.0
2147.0
-2727.0
1383.0
1688.0
1365.0
1857.0
1481.0
954.0
1890.0
1985.0
1779.0
2043.0
230.0
1401.0
1907.0
1336.0
1458.0
439.0
1680.0
1769.0
1578.0
398.0
1750.0
1784.0
1685.0
624.0
871.0
1991.0
1784.0
1267.0
-203.0
1896.0
2159.0
568.0
201.0
198.0
1726.0
1976.0
1921.0
467.0
1145.0
309.0
929.0
288.0
1605.0
150.0
1192.0
1909.0
1763.0
1976.0
1820.0
1101.0
744.0
761.0
2035.0
1927.0
2101.0
688.0
1979.0
1991.0
2277.0
1666.0
1409.0
2113.0
1840.0
1486.0
1809.0
264.0
1866.0
2059.0
1816.0
-35.0
1148.0
2150.0
1029.0
726.0
2097.0
2137.0
2278.0
1582.0
349.0
2276.0
995.0
-892.0
442.0
557.0
2223.0
2118.0
-248.0
-480.0
1909.0
296.0
1830.0
1089.0
584.0
1460.0
135.0
1699.0
1304.0
2165.0
2121.0
1074.0
1820.0
1656.0
2063.0
1885.0
2222.0
1142.0
714.0
1070.0
2235.0
1339.0
366.0
2129.0
1616.0
1484.0
1900.0
-1413.0
-1532.0
2271.0
1981.0
926.0
1504.0
2117.0
1917.0
-631.0
707.0
1668.0
2130.0
-54.0
96.0
2031.0
2055.0
1377.0
455.0
-63.0
2012.0
-444.0
540.0
512.0
1974.0
-2341.0
1775.0
259.0
757.0
1024.0
1281.0
525.0
711.0
2235.0
704.0
276.0
1784.0
1797.0
2254.0
-1216.0
2428.0
558.0
789.0
2274.0
1823.0
1610.0
902.0
1652.0
321.0
1491.0
193.0
463.0
1712.0
2300.0
1740.0
123.0
1738.0
1536.0
773.0
709.0
966.0
2195.0
2259.0
549.0
189.0
904.0
720.0
813.0
391.0
-501.0
2252.0
952.0
1419.0
384.0
1209.0
685.0
1402.0
-3996.0
899.0
-446.0
-324.0
1805.0
1735.0
2290.0
2272.0
510.0
633.0
874.0
2202.0
744.0
2242.0
1342.0
2072.0
910.0
1807.0
2103.0
14.0
1500.0
2027.0
967.0
1615.0
337.0
-1290.0
2254.0
1843.0
-821.0
2210.0
-913.0
963.0
506.0
630.0
1745.0
2326.0
-2117.0
420.0
1751.0
1055.0
197.0
643.0
603.0
2161.0
787.0
1046.0
830.0
1422.0
798.0
654.0
606.0
814.0
1270.0
-341.0
1811.0
797.0
2207.0
1578.0
422.0
727.0
909.0
2117.0
941.0
2143.0
634.0
691.0
990.0
1897.0
695.0
1309.0
695.0
753.0
1432.0
1545.0
426.0
1871.0
2072.0
2101.0
-204.0
1523.0
2235.0
1804.0
861.0
1098.0
2096.0
2256.0
1567.0
806.0
1858.0
2207.0
1479.0
1233.0
679.0
2164.0
2186.0
868.0
564.0
1443.0
1413.0
1650.0
378.0
1454.0
991.0
1577.0
1663.0
1666.0
2176.0
1954.0
248.0
1644.0
1686.0
1697.0
2165.0
2150.0
333.0
1193.0
2356.0
1800.0
1469.0
1754.0
2012.0
905.0
1730.0
1589.0
715.0
1709.0
1781.0
1936.0
-257.0
719.0
1805.0
2126.0
967.0
2170.0
2298.0
1996.0
521.0
532.0
1113.0
968.0
428.0
-80.0
1080.0
2153.0
1834.0
1382.0
1478.0
1357.0
1523.0
1460.0
423.0
1569.0
1472.0
854.0
1812.0
1780.0
2107.0
1954.0
1192.0
1518.0
1660.0
1086.0
988.0
2364.0
567.0
1830.0
1108.0
1772.0
747.0
747.0
1922.0
1531.0
1552.0
1591.0
513.0
1782.0
923.0
1580.0
703.0
1845.0
525.0
911.0
745.0
1784.0
2087.0
1855.0
1189.0
1017.0
1839.0
1942.0
377.0
713.0
844.0
1709.0
1946.0
1970.0
1509.0
1095.0
1887.0
1595.0
1138.0
1772.0
1205.0
674.0
1763.0
1749.0
2008.0
1994.0
-1193.0
1549.0
1504.0
1008.0
1931.0
924.0
1609.0
1770.0
1724.0
1635.0
690.0
951.0
1942.0
1346.0
409.0
1421.0
764.0
1652.0
1008.0
2211.0
88.0
1383.0
1770.0
2232.0
796.0
2230.0
1954.0
2064.0
1285.0
607.0
1743.0
2079.0
1545.0
-156.0
277.0
1469.0
1851.0
412.0
556.0
1367.0
1648.0
633.0
988.0
843.0
390.0
-5251.0
752.0
676.0
642.0
1703.0
95.0
1436.0
847.0
1983.0
1800.0
2077.0
654.0
1367.0
1088.0
1801.0
1420.0
1322.0
1918.0
838.0
1490.0
1536.0
137.0
1683.0
2246.0
1844.0
215.0
1973.0
1732.0
785.0
1433.0
1862.0
1995.0
2160.0
1437.0
925.0
1081.0
1118.0
1165.0
602.0
1246.0
2130.0
1774.0
787.0
933.0
1119.0
-897.0
1871.0
598.0
864.0
922.0
1297.0
1764.0
947.0
2089.0
2080.0
672.0
266.0
961.0
1830.0
781.0
1180.0
756.0
1803.0
1077.0
2299.0
1890.0
1478.0
2168.0
1950.0
1573.0
1607.0
165.0
1847.0
2119.0
1056.0
-1132.0
804.0
2239.0
770.0
747.0
980.0
1859.0
2300.0
1375.0
877.0
1857.0
1068.0
1314.0
760.0
559.0
1756.0
1627.0
-92.0
1063.0
360.0
1261.0
839.0
1168.0
925.0
801.0
949.0
1945.0
1800.0
2180.0
2025.0
1363.0
1465.0
1873.0
1774.0
1034.0
2374.0
928.0
1937.0
1006.0
1830.0
1741.0
1166.0
2286.0
1875.0
1094.0
1641.0
1399.0
1701.0
643.0
2198.0
105.0
1789.0
1802.0
1682.0
925.0
1890.0
2255.0
2276.0
488.0
721.0
1672.0
1951.0
856.0
590.0
1537.0
1674.0
1890.0
1939.0
1561.0
1552.0
2058.0
1743.0
379.0
967.0
895.0
779.0
1801.0
1816.0
1885.0
1974.0
548.0
1599.0
1795.0
1930.0
1805.0
2170.0
1556.0
1877.0
1851.0
897.0
1846.0
1265.0
1858.0
1642.0
1771.0
1656.0
1161.0
1036.0
2046.0
1971.0
579.0
1310.0
1802.0
2118.0
672.0
898.0
2090.0
2014.0
1423.0
109.0
1674.0
990.0
277.0
543.0
804.0
2165.0
1606.0
1771.0
259.0
1266.0
371.0
1606.0
1457.0
925.0
1357.0
898.0
603.0
884.0
2122.0
2103.0
576.0
786.0
1694.0
1663.0
2125.0
668.0
1636.0
1948.0
1958.0
2184.0
1869.0
1486.0
2022.0
2051.0
939.0
1653.0
26.0
1876.0
1827.0
1912.0
990.0
1774.0
1797.0
1922.0
1669.0
2232.0
2031.0
983.0
1422.0
521.0
2285.0
1827.0
761.0
174.0
986.0
1862.0
1746.0
1087.0
942.0
1316.0
1202.0
1839.0
1279.0
156.0
-249.0
761.0
197.0
1891.0
2161.0
2006.0
1430.0
1553.0
897.0
2077.0
737.0
2074.0
1313.0
1720.0
2261.0
1871.0
1965.0
1196.0
2114.0
612.0
1804.0
1656.0
-186.0
1720.0
2194.0
1939.0
-69.0
1499.0
1976.0
792.0
832.0
1097.0
1552.0
787.0
1724.0
-801.0
833.0
1320.0
16.0
655.0
590.0
2168.0
2027.0
1195.0
812.0
1514.0
945.0
467.0
1446.0
818.0
237.0
1330.0
1936.0
1431.0
2203.0
1597.0
1182.0
1220.0
1462.0
1931.0
944.0
2256.0
1531.0
1586.0
2272.0
2270.0
1733.0
1231.0
1540.0
1569.0
1092.0
1706.0
1129.0
1765.0
2163.0
1760.0
-511.0
1607.0
1679.0
2130.0
411.0
2168.0
1989.0
2237.0
1474.0
-2803.0
2226.0
2181.0
1370.0
418.0
464.0
2179.0
2137.0
939.0
444.0
1487.0
1214.0
1925.0
1189.0
789.0
1482.0
95.0
387.0
884.0
2122.0
1468.0
-2587.0
1679.0
833.0
1946.0
2165.0
1734.0
872.0
1494.0
2261.0
1818.0
1765.0
499.0
2272.0
1936.0
288.0
1748.0
-15.0
49.0
1686.0
2210.0
-341.0
1373.0
2079.0
2246.0
732.0
2160.0
1504.0
2174.0
940.0
424.0
1826.0
2252.0
922.0
532.0
459.0
2181.0
2074.0
1192.0
1875.0
1131.0
2104.0
1758.0
1063.0
1323.0
1429.0
1648.0
1414.0
2136.0
2195.0
2211.0
-855.0
1286.0
1369.0
2199.0
2151.0
2286.0
1380.0
1518.0
2272.0
2210.0
2113.0
658.0
2231.0
2122.0
1396.0
2117.0
364.0
1808.0
738.0
1919.0
302.0
2169.0
2193.0
2132.0
460.0
2205.0
853.0
1988.0
1396.0
679.0
1910.0
1061.0
630.0
147.0
469.0
399.0
1638.0
1134.0
495.0
1353.0
706.0
775.0
-170.0
422.0
-850.0
-298.0
708.0
562.0
2014.0
1881.0
536.0
626.0
2048.0
1900.0
2224.0
2085.0
603.0
939.0
2190.0
1065.0
1181.0
923.0
1121.0
1695.0
1616.0
1506.0
894.0
1771.0
2239.0
1933.0
593.0
2134.0
1718.0
2112.0
552.0
2130.0
2064.0
2281.0
1059.0
1308.0
1939.0
1929.0
1564.0
551.0
1532.0
2122.0
1995.0
1823.0
621.0
1741.0
710.0
1785.0
486.0
635.0
1192.0
1661.0
1649.0
1573.0
2133.0
2040.0
-3929.0
1766.0
-3098.0
1979.0
2076.0
2290.0
-2077.0
1703.0
2250.0
1906.0
1527.0
976.0
2267.0
-1002.0
1470.0
1599.0
-184.0
1656.0
1997.0
1034.0
-176.0
708.0
2087.0
2110.0
755.0
2210.0
1095.0
1956.0
-4769.0
-10.0
1907.0
817.0
76.0
534.0
709.0
398.0
1898.0
537.0
-98.0
1472.0
420.0
1743.0
650.0
793.0
-291.0
91.0
1915.0
997.0
1311.0
2260.0
619.0
1682.0
1307.0
2191.0
1834.0
2159.0
900.0
1780.0
2041.0
1143.0
2014.0
709.0
1343.0
1605.0
1203.0
-4296.0
-316.0
1841.0
1945.0
1393.0
-477.0
1221.0
1116.0
2154.0
951.0
2150.0
2100.0
2063.0
454.0
-3177.0
-4429.0
1126.0
642.0
453.0
657.0
1007.0
2008.0
1184.0
1778.0
1673.0
447.0
657.0
724.0
967.0
-737.0
120.0
1710.0
778.0
2298.0
2002.0
756.0
170.0
590.0
943.0
708.0
2159.0
828.0
1875.0
1132.0
1823.0
947.0
1108.0
1996.0
1436.0
623.0
395.0
386.0
939.0
2128.0
508.0
560.0
1234.0
-4557.0
1035.0
663.0
951.0
1948.0
2095.0
576.0
1170.0
1112.0
1032.0
1387.0
562.0
269.0
1077.0
1893.0
212.0
1173.0
156.0
1073.0
1800.0
474.0
940.0
391.0
460.0
1481.0
1017.0
1949.0
1282.0
1287.0
644.0
793.0
1524.0
1064.0
2183.0
554.0
989.0
1117.0
-4190.0
963.0
-1039.0
1281.0
954.0
-1549.0
888.0
797.0
1006.0
1048.0
1188.0
266.0
2061.0
700.0
971.0
786.0
1014.0
1293.0
1449.0
679.0
869.0
2193.0
2016.0
806.0
600.0
1323.0
1096.0
978.0
1236.0
1224.0
963.0
1092.0
1959.0
650.0
792.0
601.0
395.0
545.0
1159.0
1926.0
2251.0
440.0
1532.0
1836.0
1945.0
1034.0
1552.0
826.0
1378.0
1162.0
1097.0
925.0
550.0
2166.0
707.0
1591.0
790.0
-7217.0
1775.0
1933.0
992.0
-568.0
975.0
2084.0
846.0
718.0
1986.0
1967.0
2028.0
750.0
-4829.0
1004.0
1083.0
-170.0
820.0
642.0
1091.0
1859.0
1881.0
-1745.0
1456.0
1590.0
585.0
550.0
988.0
853.0
195.0
1239.0
741.0
2256.0
2250.0
678.0
339.0
926.0
1903.0
956.0
1909.0
780.0
922.0
1139.0
365.0
1630.0
903.0
2089.0
1796.0
