-5062
-4897
-8690
1035
32
-29
-6779
1116
3026
201
-6185
2547
3493
306
-217
-3318
1411
4105
-2497
-5588
-6071
2335
-5701
-678
-1213
1285
-6693
84
-1271
3142
-695
4091
-4252
417
-2053
-1893
2511
3346
-3342
-6302
-5708
-2127
-9558
-4761
2353
-419
-4209
-2207
-222
-317
-7707
134
-2450
1228
1088
-4965
146
1724
-4014
-3006
-2668
-1011
-499
-704
-2098
1967
-5903
-3355
2065
3233
2492
2803
-23
-660
-2435
-5867
2884
4541
-2305
-4822
-1386
601
-5127
4624
1873
3966
-4246
-634
2626
2649
-1605
3337
1753
1933
-2209
-5290
2454
5434
-951
-2171
-2026
-1683
-3288
2954
3791
427
-7012
-1213
-1136
5040
336
5382
6195
2898
-633
-2447
4556
3837
-3467
-2400
-2832
330
-6631
973
1227
1601
754
-618
2147
3977
-4333
3376
1711
916
3049
-3481
6043
7233
-4511
-3155
-2860
3517
-5074
3413
-725
1384
-8242
3628
1060
3861
-5650
5059
6048
1136
-2645
-932
5039
3301
-1653
2216
-4747
209
-8940
2138
3056
2699
-5481
1505
2156
1852
-3866
3319
2534
-269
-1064
308
4064
179
1019
270
-597
-748
-4120
4145
380
-498
-1438
-856
4638
4861
-1963
-1051
3189
5437
-139
-6861
2189
3313
-703
-7063
-1140
2115
-1410
3500
3235
1590
548
-3093
1018
5975
-2696
6476
4552
3011
-1306
-3035
-1363
3362
443
-1369
1297
393
-5814
3446
3918
-711
-3878
2811
4678
3206
-2684
-3371
2375
4813
-221
-1209
3576
2562
-2336
-1719
-1023
2390
-6921
-151
796
2085
-5918
324
192
1003
-3451
208
-644
1989
-3420
-1336
6152
5014
244
-4962
-2482
-432
-6107
3189
687
5399
-4315
-1523
3134
2027
1815
4917
1917
2686
4155
-3417
181
5505
1063
-4166
-1146
2826
-3623
6200
4235
2350
184
6990
5147
1477
892
7407
1820
2620
-82
-6544
7726
5575
1703
-584
-293
1647
-4638
3060
3518
3367
-5828
-236
680
7088
2258
5224
3397
1906
3986
-1671
-1675
7440
-930
-997
980
1468
915
5170
5468
784
5167
2969
7750
7265
-2584
7703
8347
4242
-6229
-338
8976
5103
554
-2008
-482
-119
-1529
382
4959
1740
522
4005
8484
2443
664
5588
7660
5003
1630
-5002
8764
7022
-392
-3721
2053
3907
-1699
3690
1657
6471
-4492
4637
3930
3191
-1782
3168
5009
5317
-447
-2148
2545
5815
1557
2449
1044
2077
-4475
2216
6278
5345
-4477
1467
5980
10240
776
5904
4695
4994
3186
67
9256
6486
682
-2373
-361
1179
-8954
4524
2856
4650
-2905
1559
7586
5254
506
7247
7157
5095
872
3234
5735
8108
1100
-22
-537
3090
-1442
4733
6856
5126
-2287
3423
3479
4291
1235
4451
4360
8789
-827
-3520
4061
5290
-2060
27
1345
5621
-8212
4916
3463
1746
-2355
971
9123
5214
-207
8107
8226
6274
-3322
-3784
4526
6183
869
-1465
1948
3798
-5294
4744
6821
5234
-402
7070
2517
8053
-1162
9840
6333
5004
4774
-3951
7065
6222
42
-3518
2897
4639
-2421
6660
5486
5437
2888
6257
2936
6269
1997
6781
8233
8385
-560
-1335
8105
8973
436
814
1701
1659
-5561
4430
6052
8624
1701
7039
9714
7582
1164
7623
5814
10045
1559
-4339
7450
6921
1995
22
2782
5433
-4673
4266
8509
6405
3229
4500
5879
6051
819
8568
4686
3332
5772
2248
6758
8404
-38
2371
1717
2390
-4511
5515
6009
4124
-1484
6655
3386
10020
2880
6160
6355
6154
3776
-2424
6268
7469
551
-3085
2391
4062
-4153
4300
10586
7133
-1564
6068
7523
7175
2236
5632
6688
7119
3376
-650
6925
7051
3054
-978
2862
5639
-2708
-169
6631
4459
-741
6272
7143
5582
2997
7380
5812
6758
2736
37
10077
8644
3582
-1733
3548
4827
-6916
7199
8442
6825
398
6437
6548
4978
4647
8074
1855
3229
4944
534
8795
8535
2610
2545
3080
2769
-4956
4253
7793
6856
-4640
6373
8600
5172
6080
8670
7582
7922
3384
-897
6815
6006
-1874
-5354
-876
2802
-809
1909
5195
9030
-2217
3273
4532
5497
-696
9008
4908
8050
2761
574
8067
8695
-390
1780
3926
690
855
6220
2797
2963
338
5619
5779
6263
2346
8637
8832
3514
5179
-5069
7408
5938
-1724
3551
3187
1834
-4770
7141
2885
5744
2099
6032
6347
8055
-855
8210
8797
7514
2021
2624
6714
7580
2235
-2713
2887
3520
640
4396
6461
7571
2868
4729
8291
8871
1177
8647
10660
7129
2434
-1670
7132
9552
1816
1474
702
4661
2018
4512
3611
10120
444
7107
5055
6040
5827
8749
6224
6945
3473
688
7488
8275
5506
3026
4516
5655
4557
7631
7617
6588
2834
6969
6922
4468
5565
6127
9232
7756
999
2517
9753
10147
2450
-1151
2195
5449
72
9594
8011
6828
1321
6167
9621
4255
-753
7149
8762
8716
1481
4215
5623
6519
3709
1666
6082
2852
-98
4949
4589
5712
1878
6350
9164
6879
-3631
8303
7688
7130
1200
912
8469
8675
-949
2175
4612
6628
-2129
2643
7767
4815
2239
7217
3554
10177
2816
6033
9631
8203
-1005
4887
9005
9041
1913
2224
4497
7110
-3179
5422
6538
4681
3176
5789
6381
5216
4796
7644
9681
11028
1725
1426
6894
5297
4363
2098
3896
3650
-5226
7410
5861
5390
1176
8862
9152
3668
4016
7571
7236
7605
6760
2880
7422
7475
2516
4519
4774
4852
-4542
6972
7550
5753
59
5942
7907
6842
-146
6173
8765
9572
6068
-3498
7887
6636
3720
4236
5131
5888
-30
9256
6388
5380
2029
7452
7444
6946
1136
7341
5651
9342
4809
4510
11166
4691
4515
3099
1686
4436
-1336
8742
8783
7967
-318
6101
9789
7154
-344
5103
4731
8386
2024
-2140
8390
6511
1945
5464
6308
6106
103
5467
10604
6151
-295
3003
6674
7381
1551
8670
9378
6063
4441
6238
4659
5949
660
410
2305
5145
3156
8771
4488
6116
2175
8296
7329
6282
927
10064
10528
10824
7234
170
9456
9842
8827
3951
3466
5687
529
7698
8472
7539
-1600
7643
8544
4931
2574
5638
6671
6269
1403
2255
10301
8605
6673
1128
7393
4975
-3757
8935
8271
7193
1690
7783
6659
8353
2266
5717
8391
7182
8426
3356
8544
9350
5051
2057
3903
5260
2002
9344
7472
7273
2233
8715
7128
6919
5240
5245
7821
7710
7050
2078
7593
8720
6768
-2803
4854
2407
2262
2825
8358
9255
-1300
7310
9560
5007
4144
9074
8182
7949
6543
940
6343
8610
8221
4510
2258
7586
2830
6369
6952
7329
-5751
6773
6767
3190
4920
7464
4612
5692
7321
1758
5192
7177
6097
3153
815
7902
-2990
7515
8223
4848
4125
3380
7383
5724
4213
6802
5188
9086
5301
2744
7479
6337
4663
1451
5828
9329
-2006
4907
7159
4029
986
7491
6207
8862
3313
9628
9386
10043
3058
2244
8337
9105
3849
1185
3144
2954
1102
6425
4722
7623
-1226
9882
6719
6625
5080
7680
7938
8263
975
3018
10239
7019
5682
2373
4726
7134
-1228
7640
11256
7939
-2022
9133
7651
4843
2260
7450
10503
7560
2791
5003
6748
8274
7846
2133
2888
3343
2071
8828
10117
7733
-1564
4878
4518
6103
3444
6115
7979
9666
3720
4253
5179
10068
2542
2594
4344
3858
4260
9678
7515
4688
3742
3695
6409
6160
2865
4648
5768
6624
7335
2939
11627
9083
2017
5388
4005
8456
-1611
8190
4425
7252
-1811
7896
8221
7266
3439
5496
7549
5566
9263
-156
10651
9172
1289
2136
6278
5548
-748
7289
8584
5442
3206
5396
8480
7488
2055
10439
8123
8619
6793
3414
10137
8098
1124
-2189
4600
4537
2900
6920
10329
5351
689
7850
9213
8203
4384
9600
10488
6340
2928
1850
7079
8937
4953
4517
6269
8978
-1638
9658
1186
7966
1003
8840
8830
9655
5299
10642
8074
7180
4934
4356
9018
10152
6022
4025
5555
7050
-2195
6524
3442
4546
603
7539
11145
7539
1704
8013
9225
7475
6230
5046
9927
9892
4439
4589
1658
10507
-3853
7038
9750
9297
-1013
8623
5955
9520
3422
9269
8730
8099
4092
3614
9410
10745
6296
-25
3684
1472
124
9137
7234
6979
2637
7683
9777
4681
3786
9178
7872
8036
4557
3284
10371
8119
-396
671
2802
6266
-3058
8881
7155
6728
2781
6326
6999
8342
5054
9158
9618
8047
6218
2395
10549
7591
5143
5145
-1475
5680
642
11243
9801
6779
-5082
9444
7019
7667
174
9557
8115
8651
6283
-2402
9741
8794
5813
2151
5610
6947
1419
7077
5346
7502
2750
5818
10456
6686
3282
2603
9762
5703
4502
4716
10623
7669
3761
918
8332
8990
113
7568
10835
7812
309
7464
5287
8489
5322
8927
8533
6935
4415
3569
9590
8748
6075
2452
3459
7816
4351
8265
6152
7131
-283
7654
10901
6899
3796
9764
6335
8823
6551
7436
9453
5666
5938
4393
4263
8219
2650
9235
9398
9090
2192
8184
9559
9193
5839
8854
7754
4486
6199
4219
9418
8197
4369
1705
4406
7641
2365
7621
7103
6984
5045
9815
7032
9316
3369
7825
5223
7859
4348
5965
6268
8264
6040
5262
1584
7425
4245
8522
7215
9979
965
7808
7735
8569
7615
9053
9884
8908
6548
5555
8393
10473
7960
4455
3600
7457
2680
5349
8336
6877
2803
7987
5657
10168
8105
4884
9524
8938
3681
3610
9783
9255
8719
3557
-1638
5376
-2135
3847
10391
7955
3002
9425
4762
7036
6234
6144
8770
7822
8838
6060
7576
7328
7985
-2408
2402
4073
6238
6494
7636
7245
5338
7790
7601
5242
7042
3989
8723
9147
4511
2956
8884
9551
606
-1548
1896
6462
4327
9816
8754
8174
2355
6051
8354
8995
4618
9359
9903
7871
4756
-193
6992
9714
4403
1879
1127
3861
3692
7964
9562
9352
3564
7961
9185
7894
6060
10504
6478
8335
3638
3219
10433
9651
6282
3100
1548
4585
-1064
5064
9415
5802
-3630
6552
6452
7086
5699
5667
7245
9506
4818
1115
7156
5848
4559
1759
5207
9551
1556
5918
6240
8270
4494
7431
9105
6630
4163
8698
8003
9752
6176
4859
8070
7980
2564
4838
4640
5138
6367
8951
6264
8784
3127
8220
8933
8817
9493
9939
9369
10601
5984
7345
8662
8453
5834
4595
7675
8478
3916
6728
7377
11006
-1637
7635
6063
5944
7548
7853
9425
9795
5074
1169
10090
9676
9218
5237
7129
9639
249
8141
6537
8979
5237
8681
7832
9905
7603
8052
9487
8057
6437
-885
9495
8034
7599
6503
7157
7704
-918
7297
9349
6589
2755
8944
10910
8103
3228
8691
8548
11203
9608
7702
8805
11190
7641
3172
6222
7565
3810
9211
8461
9859
3971
4387
8843
7620
4905
10730
11307
7633
7650
5236
6402
9764
7645
2819
3890
6810
1762
8388
8966
7833
-1739
6939
6053
6576
6089
7401
9626
9243
3663
3161
8657
9230
4986
1322
4855
6624
3864
8246
9031
8338
3040
6998
7060
8686
6635
6540
5556
8921
4522
1511
7605
6712
1463
4225
2695
6078
-2628
5456
5860
6969
1333
3636
7169
6112
5820
10718
7049
7803
1859
3826
8685
5484
6056
2234
1559
5684
-3906
6611
7891
8392
-1866
2383
7064
6344
6894
8693
7307
8717
2506
5656
4221
9261
6713
5279
3066
6747
4990
11045
8973
9424
1411
10040
8794
8195
5509
9364
11572
9859
6881
1428
9068
7780
8689
5324
2444
3408
-4239
9120
9550
9417
2562
9857
8388
8625
4848
6505
10920
9814
8001
339
9233
9295
6779
6166
1299
7022
-920
4823
7423
8902
-3962
10283
8870
6980
1696
10604
8320
8581
8550
6824
11274
10956
6579
5892
6493
7226
1013
8469
7063
8574
724
9356
9252
8324
899
9521
4027
10075
3427
2350
1587
8452
1467
6598
4689
5990
2298
8082
7022
9563
322
5098
7548
6391
3614
9302
7564
6862
6350
872
9380
6397
7983
1028
625
5617
4119
6676
5252
8407
-643
6683
8256
7337
3555
8430
9246
9575
3823
-971
8903
10132
1398
1127
2391
3797
-1968
4585
6044
6749
807
3966
9282
8909
4671
7301
4683
10037
3220
3600
6726
7305
1217
1739
4716
5496
2405
9735
10529
4480
2169
3668
9076
7282
4756
6377
7265
4953
2016
427
10093
6733
6129
4830
3110
5706
3795
9346
6093
7324
-598
8320
5380
10147
2903
9219
9147
10397
6274
1852
8557
7383
5135
3835
4533
6858
-928
9194
10502
8438
-142
6327
8663
10479
6409
6691
9323
9569
5278
-638
4541
9973
6491
2691
4548
4310
1531
8372
8888
8460
2266
7735
7584
4285
5489
5307
4261
9059
9168
2641
6179
10653
4349
4083
4076
2030
455
9088
10742
7535
4528
5889
-169
8523
3897
10471
8444
11041
6089
3997
9679
10610
6115
5063
2344
2225
50
5626
1099
8500
1043
7649
5301
5747
6491
10176
10961
9359
4039
6528
7219
8948
5979
-427
-1663
8026
2641
7430
10804
9316
3299
5994
9689
727
7221
10659
6869
5452
4894
-3215
9438
7843
2209
-4805
5574
5724
2842
4085
9266
7406
-1107
6226
8216
4544
7428
10198
8406
10484
8342
2585
9884
6096
5128
-3893
1107
3833
-736
4256
8738
7582
3640
7813
8454
7187
3231
6698
8804
4345
5183
2602
4560
7629
1567
1087
5130
7432
2124
7026
6960
9086
2753
6741
7695
7814
6897
6866
5280
10626
5134
-2147
7504
6986
2600
6447
4699
2723
-1921
8961
5874
7472
2518
7071
7930
4366
3795
7756
6435
3275
6238
6829
1495
9107
5597
5962
6939
5146
5381
5195
10027
7074
-2783
7105
6134
5171
4374
7746
9132
6415
6245
6332
9676
8436
5646
4497
5852
5874
-1423
7291
8384
8033
815
6161
6755
8610
5514
8867
4736
9079
1075
-2402
3699
6899
374
2397
3998
-95
3298
9600
8191
9406
-847
8638
7026
8239
1683
9055
10230
7008
2350
5236
5513
9541
3182
-669
5995
6977
2756
8095
6513
2862
-2073
6911
6445
5297
3445
6358
8618
6273
6923
1789
3256
7553
4624
4693
5912
7376
2698
6950
9908
7933
2909
8578
6909
6219
3779
6764
8351
8004
2639
3920
4242
10070
6078
4251
2401
8662
2150
10176
6330
6423
4520
3285
9022
3663
3771
3500
8820
8803
4498
4793
5246
7934
9560
259
4511
8048
-337
7695
8232
8314
5654
8949
6386
5984
4073
10698
8338
5145
5565
-492
7299
6770
7684
113
4801
6222
5391
7676
10149
8868
-1289
6660
5361
5251
7647
10327
9695
9427
5897
5470
9506
9478
5693
4609
5906
5303
2125
7467
3839
8350
2023
8056
9026
6494
1912
10687
2915
9996
8387
3470
6578
7166
4996
-2360
4649
8091
1434
9636
7027
4446
-1477
8097
8363
5546
6612
10290
6343
4526
7557
3470
8280
5887
8394
3903
6981
5191
-2102
6100
7069
9860
-2678
8583
7920
5761
4806
7475
8134
8416
3333
3949
8807
8827
8163
5066
1736
3613
-4112
4325
7694
6749
783
8045
9207
7286
5633
7749
4335
10416
2511
1260
8006
7899
5086
841
6625
6094
-4666
8037
5306
6658
1394
5720
5615
7780
3821
8455
9427
7549
6690
5620
8251
10834
-3380
4773
1800
2436
589
4093
7877
6790
-863
9609
7742
7188
6796
4235
8061
6327
8209
4073
10279
6488
5769
1276
3577
7011
3851
7489
9324
10089
-2131
6495
8530
8237
5215
8678
6336
7750
6110
2621
9628
7038
4961
1247
2565
8448
571
10597
9426
8831
1794
5705
6846
9307
6621
9467
9135
9025
4737
2950
7188
8018
5722
3443
6164
3805
2661
7802
6147
9671
3747
8294
8776
7447
7389
8426
8758
9603
1182
847
10548
6634
7473
308
1875
7481
99
7996
7376
5218
4674
6358
9631
8988
4999
8678
5477
8587
6586
3706
10039
11741
3193
3486
3301
7799
-3578
8527
9801
7067
6604
3965
9545
9047
4068
7380
10989
5784
2934
4902
8200
8393
8668
1250
3269
4507
1696
8102
9245
7775
3099
10115
6062
7364
3604
9102
6859
8303
5824
3563
6563
8682
5515
3820
7169
8659
2902
7352
8645
7204
2914
7186
9096
10289
6367
9770
9834
7713
2427
-1780
8573
9005
7408
2718
5496
4606
2765
8452
9721
9587
4159
9234
10097
7849
3283
7402
7363
9467
2173
-5058
8817
8143
6929
5908
5892
8591
-2800
7744
8919
7943
3747
4876
6567
9886
1837
7750
10551
7846
8372
4370
10384
10393
5988
4265
1371
6818
1507
7783
8267
8982
2016
8967
10516
9403
8214
7922
8438
9020
4717
3365
9487
8845
4419
4712
2670
8458
2930
3336
6689
8835
4997
8312
8151
7086
5828
8855
8838
10739
6966
2581
9237
8725
5174
1234
3955
8321
3519
7265
6081
9169
1807
7386
11238
7994
4657
7400
7491
6132
5390
1527
9284
9318
-814
4097
2765
6226
4190
7253
8827
9683
572
6931
9253
6635
4245
9402
8851
8055
7683
-11
9109
10454
8605
5125
2087
4024
183
9532
5320
7277
3223
7748
5789
7949
7302
9502
8034
5616
6349
5318
8637
9706
7468
57
6528
8806
4468
8001
5717
4966
1684
7013
8706
7220
1578
10527
4673
7573
6016
-2988
9063
8161
6573
3104
4659
7578
4469
9536
9233
8972
2019
8687
10886
5860
-316
8612
10453
8539
6640
5258
8834
9192
6187
3234
5646
7247
158
8400
6229
8116
-1214
5329
5055
9066
5303
5065
9160
10317
2771
4564
8893
8297
1671
6282
2730
5696
-2678
9732
7474
8305
5637
6419
7756
8156
4193
8569
6302
8433
6577
801
9780
2135
3410
3357
-1147
7912
-983
3993
7248
7518
3873
7190
9013
7966
9447
8939
8815
6430
7052
5154
9786
9076
4902
6002
2476
8901
3736
7316
8896
8603
1673
10104
11722
6799
3870
6214
5843
7720
4159
1498
7422
8028
5230
482
2586
8911
-2979
6585
7322
6574
1549
8415
8548
6401
3977
8916
9946
10013
6436
3164
9627
9707
7837
5017
6316
6137
8737
6073
9178
8824
3260
8349
8040
8371
3484
7088
10223
8081
6556
5315
8136
9110
8239
-460
8566
6205
3978
5268
10603
8143
1145
7851
11391
5665
1974
9093
7278
9057
7000
2489
8201
8203
5683
3440
5130
1874
2248
6266
8605
6648
1543
9194
7447
8338
3112
11837
10140
8278
6240
2958
8933
9159
7289
2288
2607
9988
-1177
9564
4552
7218
3505
8033
9088
8236
4022
10679
9358
7675
7281
1324
6973
7005
8111
287
2659
8687
-4380
10041
9356
4916
4288
3885
10697
3147
1245
8006
5251
8916
2749
3276
7506
5938
7567
5067
5948
6922
4781
7629
9842
9403
4598
7191
10321
7110
7731
8240
8996
6495
5249
1116
8231
11226
6147
453
7737
4803
-670
8377
9319
7184
-2899
8906
9859
8167
2573
9386
9639
9683
6479
5894
8950
9310
9027
5273
-3382
3825
2043
6013
7689
6254
1725
2871
9511
7416
6775
10365
11436
7585
4179
6923
8701
9657
4206
2332
4808
2884
997
6910
6941
7669
4046
6217
8341
10977
5776
8066
9374
8263
3759
6862
9216
9717
2334
2454
-988
7588
-4135
8585
6978
9560
5928
5018
7500
7056
4101
10590
9093
7443
4916
4408
3944
8939
4654
3694
4239
6860
2465
7973
10923
8862
5514
6641
5281
6177
5877
10155
8715
7298
2723
5611
9742
2665
5414
4524
5544
7868
-2291
5945
7901
9127
3014
10630
6707
8432
1608
6877
11182
9193
4469
783
4890
7349
6289
6216
5887
6840
2885
7682
7966
8453
6355
7385
6124
8705
4427
7625
7776
8095
5623
3990
10203
7904
7150
2454
2735
6682
3589
8487
6787
5687
1028
7535
7144
8432
5749
9475
9563
8713
4939
4043
9507
9061
6021
5083
5662
5476
2861
6872
10355
7732
2914
9619
10262
8352
4749
8233
7404
7670
6929
4811
7873
9492
4586
3571
5223
3876
5491
6135
6773
3779
6397
8861
9536
9979
2770
9194
5970
8043
5255
3289
10456
9920
5043
2027
6008
5660
6707
9767
10464
4100
-1860
7914
11374
7984
4655
7603
7657
6788
8714
4034
8691
9991
4267
-439
6018
3275
560
8504
7763
7515
172
2388
8436
8109
5818
9709
9748
7913
8657
8800
7629
8836
6165
2032
714
5529
5492
-89
9107
5795
6379
6875
5938
7239
3743
6834
9877
8179
7120
818
8193
8775
8001
3375
4399
5835
-615
9201
9596
8216
-266
7312
9049
8431
4255
7415
7983
7996
8396
-335
9267
6688
6086
2746
6382
5033
647
5229
7584
6229
234
8783
7198
8056
4374
9241
5213
10242
5993
5204
10965
8697
8790
-1148
6328
6931
1118
6616
8425
9036
-1076
8309
9575
7241
5828
10674
8767
3437
5151
1177
8428
3948
3512
3939
-570
2774
-3327
2676
7593
7220
5073
8619
4782
9049
3365
8318
7673
8256
4561
1686
9268
9796
7077
1363
7012
5833
415
9951
8859
7237
2461
9124
9905
9802
4974
7730
6600
5306
8343
2304
10343
10806
6057
4743
847
8373
1161
8350
7553
6606
1809
8878
7407
4997
4327
8925
7269
8250
5958
5659
9391
9901
6793
4736
8280
8075
2873
9497
10019
9791
3740
7268
7167
8405
-2945
7893
8538
9384
6112
3135
8967
9855
5181
5331
5377
8889
3554
6708
6482
10211
6513
8054
9370
6226
5451
9936
9933
9182
4786
-2031
6264
5132
6805
6047
3618
7819
1732
9841
6693
8662
4549
8454
7319
9143
4020
9542
6404
9893
9386
6549
8183
6988
9708
3289
4844
6404
6091
5625
8787
8729
4747
9037
7881
10781
5195
9406
9655
8246
7951
4631
9681
8223
7731
1841
5364
8992
889
9005
9677
7427
1731
5792
10033
8927
3906
9405
9721
8968
4837
2641
7903
6117
5425
2248
4928
7527
3151
2524
8055
7385
692
9209
7580
8910
4280
7176
8060
8095
4425
3254
9950
8994
6947
277
5335
6643
2571
9730
7396
9430
-444
7318
7882
7412
5245
9969
6235
11512
2149
3599
8794
9205
9091
3824
3988
6193
-335
8033
9430
8986
2536
9017
7965
9948
7256
8664
10626
9743
6334
6466
9551
6897
3822
-1206
3787
9258
575
10362
8731
4924
-1587
7565
8140
9084
3817
7781
6091
7636
5448
5556
10361
8789
6944
2009
6
7023
2835
8511
7782
7929
3882
11162
9645
7495
6935
8285
7442
10296
5824
779
8673
8172
6778
588
4822
8364
2873
6958
10115
8344
-3782
6493
10298
9858
2427
7929
8305
10390
7590
3606
10187
8959
5858
5274
5306
7600
5719
3697
10298
6776
1777
9841
6455
9470
7929
9342
7991
7124
5752
2874
5781
8782
7478
5167
5766
7294
5878
8122
9130
9213
-4472
5419
7147
5694
4697
9639
7211
9465
7905
5527
9041
7947
6364
4271
6182
7450
1475
8434
7387
7742
-1766
2502
7546
8796
7240
10239
10028
7300
6382
3466
4263
7677
6139
1920
3291
9080
186
9150
6539
8342
4414
5192
8693
9672
6292
4772
7003
7550
3730
-1370
7418
10142
3549
2227
5021
7525
3874
8695
9405
6456
-1129
4857
9989
9356
5251
9798
6603
7906
8794
-704
7071
8969
7178
6017
6240
4911
7
5807
7825
7635
-1049
8226
7793
5056
3400
9635
6189
9303
4536
5109
9158
9730
8903
3653
5012
4624
5789
8758
9113
7443
379
7034
3976
5894
7179
7559
8654
7719
3247
599
10080
9201
6958
3929
7392
7995
407
928
10598
9098
-602
8563
6116
8450
4420
9572
8934
7104
4287
3859
7386
10897
4317
5346
8879
5977
5624
7492
7464
5880
3948
6672
10072
7633
6816
8504
8912
10707
8383
6385
6639
10643
5285
3176
3306
7790
4973
5746
8497
6644
1717
8243
7822
6943
5570
10241
8111
8006
9980
5881
11476
9534
6204
1519
2629
2051
5681
6126
11978
8919
1907
7331
7935
9242
7236
9074
4502
7347
7358
6903
8999
7194
6660
2579
7647
8831
5647
8441
6507
6546
4156
10067
9009
6359
7147
8498
9293
8041
7699
4613
7691
10486
6120
4899
7167
5893
3979
7478
8945
7584
-1797
3050
10751
8855
5710
10600
8908
8984
7470
6653
8545
10322
-766
5291
2981
7418
5877
2985
10977
5947
-618
9800
9718
9342
4084
10723
4709
7980
7652
3970
10523
10552
6219
468
2682
5329
1424
9089
7722
8291
4266
8619
10630
8175
6467
9759
8641
8025
3508
4039
7948
8781
7307
3133
5754
7246
5602
2986
9625
9159
3955
5640
6458
7603
5763
6140
8560
7505
2486
6050
9146
10598
7436
3973
1501
7231
730
7854
5799
9552
2111
5312
9230
9073
6162
9164
9002
9226
6891
5098
9766
6535
7313
2982
4657
8097
3050
9852
11830
9954
-778
8722
7664
6125
5994
8095
9681
8490
5750
4447
8812
7895
2933
4109
5493
8524
-1698
7936
9512
8454
-3380
9479
7872
4611
7687
9048
5152
7154
2100
-373
6550
9345
8118
5316
1904
5282
4193
9532
9936
8541
1076
8806
9368
7837
7365
8426
7776
9272
1328
4389
9386
9850
3804
5666
3794
3575
2719
5114
8664
7923
-1815
9925
5380
9579
3212
8144
11333
9575
3142
2482
7671
7375
5972
2289
4249
6026
3800
5856
4817
8626
-265
7742
9470
6721
4752
8545
8102
7703
5000
4364
8939
9867
7968
7420
-297
6177
2152
6676
10672
7900
6643
8914
6687
9085
7079
4534
9844
7826
6755
5440
6387
6220
4575
7852
3058
4674
1658
7003
8287
9772
-495
9560
9171
8079
8417
8462
9068
9351
7954
7582
9172
8314
5870
5961
7878
5040
4356
9334
8740
10318
-2130
6670
5213
7934
7540
9745
9666
7095
5456
1721
10315
9398
5095
6140
6300
8390
4608
6653
7306
8001
2348
7149
7974
6037
3993
9892
8614
9919
4049
7234
9737
9080
7748
8347
3796
8808
-1202
3265
7971
8620
2284
6101
5109
8658
7323
10407
10565
8091
6022
7997
8447
9905
5589
5803
3600
7808
4243
8527
9175
9795
-614
8624
7919
5487
8568
5700
8989
11093
5907
6176
10097
9452
4419
3946
6079
8747
6729
7455
10868
7478
3586
8616
7220
8959
4701
7503
5530
9284
5585
8360
8936
6033
9946
4497
5315
6656
4255
8927
5798
107
-1453
7889
11325
8810
6644
9913
7387
7943
8505
8118
7910
10312
4798
4187
5009
6621
6615
7971
5945
7111
-2713
7332
7390
8862
7268
5430
6088
9191
7200
7075
6210
9955
5893
3151
5759
9773
5554
7007
10844
10320
1515
7695
9433
5116
2057
9835
6796
5238
5770
6302
5281
9343
5568
6061
4079
7924
3122
8276
8799
5506
3016
3894
10718
10028
4781
9668
10418
8109
6486
1192
7950
10427
5290
5612
8303
6026
-414
5184
6304
9400
546
7107
5400
7963
7036
8890
7857
8960
4236
3810
8056
6180
5925
2637
4479
6233
2085
7694
8931
9103
3636
6446
7148
9834
6860
9927
9580
5624
5352
6932
10135
9962
7632
7010
4548
5029
3078
9529
8806
7207
830
9086
6988
8724
6271
7840
9935
9662
6314
5744
10532
8058
5064
3164
7436
6958
4429
10173
7118
7332
2390
10363
6827
8998
5969
9719
7814
6923
6725
4049
5142
10479
6974
2132
7070
9894
5167
9045
9852
9351
2456
9059
2059
8692
3591
7278
9187
8989
6748
4223
8548
8722
5455
4658
4519
9550
3595
6208
6845
8818
2097
7793
8744
8176
1717
8500
8905
8695
9054
4834
9965
5769
6201
-3427
6450
8006
2510
6939
6021
7511
2208
1506
10263
6512
7264
9636
8416
9858
7987
3469
8849
10303
6366
2801
9698
5326
4957
3148
9744
9236
1430
6767
8122
7115
3727
7714
6358
8966
8070
2226
7728
6498
2531
1554
537
6334
4694
6069
7314
6996
-5964
4889
8556
8173
5424
9433
8462
9745
7444
3807
8575
6482
9629
-1682
4432
6128
4070
10616
7357
-980
958
6605
7681
5943
-1113
8601
6931
7567
6258
-24
8146
9347
5041
1565
6619
9059
606
9137
7399
7347
-6627
8138
9957
10382
2522
9521
5386
9264
7169
712
9634
5249
5096
4615
5890
5938
2185
9804
8262
8727
-2062
8853
9612
7562
3167
9211
5382
10190
4915
4857
8849
8751
6052
4832
5125
7050
5422
7396
9351
6560
2602
5737
6341
8422
4901
5826
10201
7542
8701
6122
9851
8924
5511
3999
3890
6959
5745
6536
8695
9931
564
6880
6778
9541
3118
7985
8905
7917
8054
6288
9806
7011
7507
7163
6672
5877
1666
7482
7436
8993
4977
7216
9222
11005
6442
9820
8286
8957
4299
7835
8970
7845
7575
4305
1635
3952
1632
8582
5494
7395
10
7863
6671
9311
4999
8418
7614
8353
7601
4800
7677
8311
6738
5265
5102
7756
5368
5893
5184
9600
1597
7510
7051
6554
3906
8151
10026
9571
2508
4675
9145
10189
5164
6016
5290
7083
-536
9972
7288
8715
4447
8599
8430
10796
9217
10488
11258
8088
7455
3128
7778
4888
8161
2518
8411
4157
3667
7523
1907
7389
930
8132
7835
9152
6198
6222
7818
9860
6075
6096
8876
9160
5673
7563
-1116
5698
3959
8808
7630
8854
3193
7956
7041
5669
7446
7713
5465
9831
6504
4867
7507
6568
5609
4043
2872
6764
4005
6650
7569
7624
1886
7680
9346
7025
7061
4423
8378
9552
6497
1127
8363
6541
7506
4872
3906
8963
5269
5742
9079
6313
1527
6315
10454
5727
5473
3901
10214
8767
5463
8128
7896
9636
5875
4794
-1970
6832
5677
5201
6824
7420
291
7513
5891
8740
5861
10282
8458
8185
5814
5463
7614
8616
4845
1338
-367
9349
3227
8880
9725
7301
-4487
6225
6970
7649
5685
7445
7694
6834
5745
4245
9235
10128
7279
5442
4134
6891
3304
5145
8042
2407
-1153
4569
9500
8389
2968
3912
8803
8169
4573
5856
5459
9864
5577
1402
-1208
5594
659
6953
8386
7192
-537
7105
9499
6846
6490
9653
9093
6045
8322
5546
8915
9370
7675
5922
6156
3069
4212
10028
10120
9768
-2185
10239
3609
5474
6544
7521
9577
5818
7330
6629
8367
6797
3472
3025
5755
5969
2581
5719
8207
7234
-751
6152
8416
4433
3756
6817
7960
9193
5472
-292
7316
9781
7733
5447
6193
7855
3256
3675
7952
7457
194
9839
7215
8118
3914
7332
7693
8313
7467
6353
9530
5022
5160
4225
4499
3006
3154
5394
9830
8935
985
10170
9992
5507
3611
8750
7475
8660
8565
4982
8793
7043
9149
2449
1112
4965
4981
5024
9606
7830
-1488
7979
7444
7817
3742
3352
9775
4786
3905
8091
4554
6120
6667
2766
6367
2897
1652
9337
9035
8233
4921
10294
9859
7511
4833
4125
9174
7692
7776
4684
9652
7359
9237
1174
4403
8685
3589
8709
9420
7839
-2901
5494
9713
7912
-1004
9182
6173
7152
5489
2289
10365
5092
4638
1510
3184
6700
437
8751
8090
7172
-8212
6414
8850
10779
2378
10639
4335
8272
5989
-2076
7771
9439
3250
4385
4764
908
4445
7224
5661
4279
2042
8098
8628
7273
797
5427
9081
9015
4742
6421
9662
5644
6747
2194
1000
4797
4140
8895
6722
6861
2339
6993
8531
7863
4177
10012
6433
10107
2409
6240
8701
8077
7652
3160
5418
8887
7946
153
6756
7140
-2472
7187
9904
4550
6839
8540
8933
9339
7092
4875
9108
8456
5022
6441
5817
8387
5251
8283
6491
8287
1889
9460
8177
8241
4828
7294
6819
6075
5531
5907
9581
7235
7008
6075
