-858
-2207
-7197
2510
-1292
857
-6889
-3108
5396
5355
-3330
4144
3312
4018
-2208
702
2941
5282
-1995
-2930
-1670
-915
-4297
2057
2223
-927
-9820
3510
3024
252
-632
-2277
2030
5208
-1591
-6812
6088
1480
-1113
-8852
-5370
4839
-11104
-347
1167
-241
-10040
4154
1835
1810
-3201
3814
-582
3569
863
-3654
5695
5699
-5513
1210
-6372
-187
-490
4583
3831
-736
-3783
5264
-754
1389
259
3553
1387
1732
896
-1435
3467
4053
-1173
-7130
398
-3012
-2290
6957
-2768
-343
-5126
1925
-5172
-1873
-1453
4527
5559
5344
577
-1679
1528
-4112
409
714
-2595
2954
-4131
-1780
5640
3680
638
3807
4367
4952
2747
5022
6921
2747
-1747
-4450
-573
-3625
-3541
-3090
-73
-302
-4591
2738
3252
5377
-472
521
2737
5952
-2280
2462
7658
8492
-616
-4690
2642
7774
-2022
-2262
-651
2607
-5627
-2815
7757
8000
-510
5531
3593
4091
-1213
6073
5563
1444
378
-548
4397
5169
-3923
1436
-2696
-1938
-1530
4071
3273
5359
-2063
4914
4201
5660
3062
2453
2880
5408
2666
-4594
2429
1730
-36
1962
534
-3620
-1928
3061
2073
3435
-1102
3808
4512
-6655
4726
2972
1513
5621
163
-1512
3883
4433
-5042
-2846
645
2703
-3115
901
6630
-1055
-1118
6112
3203
2702
237
131
6608
3535
3836
-2610
3402
5127
2278
-4299
-808
7999
122
5971
3525
5920
-6495
6137
4298
4111
1517
5039
8190
6664
4284
-4361
5976
6734
-2
426
3463
1255
-5151
4476
608
6949
-6346
2478
1106
9338
3491
3717
7107
9490
1253
-1933
7732
7887
1731
1090
-776
6279
1184
5140
5211
1012
-2450
6054
4242
5579
-485
8716
7357
3246
-2305
1161
5973
4444
3448
-1521
-1907
4872
-3023
6271
8196
5303
-2811
5930
2064
2936
-636
6476
1291
8602
1739
-2139
6658
9814
1676
-233
4191
994
-5846
6530
2733
4862
-2376
1571
8035
9250
-1503
5443
7270
5740
3971
250
3325
7345
2465
-315
4597
2100
448
7155
5714
-371
-178
3921
9250
8539
4271
8769
5596
5060
94
-1621
6632
9744
1624
-932
3194
2082
-3882
5391
5893
7401
-812
3545
-230
8194
-2707
7208
7031
5868
3230
-3467
8070
6125
5701
325
3874
1522
2284
9061
1811
1590
-2236
2049
6958
8376
1008
7376
6615
313
4615
200
7332
7505
6804
2605
-1065
3143
-1746
6667
7149
7627
-5051
5137
7647
6784
2599
6122
6877
5553
-373
-316
9411
10054
119
-887
-1326
2443
-103
8666
3640
2854
-6169
7736
3666
3020
3762
9960
6041
6806
-1173
-5624
4518
9166
5597
1010
-2411
4813
-533
8448
4426
4819
572
4690
5157
7553
6931
9033
9884
2990
-1024
3698
8549
7751
2826
571
3722
5959
-2534
7399
8300
7409
-1571
8001
8034
6314
4485
8680
9143
5512
6639
2629
7504
5203
-169
2699
4108
2334
-551
9229
5120
3530
2763
5092
2605
10089
3774
10098
4497
10147
5811
2577
6332
9957
879
4930
4623
6298
-474
4446
8004
4935
1478
8957
5107
7958
4071
5439
6809
8273
6259
-3227
7131
7809
3573
4576
2135
1754
3561
7980
7469
9154
1409
6038
9586
6061
2990
9360
7803
7094
1774
734
9974
9757
6200
1314
2714
5058
-5971
7082
8609
7128
4936
5688
7912
9083
-387
9183
3975
5890
2827
-2033
5951
8620
-332
1139
384
5313
-4504
5275
4954
4267
1650
8615
6906
9506
6691
4428
8556
6456
7140
4318
5898
9887
774
1014
5902
1819
1757
8350
8475
3820
5312
6870
4617
9494
3178
8196
9443
5131
5810
-1804
6167
10356
1876
2410
5477
7045
622
7582
8141
6065
2514
7309
5414
6797
4455
9121
9915
6673
4184
-1076
9071
8545
6033
6539
7110
5969
1226
5230
6694
9986
2381
7310
12021
10115
4428
7493
9333
6371
5011
2660
8464
10202
2584
6191
4966
6422
3670
8474
9622
7047
3538
8975
11637
9414
-1153
7584
11022
9333
9101
3716
10772
8277
5527
1627
3174
6951
1671
8907
9810
7570
-69
5328
7633
10431
2360
9159
8800
8843
8376
3766
9107
11359
3394
4641
4405
9297
1105
7380
5398
7159
3941
6823
8184
7079
4577
7919
7208
9895
4695
-370
10036
8514
4713
5925
5549
5428
1486
5808
7849
7594
5285
8593
9932
7028
596
7068
10718
6492
2851
5211
7282
9216
4151
1528
4463
8194
-5278
8676
8076
7484
471
4306
9340
9628
6360
9091
10644
4160
-2569
-2479
8646
8642
8029
3827
6049
8738
281
4562
8747
8156
792
5976
7739
6752
5451
4821
10607
11272
7064
3424
7884
9129
1650
3535
4278
6960
-5028
5859
5209
7899
5767
7767
7986
8035
1633
9341
5639
3793
8984
5061
11277
9664
2970
1597
1505
4638
509
8539
9538
8584
5159
6578
9183
9581
4358
8698
10266
11548
4635
2709
8597
9062
3907
6784
6948
7496
-1246
9388
10443
9849
1774
7375
9483
8738
5903
7765
11487
10072
4468
-198
8089
8513
6748
3371
4160
8403
-3107
5001
10409
7711
5128
8661
6028
7761
4953
12327
9309
10155
7618
1289
11568
10272
6089
2001
7629
9404
-2055
9701
10206
9173
1017
8986
7814
7985
7422
11052
9990
10050
4513
1715
12342
9703
6097
5135
4222
8895
112
5260
10142
7901
6620
4632
10142
9800
6998
10203
8034
10252
4719
882
10677
9489
2067
3498
2678
6829
-103
6806
10163
8604
5286
8398
11516
8282
4316
8674
9783
11384
6372
1613
8295
9374
7707
3934
4639
7536
-1494
7741
8660
10135
3124
8519
8400
8045
7915
7114
8390
11434
6112
2310
10240
10064
6482
4935
5818
6758
-2078
10075
10929
7480
5381
6446
10571
9013
7849
10325
10767
8267
7850
4611
9268
9861
3762
6210
5226
9745
312
10748
8869
9769
4267
8337
10392
6984
1957
10263
7675
9357
4178
-1357
9767
9742
6242
5355
4108
6084
-904
8145
10448
7192
2204
9228
10612
9017
4295
8481
9936
10954
8639
5950
10967
9472
2421
6104
5153
8284
5032
10440
11387
9161
6140
7771
8987
7176
4276
8274
8727
11290
6344
2123
11531
8455
6739
647
6289
8216
3754
6808
10083
8918
4000
7181
10985
4577
8537
9718
9426
10333
5381
5651
10657
12033
4234
7557
3685
9389
-700
11609
6994
10140
1674
7039
9646
9233
8155
10382
10795
10011
6650
4989
8934
8688
-663
5037
5843
5474
831
8040
10417
7062
2825
7078
10113
10547
5567
11034
8200
11896
5638
4653
10057
9804
5266
6427
6648
7764
1728
11750
10462
8384
1396
9986
9659
9032
3376
8595
10726
8082
8740
-624
11953
10003
5316
5487
6996
10512
4058
10256
6086
8382
745
10631
11189
7722
6540
9732
10795
11497
6843
1096
11599
8609
5600
7454
8714
8275
2602
6238
7801
10460
6380
6853
10316
10843
7860
9079
11349
10886
8566
1729
11610
9518
5752
1557
4937
7004
5510
7891
8140
10169
3791
11775
10413
10981
5843
11736
8728
9184
7543
551
10596
6907
6664
4113
1734
10860
8137
9795
10374
9680
1601
7676
10626
10614
6515
9476
9555
10922
9268
4851
11500
11231
8325
6926
8805
9452
6719
9605
10286
8448
5653
10496
6053
9446
7071
9464
11477
9041
5683
3367
7741
11553
8894
4171
8858
7061
4432
9921
10673
8384
2744
7642
11515
11595
7408
11448
10710
10802
8550
4226
10545
8908
9128
4220
8632
10381
3890
9747
10894
11458
4316
7717
11566
11683
6731
11052
10561
10616
6503
7531
12835
11782
3442
5398
8190
9699
3713
11195
8212
9131
2601
6943
11401
9657
5190
11531
9632
11400
7516
1559
9333
11269
9162
4579
6660
8932
3011
5202
10188
8696
8757
11447
12171
11328
8642
10213
9889
10641
7652
4658
11331
8901
10060
6200
9191
7910
3226
11372
6898
10711
7083
8697
11109
10577
8292
12092
11416
11016
9107
3919
10537
11320
8420
6646
7529
10620
1645
10294
7575
10112
4995
9964
10761
10027
4061
10857
9639
10911
5939
1398
11386
8826
3832
5793
5946
9594
4860
11285
9764
8317
5536
11657
9890
9078
5542
10261
9823
9946
9317
3752
12175
8844
7806
2465
6639
10697
2403
8588
10140
6243
7753
9375
7833
10214
8095
10412
11041
9998
3365
1628
10606
12055
4901
7032
6061
9023
5402
11181
9374
7088
1457
10948
9924
9244
9369
10351
9408
10848
6349
4381
9288
8373
5599
2781
4105
7765
1347
9811
9896
10033
550
11079
8325
7568
6393
11514
8606
7458
10676
5023
11068
10716
9043
6344
8030
10194
4186
10315
10603
9252
6610
9120
9810
8194
10111
11525
10915
11399
7630
3919
11972
9462
8225
4880
7881
10433
6467
9340
11580
10255
2152
9995
9596
12009
4740
9412
10981
9077
5136
6575
10557
11934
7196
4755
9055
8346
4603
12346
9665
9802
5417
10346
8273
11821
6184
11266
10334
8512
8991
2117
10815
11835
7698
7311
10233
5873
3713
11556
10648
8168
7370
9580
10145
11731
8193
9555
8862
11791
6070
6437
11204
11010
8859
5447
8211
9380
-3679
11051
9923
9221
7210
8681
10454
10912
6345
9165
11144
11046
7303
3605
11265
11076
9482
7043
10295
7942
2987
9489
10494
10881
8373
9227
9368
7737
6606
11713
10151
10563
5756
5445
10918
11502
8187
4429
7495
7439
7143
10360
10367
11180
5205
11217
10173
10311
8103
9931
9420
11689
8294
-779
9808
12037
7787
6675
6337
9901
4054
8710
10228
12154
4237
11139
9494
11084
6647
10823
11903
10046
9727
1545
9752
10299
8168
1816
9415
9167
3226
11163
10249
8158
6864
6451
11941
11851
7156
11902
11631
12178
8614
5324
12000
11095
5955
5889
9502
8793
3377
11089
11248
10743
5026
8122
12028
9227
6538
11767
11313
10680
9712
5809
11466
11472
10027
6727
8459
8618
6980
10431
12065
11833
7346
10605
10393
10403
8729
11330
8387
11814
8809
4573
11916
11861
7456
6964
8170
9948
3928
9200
11870
9614
7424
8225
11083
11201
8052
11517
12074
11908
8448
2578
11353
12076
6458
4089
7105
10857
2744
9672
10088
10380
4846
7329
11611
11955
8028
12215
11042
10044
9339
5972
11702
11568
6318
2284
7299
5249
5052
10041
10941
9273
6940
8690
10915
10365
6240
10590
11381
10159
8749
7672
9712
12334
6522
6074
6311
11358
7784
10971
11417
10646
3606
9501
11292
10506
8209
10755
10831
9180
9321
4450
12410
10335
9824
8024
7534
10202
3028
12217
10975
9738
4573
10252
10284
10975
8146
11547
11815
12286
10040
8655
11817
11315
7192
4161
8954
10323
5122
11419
11024
11701
1767
10128
11197
8810
9189
11873
10057
11426
8224
5713
10873
8908
9962
5135
8413
9123
5863
10896
11274
9755
5499
9395
11265
11309
8583
11773
10660
11022
9479
5552
10787
11970
6552
6105
9039
10052
3114
10681
11276
8270
7750
8574
9986
8103
8141
10289
10343
11586
7607
6141
10119
10711
9328
7329
7768
10195
5054
11943
10775
10539
8965
10768
11506
9793
6549
11226
11700
12713
10005
4604
11789
11770
9966
5778
9056
7338
7071
11122
10723
11605
9747
10360
11781
10936
8615
11470
11828
9423
8653
6414
12405
12560
8868
9102
9179
9310
3611
10396
12285
12153
4528
8937
10798
10451
10069
10685
11489
11921
7917
8094
12744
12408
10616
8283
8912
10408
4528
10733
11259
10202
6585
11186
10753
11152
7953
10950
10671
10623
8625
5106
10612
12283
8961
7935
10040
9724
2362
11062
10098
11659
7699
10592
9854
10718
8539
10866
10352
12053
9175
5747
12057
12340
9787
4223
7308
8221
-756
12117
10927
11660
7756
10270
9256
10286
7868
10656
12499
11952
9804
7864
12055
11253
9534
10067
7161
8362
7147
9308
11043
10969
7810
11545
10694
11563
9697
11728
11801
10575
9921
6783
12021
12175
10045
3655
8542
11378
7074
11667
11087
11836
7353
9316
10708
10635
7620
10521
10954
10895
9354
6971
12285
12071
10594
7314
9422
10015
5139
11657
10986
9371
5799
9501
8723
11307
8326
12129
10971
12235
10475
4581
12320
11616
5913
6385
8320
9854
7112
9205
10859
9929
6928
9894
11172
9316
9130
12052
11991
11123
8646
5317
11564
11569
7244
2718
4130
8245
8098
9937
10293
10978
5298
10121
10230
10510
8599
8932
8684
9105
7732
7963
11750
11717
10526
3944
8593
8817
8415
7358
8385
10708
6226
9731
9947
9883
10025
10712
11556
11706
5558
6520
10712
8722
11347
5047
7955
9977
6929
10665
12211
11041
5241
11193
12143
11062
7560
11800
10961
11749
8098
5529
12630
11784
11153
6999
8013
11005
7090
10614
12840
10633
5926
9850
11351
11400
7740
12201
12206
12111
7527
4184
10927
5647
10353
3426
5765
8291
3384
11436
9106
9304
6054
10510
10993
11493
8616
11432
10959
11800
8810
6601
11675
12322
8569
7216
11071
9723
4646
8236
11560
9540
826
9606
12325
10959
8968
11487
10865
12134
7425
8053
12009
11169
8362
7851
8830
11788
5299
10479
10238
11216
6422
11050
10233
11057
8248
11867
12681
11047
9570
6798
12519
11763
8840
7642
8390
8509
6261
8918
12050
10891
6541
7473
12214
10979
7482
11588
9893
9900
8249
7763
11834
9752
11811
9039
9455
10653
7263
10201
12249
10223
8098
9305
10918
12264
7662
11615
8591
12238
10217
7430
12521
11702
8864
2565
10560
10301
4920
11211
11724
9058
3930
10040
9306
10209
9109
10930
10054
11632
8865
9222
12944
12004
8118
6009
9172
10492
4673
10246
11443
7330
8557
11666
10604
9925
8779
11895
11475
12135
8867
8815
12087
12153
7737
6524
6947
10572
8399
11493
11324
10770
4199
11382
12482
10554
8826
11616
10271
12475
10347
5822
11341
9983
8747
6479
9025
9758
7964
11205
11958
9373
8435
12293
10411
10250
9570
11590
10047
11605
10077
6390
11426
10718
10225
8359
6543
10528
1551
11429
11614
11751
4300
9056
11164
10787
9666
10443
11475
11331
10821
7301
11827
11686
10520
4873
8554
10607
9010
8933
11380
9413
5830
10244
12244
10690
10352
11167
11716
10639
9493
8825
12399
11872
9498
8065
9196
10969
7431
10739
10732
9197
6701
11408
10964
11200
8237
11910
12034
11926
8736
2070
12059
10782
11037
8847
7881
11274
-2318
10889
10412
11356
3875
8290
11135
9444
8746
11509
12055
10790
9118
9103
12109
12002
8435
9777
9013
11864
7170
12013
11612
11581
3732
10168
11670
10228
9542
11309
9059
10750
9632
5499
11505
12175
8232
5532
7774
10706
7559
10698
11424
10262
7478
9404
11215
10985
7831
11716
10518
9950
10523
7973
12076
9655
9104
3512
9740
8970
6285
10528
11814
9315
5777
9584
11724
10426
9440
11479
11804
11753
8895
8489
11551
11867
6427
5390
7633
10928
2391
10490
12165
10099
4181
9681
11122
11498
9055
11045
10857
10015
9302
7883
12256
10220
10764
5455
8835
10525
5020
10398
11449
9745
5189
11286
11058
12050
10250
10913
12026
10958
9004
7910
12050
12370
9221
7915
9140
11554
5484
10576
11581
12368
7179
11321
11977
10011
9337
12222
10947
8895
8820
5667
12560
11216
9062
8211
10676
10750
7035
8437
12097
11584
4300
10149
10406
12233
8081
11922
12055
11015
10413
7141
11219
11398
9763
6434
8717
8872
6938
10593
11352
6537
2820
11801
10929
12660
9247
11071
11800
10457
10188
5309
10941
11748
3655
8774
8624
9226
6184
8621
11732
7758
5756
10611
10311
12653
8912
11531
9425
12466
8754
3220
12168
12561
9306
4928
7589
10509
6381
10697
11385
9519
2402
12035
11932
10501
7762
12534
12102
11555
9994
8559
11949
11109
6943
6627
9615
10161
7510
10560
11590
10854
5136
12590
12635
12095
9553
11900
10948
12365
10703
5205
12842
11090
9388
7332
9127
10143
3172
11878
10119
11844
4580
11646
10765
10252
8132
11910
11301
11244
9560
-646
11712
10606
8354
5099
10476
8982
7090
11766
9100
9809
7624
10417
11755
11700
5806
12383
11346
9499
10629
2042
12407
12213
7649
5887
8336
8743
5880
11828
12260
9276
6841
11975
10300
12064
9714
11924
11033
11017
11028
9038
12707
11730
8179
8075
11325
10199
7339
10792
11529
8051
7656
10926
10010
9835
7262
10898
11429
11742
10662
1269
11302
11155
9898
9259
10088
9466
5118
12378
11995
11189
3822
10726
11307
11721
9395
12121
11844
12983
8818
7922
10980
12174
9457
5040
5719
10380
7144
10774
11164
11032
5300
11419
11174
11253
4559
11242
8920
10562
10470
7544
10574
11356
9922
6468
7976
9231
1563
12002
7257
10033
3074
11037
11095
11730
5972
11393
9189
10256
10720
5275
12413
10890
7684
6026
10363
12170
4558
10659
9996
9552
5968
10622
11408
11142
5026
11877
10457
11407
9449
7078
10631
12416
9376
6124
10806
10528
9394
11028
11670
7760
2973
11564
11312
11879
6099
12362
11168
11484
10649
8303
10603
11522
7984
7796
8711
10117
4133
10451
8730
11519
6204
8957
11728
11816
10580
12421
12149
12076
8337
8198
11757
12299
9261
8107
10190
10493
4748
11843
12410
10961
6526
8528
11123
11686
9289
11052
11362
11556
11794
3059
11793
12106
9290
8524
8531
10431
6436
11764
12242
11811
5900
9933
11853
11701
9295
11981
10512
12074
10428
8781
12263
12316
8220
6248
9879
9624
6433
10932
11780
11198
6868
10603
10144
11852
6551
10399
11832
12289
10793
6158
12118
12110
9200
6401
8812
11431
5538
10741
10429
11026
8298
8605
12769
10459
10606
11945
11691
11996
10030
7370
12478
11424
8521
8021
9325
8515
5872
11915
11663
11662
4853
10863
12381
10713
7634
12142
11071
13184
9090
7470
11650
11885
9650
9004
9369
10096
7312
11026
11836
12193
7949
11193
10876
11377
11487
10787
11548
11880
10739
6938
11306
12759
9495
6254
10556
10100
6840
9703
10536
11113
4923
11610
11074
10515
8967
11061
11272
10491
9918
4627
12231
12782
8429
9384
9961
11485
5738
11614
11523
11828
8616
10773
12332
11821
10278
12096
11248
11889
9589
8817
10601
11066
7571
8306
8308
10201
6981
11524
11337
10123
8352
10971
10385
10221
9107
12298
11044
10676
9470
2773
11407
12518
10027
7946
7997
11143
8729
12270
12305
11332
5886
10118
12502
12231
9594
12224
12590
11437
11295
8147
11788
12274
9001
7728
9920
11579
7500
10775
11797
8760
4495
11237
12383
12587
9623
12531
11362
11673
8894
3864
12607
11728
9429
8584
9086
11828
5085
12539
11965
10221
5114
11541
11334
11059
8771
10787
11528
11645
11030
8657
11897
12494
9056
6809
7816
12290
7893
11412
11269
9571
7392
11265
11777
11708
9048
13205
12090
11921
9645
10338
12328
12502
10818
3594
9960
11861
7628
11781
10928
10991
8270
10856
12306
11378
10745
12336
11609
11015
9575
7195
12771
11009
11466
4871
9485
11604
10475
11092
12616
10294
7218
11952
12178
11558
10275
12283
10939
12274
10910
7228
12417
10607
11431
7383
9559
11026
7854
11405
12943
10467
7146
11175
9209
12227
9765
11470
10833
11752
9545
9462
11804
12143
8571
7737
9177
10271
7866
11325
11787
10772
2500
9767
11971
10978
9226
12703
11741
11892
10942
7691
11697
11404
9739
7913
10202
10577
5188
11948
11807
11665
4745
9524
12180
11671
9338
12128
12422
11315
10525
8023
13318
12277
10083
8200
9620
11506
7463
12355
11714
10822
6472
12081
12670
10627
8429
10543
11396
11448
10684
7341
12833
12023
8721
9545
6825
10571
8020
11026
10264
10051
6965
10014
11804
11326
10012
11707
12185
11505
10426
8479
12499
11837
9820
7298
10864
10878
6366
11495
10367
10671
5318
9526
11886
11544
10149
11970
10352
12916
9730
8727
12931
10372
11355
8839
10191
11033
7315
11717
12155
9649
6260
11540
11675
11058
7854
11884
11778
11707
10274
7733
12083
10106
10471
8890
10061
10189
5979
11224
12483
10941
8636
10670
12517
12302
8545
11621
10418
10561
11210
5860
12107
11079
8957
6703
8757
11775
3884
11189
10796
11109
6473
8758
12316
12182
8514
12149
9490
12313
8740
8161
11030
11971
7895
7307
9952
10505
4459
10560
12063
10248
8705
10968
11264
10543
9857
10529
11463
11056
10336
9171
11690
12462
10639
10803
9919
10477
7103
12472
11761
11501
8324
11984
12398
9669
8237
11656
12263
11710
8821
6882
11759
12367
9192
8768
10468
10715
7169
11626
9824
11596
8098
11789
11419
11604
10448
12075
10920
11279
10158
9218
12440
12837
8952
7825
8236
12049
6235
11098
10947
11649
4517
10057
11440
11063
9392
11551
11949
11975
9039
6220
12720
11298
8588
9174
10487
11883
6412
11570
10526
9479
6714
9043
11721
11750
9146
12386
11839
10828
10279
8100
12459
12122
9250
9622
9833
11609
7378
11531
10944
11410
8739
10660
11608
12038
10344
11698
12178
11703
8272
8043
12284
10903
9968
7831
9444
11554
7832
12031
10646
11655
7206
11132
11697
11418
9387
11456
10112
11308
10367
7439
10653
11602
10225
8326
10753
10842
6172
12705
10740
11876
7299
10493
11464
12446
6747
11656
10565
11170
9995
6997
11704
11981
10868
8296
8137
11933
4295
11819
10979
11527
6255
10760
12791
12742
9920
12420
12059
11605
9861
6249
11751
12128
9101
8906
9823
11657
7806
9726
11876
11598
4128
11041
11604
11537
8717
12149
12461
11537
10083
8520
12055
11093
8787
7962
8851
8787
7952
11852
10667
11835
6997
10454
11779
12180
7910
12845
11486
12754
10559
7012
12518
12959
9781
7342
10585
8477
6226
11482
11734
10740
6372
11006
12312
12134
9731
12936
10378
12114
8959
8626
12283
11238
7995
6698
10502
9478
8049
11199
12123
11572
7822
11841
12592
11757
8688
11103
11631
12733
8934
9898
13363
13096
10668
9545
10290
11153
4904
11539
11151
11126
6522
9984
12492
12468
8124
12098
11363
11384
10666
9353
11564
11875
9004
6055
9476
10842
6365
11396
11322
11240
4823
8807
12175
11178
8420
12283
11440
11279
9885
9220
11517
10593
10193
4038
8578
9312
7792
12138
10882
10937
6138
10577
11980
11825
8112
10896
11829
11040
9216
9647
11662
11067
9050
7168
9374
11629
8810
11777
11705
8443
6426
10377
12056
11305
8435
12342
11625
12598
9030
8790
12028
12566
9059
7997
10594
12045
5931
12050
11057
10908
8623
11364
9267
12774
8875
12646
11852
11871
9816
8611
11829
11475
10991
9210
7982
10263
5006
11669
11087
9492
6160
10947
9956
11612
8206
9917
11515
11243
9356
6798
11854
12099
10595
8914
9963
10969
9529
11108
11388
12299
2665
10879
12224
11721
8691
11548
11649
9814
9010
7993
11273
10698
6863
9613
9655
11104
5147
12076
10176
11697
7295
10247
12321
11029
9772
12543
11631
11085
8338
10392
11734
11480
10336
6209
11166
11623
5937
11240
10632
11286
8730
12270
11645
10371
9070
10161
11428
12083
10960
5765
13202
12348
9318
7638
10426
9799
6419
11164
10352
10842
7145
9255
12023
11456
10006
12637
10141
12586
10018
8425
12677
12081
10115
10191
8887
10774
8497
12084
11570
9680
7861
10599
12177
12078
8983
11298
11075
10937
5976
6979
12414
12147
9865
6657
7684
10960
4899
11593
11113
10618
6828
10251
11014
11321
9422
11291
12293
11863
8428
8433
10497
10886
9013
5823
10040
10507
5773
9983
12535
11234
9630
11232
10635
11502
8001
11423
10990
11844
8516
7144
12686
12231
8898
10372
9587
9055
8711
10898
12247
10971
8373
10542
12338
11551
9799
11367
12285
10380
10470
8936
11551
12669
6762
8018
6851
10642
10281
12161
11795
11030
7344
11848
10778
10854
6544
11181
11745
12304
10730
8814
11924
12342
9806
7991
9392
10654
7070
11117
11396
11476
6879
10061
10684
12670
10206
11560
10306
12083
7290
7099
10852
12693
9908
6811
8978
9385
-670
10758
11035
8953
5635
11533
12300
9594
6368
12251
11871
9601
11020
9370
12110
10700
11153
7875
9662
9876
8262
11612
11379
11716
6514
11941
11516
11048
8156
11063
10759
10929
10908
7950
12054
11699
10029
5313
8797
10505
7889
11200
11407
9721
6751
9686
9960
12330
7439
11831
10674
11200
11370
9862
12005
9745
10499
6720
9235
12580
9454
11586
9650
11293
7074
11901
10721
10739
10027
11220
12449
11613
9362
8069
10827
12327
10551
8512
9712
9573
6377
12045
10917
10865
6325
11010
11051
7654
9106
12612
12805
10587
10521
8336
10269
12355
10936
5427
11279
11211
4483
11431
12888
10148
6724
11510
10838
10990
9389
11007
10462
11143
9506
6302
11411
11557
8552
9732
10224
9887
6794
11036
11798
10307
6757
12157
12552
11262
8481
12605
11792
12324
11183
6767
11869
12317
7836
7897
11097
10250
4656
11417
11074
10011
5098
10630
12088
11049
9665
12654
12243
11876
9965
8982
12612
11790
10779
9264
9553
11053
5945
12055
11472
11201
7977
9927
10818
13266
9957
11416
10159
10537
9953
8847
12194
11792
8622
7660
8554
11816
5824
10787
12659
9213
7461
10412
10210
12254
8481
11560
12452
11741
8753
6441
12199
11540
10521
7231
8474
11312
7581
11437
12117
10091
6172
9225
10032
11143
7688
12047
11041
11040
10566
5875
12478
11773
7934
8088
8745
10094
2276
10556
9598
9556
6175
8796
12244
11482
7631
11453
11739
10521
10788
7201
12146
11604
11660
8747
7259
11062
7155
11998
11613
11114
6904
9855
9648
11789
7496
10938
11472
11727
9288
6605
11617
12285
8698
6841
6093
10819
8275
11412
9696
9728
6371
11678
12049
11571
10662
10983
9796
11937
9172
6904
10585
11185
10520
7958
9399
8968
8163
11731
12543
10449
5921
9738
12510
9892
7457
11482
9837
10780
11147
4252
12130
10535
9883
7107
9960
9707
6335
12285
10739
12143
8459
11648
10272
10054
9149
12649
11398
12601
10296
7751
12203
11333
10021
8081
8830
9989
8720
11013
10990
10198
8408
11352
11729
11076
6722
11433
12212
9636
9386
8014
12083
11456
11022
8267
10517
9537
9891
10637
12310
9286
5841
9933
11944
11469
10555
12078
11723
11204
9383
7771
10639
12946
10618
8383
9884
10543
5157
12360
12465
11422
8355
10754
12277
11678
9075
12184
10123
11550
11033
10167
12233
12328
9705
8483
10411
8300
6629
12169
11765
10498
6880
9568
11276
12175
10014
12371
10627
11587
9855
8623
12463
12084
7514
9324
11295
9824
6738
11798
11860
11375
6836
11049
11364
12525
8704
11945
11918
9950
9701
7693
11116
12829
8345
10533
9351
10840
9977
11563
11851
10923
9149
10616
11777
11011
9643
11473
11423
12550
10768
7895
12452
10898
10715
7453
9586
10683
7831
10908
11930
9636
9241
11120
11994
10783
9523
11978
12621
11840
10831
7384
12147
12288
8751
6309
10688
10341
9628
11537
9534
9713
7278
11095
11483
11706
9371
11360
10401
12441
10302
10371
11988
12297
9503
6684
8596
11399
8066
11291
8554
9707
8213
11607
11850
11441
9059
12128
10920
11849
8875
8407
11805
11961
9371
7446
9588
11366
7709
11933
11449
11419
8205
11692
9612
11861
8555
11746
11694
12043
10169
6557
11704
12308
9038
7984
10001
8622
6346
11241
12089
11809
5479
11506
10498
11932
9405
12388
11718
12524
10226
9031
12444
12014
9303
7777
11738
10114
7492
10670
12093
9725
8966
10406
11368
12464
8433
11858
10836
11487
10185
8560
11951
12695
10423
6073
8128
10574
7585
12571
12792
11148
9424
10371
12161
12333
9948
10701
12423
11735
10621
8505
11702
12280
10227
9291
7074
11029
9176
11920
12634
11778
7000
10640
12372
11601
9839
12536
12056
11201
10838
9737
12637
11629
10126
8491
10593
11749
8527
11119
12626
11300
8263
11330
11490
11820
10514
11972
12412
9865
10705
9071
10797
11762
11675
9230
9290
10366
9391
10993
12300
9951
9221
11501
12030
12402
10199
12402
12087
12418
9876
8280
10673
11289
11062
7455
9123
11349
5761
11722
10986
9420
8476
12013
11543
11325
8792
12225
11456
11261
10748
8659
11804
12270
9777
8461
10877
11789
7228
11600
12835
10003
9213
11709
11739
10102
10838
12316
12322
12501
11497
7319
11792
12404
10115
7706
8757
10331
8784
9849
11469
10067
9882
9571
10600
10848
9602
12247
12260
12708
10803
8613
12551
12446
10649
9053
9579
10341
9762
12142
12843
12128
8569
10702
12199
12767
10063
12211
11326
12232
9502
8209
11868
12683
10132
7717
10946
11177
7503
11635
12424
12323
8048
10582
10808
12519
9674
12538
12207
12061
10426
6046
12959
11564
10202
5273
11358
9806
4272
11513
10636
10747
7081
11908
12419
12161
9327
12057
12449
12743
9046
8541
12679
11899
10821
7613
10022
12294
7290
12557
12506
11445
7181
10095
11217
10734
10352
12976
11587
11796
10426
7526
11967
11726
11078
7109
10863
11090
8042
11303
11878
11780
7754
11349
12254
12832
10195
12292
11225
12160
11505
10407
11696
10684
10862
8791
11714
10907
8633
12421
12115
12037
5503
11733
12139
12364
8818
11508
11339
10922
10293
6602
12309
12070
9896
9164
8687
11024
5950
12071
12427
12012
8983
11610
12393
12535
10486
12682
12628
12313
11691
8061
12238
10987
9623
6353
8002
10692
6806
12299
12228
9402
7261
11541
11169
11442
9104
11480
11311
11734
10847
6193
12255
13088
11094
9772
9153
11852
6702
10730
11238
11641
4843
11767
11611
12160
9893
11163
11811
11941
11309
9704
12681
12780
9895
8693
10538
11310
7229
12335
10991
9837
8687
11763
10741
12067
9521
13283
12773
12165
10176
9375
11685
11324
10642
8271
9757
9566
8261
12717
11933
10434
8019
10918
11521
10062
11249
11925
10928
12664
11302
9810
12720
11654
9153
7911
11357
10745
7096
11561
11651
11486
7409
11330
11475
12005
10171
12708
11245
12260
10163
8996
12436
11718
10221
6808
10144
10070
8001
11652
11697
9767
7662
11696
10512
12886
9560
12178
12372
11741
10375
9033
11873
11460
10383
8425
11002
9929
7430
11738
11435
12258
6075
10543
10646
11698
8852
11582
11748
12304
8018
7478
12060
10587
10515
9824
8632
12128
6451
11272
12594
11362
9639
10689
11894
11196
8682
12720
12595
11457
10266
7915
12638
10425
10160
9822
8645
11045
6867
11106
10306
12019
8784
11479
10894
12316
9353
13226
11545
11412
9251
7157
12166
11822
9649
9128
9573
11832
6535
9821
11233
12247
9199
9868
10939
12284
8694
10891
11590
10650
9423
8039
11911
10652
9629
8373
10334
10875
6382
11418
11715
11170
9326
12270
11110
11798
10414
12846
11414
11568
8736
9131
12056
12113
9352
8139
9483
9430
8587
11773
11623
10841
6594
10886
11883
11062
10187
13002
11155
12404
11083
9840
11096
13017
8403
8125
10144
10139
8713
11980
11443
10391
7323
10193
12305
11445
10479
11896
12112
12431
10358
7833
11597
12536
10288
9940
10529
10797
7743
10576
11154
10740
9241
11948
11308
12862
8884
12717
12306
12702
10325
7313
13169
11769
10687
8456
11565
11635
6503
11891
12429
11747
7799
11039
11516
13066
10093
11328
12379
11657
10373
8581
12599
11335
10457
8504
10536
11136
7848
11297
11914
10831
8457
11158
11193
11237
10079
12359
11696
11915
9197
7187
12346
11358
9378
9420
8582
10886
6451
12260
11714
11398
7152
10914
11313
12197
9749
12293
12326
10708
11157
7061
11780
10549
11233
7463
10154
12090
8545
11529
10144
10751
9297
11467
11908
11703
8760
12177
11655
12675
9061
10545
12216
11962
9091
8608
10235
9497
8786
11408
11399
10963
8679
10999
12333
11877
10790
12013
11829
11689
10070
7505
12001
11716
10567
7532
10038
11985
8506
12183
12456
11685
9297
12373
11750
11940
10880
12687
10552
12342
8858
10222
12149
11353
8377
7011
