-29016.0
-20772.0
-26097.0
-23754.0
-17860.0
-16943.0
-26408.0
-15634.0
-17646.0
-22825.0
-18619.0
-19720.0
-17759.0
-15217.0
-22280.0
-19855.0
-23053.0
-14060.0
-17431.0
-13484.0
-26127.0
-21808.0
-20701.0
-23721.0
-21888.0
-16473.0
-15036.0
-19125.0
-29460.0
-22255.0
-17430.0
-18553.0
-20961.0
-15037.0
-15258.0
-13878.0
-22851.0
-17323.0
-13702.0
-17834.0
-17554.0
-12849.0
-16814.0
-24431.0
-17969.0
-14659.0
-26615.0
-15112.0
-14111.0
-18912.0
-26307.0
-23923.0
-33841.0
-11753.0
-15558.0
-18222.0
-9876.0
-14986.0
-10073.0
-14623.0
-17198.0
-14503.0
-9037.0
-13290.0
-10977.0
-16283.0
-13636.0
-14947.0
-12724.0
-16527.0
-20835.0
-8953.0
-13845.0
-15859.0
-19612.0
-23257.0
-16255.0
-20597.0
-16528.0
-11699.0
-23240.0
-14975.0
-12343.0
-16633.0
-20740.0
-13785.0
-11649.0
-22145.0
-11634.0
-14381.0
-10822.0
-16866.0
-11922.0
-13136.0
-15330.0
-10814.0
-16647.0
-16163.0
-12465.0
-13210.0
-26733.0
-16391.0
-20269.0
-10163.0
-14247.0
-16473.0
-22709.0
-11798.0
-10950.0
-13809.0
-16600.0
-10613.0
-10890.0
-10906.0
-22205.0
-17688.0
-9799.0
-10060.0
-15695.0
-11031.0
-22025.0
-10646.0
-12589.0
-13613.0
-9825.0
-11426.0
-18161.0
-14398.0
-10987.0
-11501.0
-14177.0
-14891.0
-22250.0
-11710.0
-9498.0
-8371.0
-16621.0
-11915.0
-10699.0
-9521.0
-7252.0
-5352.0
-12849.0
-10119.0
-5353.0
-6885.0
-7018.0
-8504.0
-5583.0
-9199.0
-16303.0
-9147.0
-20136.0
-5082.0
-9578.0
-10721.0
-12245.0
-12661.0
-7682.0
-7499.0
-15343.0
-9817.0
-5857.0
-5531.0
-6408.0
-17367.0
-6764.0
-9161.0
-12270.0
-13590.0
-19093.0
-10590.0
-6260.0
-11406.0
-6877.0
-13510.0
-12000.0
-6330.0
-12936.0
-14555.0
-20428.0
-14701.0
-20850.0
-12880.0
-9690.0
-9717.0
-17705.0
-11766.0
-6928.0
-12931.0
-6124.0
-7149.0
-13899.0
-14498.0
-12293.0
-4533.0
-13914.0
-12105.0
-7141.0
-7736.0
-10954.0
-6824.0
-11149.0
-13408.0
-6855.0
-6985.0
-15575.0
-9625.0
-8934.0
-6375.0
-9600.0
-5725.0
-11203.0
-7129.0
-13811.0
-22953.0
-10635.0
-3771.0
-14221.0
-9985.0
-15940.0
-5830.0
-3889.0
-8935.0
-8399.0
-11161.0
-8069.0
-7835.0
-12671.0
-11820.0
-11743.0
-13769.0
-9893.0
-8233.0
-5121.0
-10480.0
-14805.0
-9812.0
-5699.0
-11584.0
-9539.0
-3812.0
-4849.0
-11236.0
-4923.0
-8971.0
-11790.0
-11073.0
-7759.0
-6825.0
-8631.0
-6525.0
-10230.0
-5218.0
-4392.0
-7044.0
-16551.0
-12101.0
-10448.0
-9910.0
-9809.0
-8476.0
-6571.0
-6029.0
-7302.0
-10468.0
-3965.0
-3849.0
-9042.0
-10248.0
-10018.0
-5022.0
-8206.0
-7885.0
-5294.0
-11886.0
-12961.0
-8587.0
-11933.0
-4872.0
-14552.0
-7569.0
-10611.0
-5640.0
-3619.0
-8108.0
-11014.0
-4498.0
-6945.0
-13263.0
-7605.0
-6281.0
-10375.0
-12537.0
-4455.0
-9752.0
-9933.0
-10036.0
-6675.0
-7774.0
-13256.0
-11337.0
-18688.0
-5533.0
-9084.0
-8823.0
-7638.0
-5798.0
-5047.0
-8259.0
-6738.0
-3689.0
-5239.0
-2413.0
-14095.0
-10488.0
-4716.0
-2221.0
-8820.0
-8659.0
-6676.0
-2595.0
-7402.0
-8116.0
-11372.0
-6871.0
-7951.0
-7569.0
-7619.0
-8824.0
-10243.0
-9865.0
-18164.0
-7444.0
-3384.0
-6268.0
-15230.0
-6111.0
-9437.0
-4473.0
-2396.0
-5623.0
-7463.0
-6405.0
-4578.0
-3949.0
-10722.0
-5259.0
-2517.0
-8208.0
-11848.0
-4383.0
-13138.0
-5820.0
-4070.0
-3176.0
-6125.0
-5417.0
-4078.0
-3305.0
-9408.0
-1850.0
-3523.0
-6199.0
-5405.0
-9744.0
-5558.0
-3678.0
-11467.0
-5919.0
-7793.0
-4840.0
-1869.0
-9160.0
-3282.0
-3681.0
-4071.0
-2579.0
-11335.0
-6941.0
-13485.0
-10592.0
-6340.0
-5560.0
-6118.0
-4060.0
-2729.0
-5187.0
-1488.0
-2150.0
-3045.0
-5805.0
-5219.0
-10601.0
-3158.0
-3553.0
-7381.0
-8847.0
-5318.0
-9374.0
-10006.0
-2899.0
-8460.0
-4740.0
-4293.0
-2137.0
-11341.0
-6208.0
-5347.0
-3342.0
-6515.0
-3816.0
-3321.0
-7250.0
-6524.0
-8606.0
-3423.0
-1587.0
-3452.0
-6690.0
-7557.0
-2517.0
-2314.0
-6405.0
-2889.0
-3866.0
-8507.0
-4202.0
-6850.0
-4488.0
-6244.0
-6556.0
-5886.0
-3957.0
-2410.0
-604.0
-3459.0
-5348.0
-5648.0
-5918.0
-1564.0
-3540.0
-3565.0
-5737.0
-2419.0
-4031.0
-4413.0
-7755.0
-1874.0
-4069.0
-8015.0
-2559.0
-4413.0
-4455.0
-1668.0
-4217.0
-7316.0
-1544.0
-2739.0
-3084.0
-3822.0
-116.0
-9.0
-1870.0
-1823.0
-4964.0
-1464.0
-1390.0
-6109.0
-4157.0
-5639.0
-2161.0
-5077.0
-3847.0
-5650.0
-2999.0
-3542.0
-1936.0
-7996.0
-1800.0
-5945.0
-3615.0
-3848.0
-1412.0
-3053.0
-4430.0
-3479.0
-2630.0
-3064.0
-2366.0
-1206.0
-1092.0
-7237.0
-3797.0
-1050.0
-2499.0
-5034.0
-5681.0
-1901.0
-2040.0
-3436.0
-1428.0
-4272.0
-1711.0
-2970.0
-350.0
-4397.0
-2072.0
-1627.0
-2711.0
-3257.0
-638.0
-2834.0
-1541.0
-3193.0
-3230.0
-2046.0
-1578.0
-2741.0
-1154.0
-6229.0
-1558.0
-3219.0
-5392.0
-1907.0
-5582.0
-1829.0
-3922.0
-2914.0
-2144.0
-3937.0
-5421.0
-4581.0
-2466.0
-315.0
-2084.0
-2760.0
-3262.0
-1672.0
-1909.0
-3568.0
-1181.0
-1590.0
-2348.0
-726.0
-3952.0
-6798.0
-853.0
-1656.0
-3835.0
-3463.0
-496.0
-2789.0
-640.0
-467.0
-76.0
-2382.0
-461.0
-263.0
-1900.0
-3903.0
-498.0
-1167.0
-1174.0
-1332.0
-3208.0
-89.0
-1165.0
-776.0
-2604.0
-6195.0
-833.0
-897.0
-4007.0
-1241.0
-3306.0
-1413.0
-1690.0
-1473.0
-3727.0
-3039.0
-2425.0
-3698.0
-1449.0
-1102.0
-382.0
-1013.0
-2135.0
-692.0
-478.0
-1406.0
178.0
-2408.0
-1737.0
-404.0
-1209.0
-1348.0
-910.0
-139.0
-1043.0
-2785.0
-2526.0
-1761.0
-1148.0
-547.0
-584.0
-5408.0
-1513.0
-1518.0
-13.0
-2279.0
-1117.0
-1395.0
-2349.0
-1517.0
-2965.0
485.0
-350.0
-582.0
-1590.0
-2481.0
-306.0
-1014.0
-2391.0
-3594.0
-1807.0
-1636.0
-1277.0
-2060.0
-1428.0
-2581.0
-1514.0
-2875.0
-1411.0
-1005.0
-1734.0
-1935.0
-975.0
-2554.0
-1216.0
-1236.0
-1599.0
-2053.0
-884.0
-1211.0
-831.0
-1158.0
-2357.0
-167.0
-1466.0
-879.0
-953.0
-3153.0
-347.0
-410.0
-767.0
-1881.0
-309.0
72.0
87.0
-1377.0
-301.0
-706.0
397.0
-725.0
-1381.0
543.0
-991.0
-1136.0
-3211.0
-1299.0
-1968.0
-665.0
-1447.0
-378.0
-1423.0
-668.0
-598.0
-416.0
-1297.0
-1572.0
-1794.0
-1853.0
-59.0
-120.0
88.0
-441.0
-263.0
-163.0
-706.0
121.0
-1137.0
-880.0
-2592.0
-643.0
168.0
-651.0
-2916.0
-75.0
-175.0
-785.0
27.0
-1952.0
-1494.0
-577.0
-2041.0
-1659.0
-750.0
-245.0
91.0
-1682.0
-1157.0
-1567.0
-967.0
-400.0
-1500.0
558.0
-669.0
-1245.0
-1817.0
-584.0
-1686.0
76.0
-285.0
-1173.0
-326.0
-1835.0
6.0
-948.0
-643.0
-1637.0
-843.0
-323.0
9.0
299.0
216.0
-1469.0
-829.0
306.0
-1587.0
-46.0
649.0
-1157.0
-2106.0
-45.0
81.0
-680.0
-1021.0
-895.0
-239.0
-1441.0
-712.0
-1357.0
-818.0
-121.0
335.0
-2108.0
20.0
12.0
492.0
-1241.0
-295.0
-64.0
-6.0
-8.0
-1503.0
394.0
426.0
-580.0
-888.0
-1777.0
-373.0
159.0
28.0
-584.0
-485.0
-405.0
-661.0
-776.0
-535.0
-328.0
-496.0
-709.0
-246.0
204.0
-731.0
-562.0
-301.0
160.0
304.0
-2066.0
120.0
143.0
-366.0
311.0
681.0
23.0
-1056.0
436.0
-31.0
-776.0
-864.0
-829.0
-333.0
-410.0
-119.0
-1134.0
-288.0
-35.0
265.0
-158.0
225.0
21.0
170.0
-44.0
-1162.0
473.0
100.0
-1002.0
-1225.0
-232.0
319.0
-112.0
-880.0
372.0
-444.0
110.0
565.0
-785.0
276.0
-236.0
-1155.0
-318.0
-150.0
15.0
-134.0
-892.0
-262.0
-1471.0
339.0
-1361.0
493.0
-2108.0
-2490.0
-345.0
-1555.0
-1391.0
-955.0
54.0
-2203.0
-143.0
-3083.0
-1161.0
-1078.0
-488.0
-276.0
-1905.0
-794.0
-1267.0
-256.0
-2637.0
418.0
-43.0
-483.0
-539.0
-904.0
431.0
102.0
-1024.0
-963.0
-2093.0
-431.0
-784.0
-417.0
-141.0
-61.0
92.0
-234.0
-753.0
-695.0
-1447.0
-715.0
2.0
-861.0
241.0
-84.0
-1507.0
-224.0
458.0
420.0
486.0
-86.0
-203.0
-1497.0
398.0
406.0
-353.0
407.0
-507.0
-1484.0
-917.0
-588.0
-1628.0
-95.0
-214.0
-71.0
-2012.0
194.0
386.0
431.0
-267.0
-415.0
169.0
-756.0
-729.0
-802.0
265.0
-287.0
-815.0
-88.0
-655.0
426.0
-442.0
-479.0
-170.0
-864.0
-596.0
-1000.0
-669.0
494.0
-599.0
-310.0
-368.0
-1744.0
512.0
542.0
-1515.0
162.0
403.0
14.0
610.0
556.0
-866.0
-692.0
-670.0
533.0
-579.0
-759.0
685.0
-721.0
-1089.0
-686.0
-1209.0
-115.0
401.0
371.0
-1099.0
-45.0
190.0
94.0
-241.0
264.0
455.0
-334.0
-217.0
-973.0
573.0
584.0
-261.0
-443.0
-1768.0
-522.0
383.0
-87.0
-780.0
-350.0
-106.0
-17.0
-200.0
-418.0
-462.0
-1593.0
-1639.0
401.0
545.0
234.0
-743.0
66.0
41.0
-284.0
482.0
513.0
81.0
-385.0
-34.0
-38.0
212.0
60.0
188.0
-751.0
-633.0
-714.0
-1771.0
630.0
321.0
486.0
-913.0
49.0
259.0
322.0
-372.0
-339.0
581.0
588.0
-210.0
-1273.0
-346.0
501.0
-408.0
-474.0
-1025.0
455.0
-960.0
-862.0
-810.0
-1173.0
-1397.0
-340.0
-1296.0
-777.0
-1018.0
-1217.0
-427.0
402.0
-272.0
501.0
48.0
-425.0
398.0
-372.0
146.0
110.0
-58.0
-146.0
64.0
-209.0
-2446.0
-371.0
109.0
-1289.0
-594.0
-931.0
-498.0
148.0
521.0
525.0
-1302.0
45.0
603.0
131.0
-47.0
335.0
167.0
382.0
-366.0
-1142.0
690.0
234.0
-680.0
28.0
-615.0
220.0
-185.0
-147.0
146.0
-405.0
-66.0
224.0
-282.0
-62.0
-1408.0
-1057.0
-571.0
422.0
616.0
628.0
-144.0
221.0
331.0
205.0
438.0
652.0
-442.0
-240.0
583.0
295.0
290.0
84.0
243.0
-1085.0
-349.0
30.0
-852.0
416.0
563.0
412.0
-1538.0
-517.0
247.0
13.0
-1712.0
308.0
528.0
-261.0
-60.0
-253.0
597.0
194.0
-236.0
-959.0
-145.0
48.0
389.0
-111.0
193.0
177.0
-1253.0
381.0
-681.0
-196.0
-1726.0
-586.0
-52.0
-41.0
585.0
562.0
-70.0
208.0
485.0
499.0
648.0
308.0
-47.0
9.0
655.0
535.0
-144.0
-36.0
391.0
-74.0
-534.0
-301.0
-804.0
527.0
122.0
439.0
-359.0
-867.0
188.0
469.0
189.0
570.0
546.0
365.0
36.0
-577.0
-198.0
563.0
35.0
-142.0
-2249.0
-496.0
369.0
-1221.0
-752.0
-264.0
-146.0
190.0
-575.0
210.0
-760.0
-1343.0
313.0
441.0
618.0
440.0
24.0
252.0
272.0
242.0
-600.0
638.0
246.0
321.0
140.0
209.0
132.0
-351.0
291.0
239.0
-148.0
-26.0
-1045.0
391.0
662.0
414.0
-2297.0
16.0
-468.0
401.0
-1263.0
565.0
430.0
261.0
371.0
-1260.0
649.0
341.0
-517.0
-384.0
-247.0
543.0
-147.0
-61.0
336.0
-592.0
-332.0
482.0
-6.0
335.0
-369.0
-517.0
142.0
475.0
483.0
497.0
186.0
94.0
570.0
410.0
315.0
697.0
242.0
-275.0
680.0
-58.0
-63.0
147.0
574.0
186.0
-267.0
361.0
-671.0
481.0
622.0
301.0
-840.0
227.0
539.0
-121.0
-202.0
355.0
410.0
-304.0
330.0
-658.0
694.0
652.0
139.0
-123.0
-133.0
-850.0
300.0
-525.0
-70.0
-640.0
245.0
308.0
-238.0
-388.0
-984.0
-464.0
288.0
359.0
-188.0
685.0
-405.0
386.0
333.0
542.0
324.0
154.0
-2.0
209.0
411.0
10.0
7.0
-1340.0
663.0
201.0
-268.0
111.0
-121.0
149.0
201.0
545.0
-803.0
469.0
515.0
477.0
-218.0
547.0
681.0
608.0
110.0
-1639.0
661.0
691.0
-778.0
-897.0
-544.0
285.0
253.0
-1145.0
359.0
-401.0
362.0
525.0
108.0
361.0
-459.0
-559.0
294.0
23.0
669.0
223.0
-448.0
83.0
-109.0
50.0
430.0
460.0
145.0
9.0
369.0
564.0
235.0
272.0
506.0
212.0
-70.0
440.0
-197.0
356.0
625.0
423.0
-463.0
312.0
587.0
581.0
133.0
457.0
693.0
560.0
230.0
-409.0
706.0
685.0
543.0
-846.0
-134.0
476.0
410.0
-736.0
-1283.0
255.0
272.0
505.0
-756.0
352.0
-497.0
-687.0
375.0
436.0
652.0
497.0
-45.0
376.0
247.0
490.0
628.0
649.0
116.0
-629.0
635.0
632.0
273.0
181.0
623.0
28.0
230.0
-217.0
-643.0
374.0
554.0
396.0
-550.0
590.0
606.0
436.0
130.0
350.0
580.0
556.0
-130.0
-217.0
330.0
671.0
247.0
-640.0
-612.0
-244.0
211.0
122.0
211.0
-163.0
-192.0
226.0
-542.0
152.0
-222.0
-1405.0
214.0
266.0
400.0
-247.0
262.0
319.0
447.0
544.0
121.0
-132.0
-402.0
114.0
505.0
656.0
270.0
49.0
627.0
407.0
323.0
530.0
-69.0
505.0
688.0
439.0
-410.0
629.0
708.0
-267.0
88.0
567.0
624.0
474.0
116.0
-957.0
725.0
31.0
-390.0
-775.0
4.0
626.0
321.0
-594.0
155.0
-976.0
-1285.0
503.0
-274.0
-10.0
-707.0
-236.0
305.0
443.0
629.0
645.0
-853.0
411.0
619.0
475.0
502.0
442.0
313.0
-330.0
322.0
722.0
242.0
64.0
467.0
477.0
283.0
211.0
-1047.0
599.0
419.0
307.0
-922.0
-210.0
565.0
608.0
360.0
626.0
609.0
255.0
211.0
-628.0
566.0
313.0
-157.0
-520.0
-391.0
384.0
574.0
-1040.0
310.0
105.0
152.0
424.0
-42.0
367.0
-316.0
-271.0
103.0
567.0
582.0
682.0
238.0
258.0
662.0
608.0
429.0
701.0
-23.0
-366.0
595.0
621.0
100.0
422.0
654.0
-35.0
280.0
492.0
-218.0
585.0
622.0
198.0
-747.0
-137.0
673.0
369.0
241.0
629.0
641.0
682.0
213.0
-271.0
-360.0
344.0
129.0
-56.0
-463.0
279.0
597.0
73.0
344.0
24.0
-12.0
111.0
-117.0
204.0
-158.0
-1431.0
-1038.0
617.0
596.0
400.0
-386.0
93.0
543.0
373.0
524.0
705.0
-354.0
294.0
715.0
565.0
-130.0
372.0
613.0
257.0
-13.0
492.0
-203.0
546.0
614.0
499.0
-909.0
419.0
673.0
9.0
176.0
589.0
655.0
668.0
370.0
-468.0
564.0
710.0
131.0
153.0
-523.0
568.0
122.0
300.0
320.0
-230.0
91.0
592.0
-150.0
496.0
-506.0
-203.0
339.0
519.0
537.0
649.0
235.0
8.0
586.0
528.0
566.0
724.0
318.0
74.0
709.0
491.0
469.0
376.0
551.0
319.0
224.0
411.0
-441.0
638.0
550.0
372.0
-630.0
413.0
660.0
606.0
398.0
688.0
675.0
683.0
218.0
-892.0
721.0
704.0
-220.0
-749.0
-633.0
-401.0
-256.0
191.0
581.0
-95.0
419.0
470.0
200.0
97.0
-223.0
-1339.0
321.0
188.0
590.0
720.0
215.0
173.0
574.0
406.0
636.0
85.0
152.0
-678.0
690.0
320.0
243.0
159.0
284.0
400.0
190.0
496.0
-741.0
108.0
393.0
546.0
-951.0
558.0
586.0
417.0
-51.0
634.0
618.0
556.0
107.0
-892.0
678.0
362.0
447.0
-70.0
-481.0
504.0
409.0
-82.0
-202.0
431.0
-640.0
411.0
-377.0
294.0
-342.0
-202.0
0.0
205.0
521.0
550.0
285.0
223.0
534.0
503.0
600.0
689.0
-232.0
310.0
408.0
701.0
123.0
394.0
606.0
478.0
42.0
399.0
-387.0
595.0
345.0
427.0
-1073.0
544.0
476.0
650.0
-1.0
520.0
684.0
671.0
406.0
284.0
580.0
703.0
132.0
-569.0
174.0
504.0
142.0
126.0
262.0
137.0
-66.0
475.0
-386.0
498.0
-463.0
-514.0
289.0
566.0
681.0
322.0
54.0
300.0
468.0
641.0
648.0
728.0
388.0
154.0
653.0
634.0
117.0
236.0
671.0
282.0
209.0
276.0
-209.0
496.0
607.0
618.0
-496.0
318.0
230.0
486.0
-65.0
601.0
684.0
515.0
104.0
315.0
683.0
594.0
120.0
160.0
-147.0
413.0
400.0
204.0
261.0
418.0
41.0
531.0
-127.0
31.0
-548.0
-1429.0
-354.0
403.0
344.0
402.0
484.0
212.0
562.0
507.0
611.0
609.0
-14.0
-335.0
182.0
734.0
93.0
290.0
389.0
-681.0
92.0
110.0
-42.0
4.0
221.0
354.0
-296.0
567.0
651.0
622.0
200.0
143.0
-139.0
617.0
2.0
-341.0
684.0
734.0
-80.0
90.0
-30.0
518.0
271.0
127.0
435.0
-258.0
266.0
363.0
-129.0
-305.0
-322.0
-1678.0
249.0
-65.0
451.0
605.0
-54.0
57.0
381.0
631.0
594.0
635.0
327.0
108.0
661.0
672.0
332.0
546.0
597.0
362.0
-654.0
536.0
172.0
574.0
333.0
509.0
-681.0
521.0
654.0
549.0
78.0
652.0
706.0
700.0
204.0
155.0
556.0
674.0
307.0
194.0
199.0
652.0
471.0
-256.0
437.0
-155.0
275.0
454.0
158.0
379.0
16.0
64.0
344.0
460.0
464.0
630.0
41.0
81.0
539.0
576.0
592.0
694.0
218.0
48.0
690.0
570.0
-146.0
565.0
626.0
299.0
251.0
379.0
41.0
497.0
673.0
488.0
18.0
505.0
723.0
450.0
231.0
682.0
546.0
612.0
195.0
236.0
631.0
511.0
355.0
-314.0
-264.0
588.0
571.0
251.0
400.0
280.0
230.0
549.0
-213.0
413.0
-598.0
-767.0
-95.0
580.0
668.0
685.0
50.0
-469.0
218.0
617.0
485.0
667.0
421.0
398.0
630.0
735.0
355.0
335.0
559.0
35.0
282.0
288.0
-140.0
449.0
651.0
569.0
-941.0
540.0
686.0
540.0
337.0
487.0
710.0
705.0
393.0
-207.0
725.0
697.0
11.0
67.0
84.0
609.0
532.0
237.0
459.0
198.0
-137.0
606.0
56.0
533.0
-514.0
-716.0
480.0
584.0
708.0
578.0
491.0
325.0
611.0
355.0
518.0
640.0
80.0
279.0
681.0
608.0
266.0
357.0
668.0
467.0
-326.0
382.0
-102.0
441.0
637.0
522.0
-615.0
375.0
611.0
198.0
483.0
600.0
670.0
696.0
376.0
189.0
697.0
672.0
430.0
247.0
48.0
625.0
542.0
-62.0
476.0
333.0
117.0
632.0
-115.0
310.0
-33.0
-316.0
-10.0
457.0
670.0
658.0
-9.0
237.0
335.0
656.0
673.0
450.0
267.0
203.0
634.0
557.0
185.0
174.0
546.0
413.0
289.0
286.0
-45.0
704.0
239.0
650.0
-61.0
553.0
723.0
375.0
444.0
579.0
660.0
672.0
63.0
-51.0
605.0
681.0
201.0
43.0
88.0
661.0
255.0
58.0
371.0
248.0
10.0
556.0
186.0
456.0
-188.0
-135.0
272.0
452.0
702.0
705.0
383.0
457.0
559.0
531.0
602.0
732.0
290.0
284.0
711.0
673.0
340.0
441.0
716.0
165.0
448.0
526.0
128.0
497.0
622.0
587.0
-60.0
423.0
637.0
484.0
139.0
706.0
286.0
666.0
-172.0
-115.0
-811.0
603.0
292.0
-39.0
-24.0
632.0
494.0
251.0
539.0
-190.0
-82.0
406.0
136.0
484.0
-137.0
51.0
508.0
530.0
721.0
668.0
347.0
443.0
583.0
620.0
505.0
695.0
370.0
327.0
671.0
676.0
516.0
425.0
677.0
416.0
335.0
184.0
31.0
507.0
631.0
407.0
-408.0
604.0
650.0
586.0
339.0
632.0
661.0
572.0
299.0
-492.0
703.0
718.0
312.0
-74.0
-342.0
631.0
563.0
-15.0
168.0
-458.0
193.0
382.0
-31.0
456.0
-164.0
-1537.0
-304.0
-410.0
737.0
356.0
167.0
230.0
617.0
571.0
561.0
724.0
201.0
316.0
48.0
652.0
181.0
396.0
623.0
303.0
238.0
567.0
-224.0
625.0
551.0
487.0
-550.0
444.0
578.0
608.0
468.0
413.0
671.0
589.0
416.0
-90.0
729.0
675.0
233.0
-186.0
66.0
636.0
573.0
308.0
436.0
87.0
59.0
293.0
213.0
320.0
-182.0
-45.0
297.0
618.0
687.0
643.0
346.0
542.0
644.0
427.0
663.0
598.0
276.0
387.0
671.0
615.0
385.0
350.0
693.0
487.0
-73.0
498.0
-903.0
240.0
603.0
543.0
-775.0
481.0
249.0
577.0
393.0
604.0
676.0
378.0
471.0
-17.0
636.0
630.0
107.0
242.0
106.0
237.0
630.0
267.0
419.0
299.0
211.0
540.0
-337.0
493.0
-243.0
-202.0
393.0
340.0
713.0
675.0
223.0
404.0
626.0
517.0
564.0
681.0
369.0
153.0
636.0
669.0
370.0
303.0
650.0
518.0
12.0
520.0
-509.0
552.0
644.0
431.0
-476.0
540.0
529.0
640.0
200.0
697.0
661.0
542.0
384.0
417.0
698.0
691.0
232.0
18.0
286.0
569.0
531.0
202.0
440.0
-28.0
253.0
595.0
168.0
483.0
-350.0
-1346.0
422.0
529.0
712.0
634.0
309.0
368.0
657.0
614.0
595.0
736.0
330.0
491.0
716.0
632.0
468.0
180.0
611.0
408.0
66.0
565.0
-324.0
665.0
564.0
452.0
-688.0
441.0
679.0
614.0
227.0
680.0
712.0
492.0
422.0
-64.0
718.0
639.0
-228.0
191.0
-256.0
660.0
504.0
183.0
397.0
512.0
210.0
662.0
213.0
406.0
-45.0
-128.0
478.0
444.0
617.0
612.0
313.0
143.0
658.0
531.0
481.0
700.0
215.0
127.0
687.0
654.0
554.0
585.0
600.0
212.0
84.0
501.0
-851.0
521.0
675.0
615.0
-523.0
609.0
595.0
597.0
449.0
458.0
706.0
664.0
-20.0
360.0
718.0
708.0
287.0
-20.0
-384.0
666.0
72.0
-214.0
421.0
123.0
228.0
610.0
41.0
438.0
-186.0
-649.0
377.0
517.0
717.0
697.0
189.0
260.0
529.0
294.0
250.0
8.0
-772.0
-569.0
708.0
446.0
-752.0
207.0
379.0
396.0
34.0
466.0
-115.0
499.0
440.0
549.0
-342.0
518.0
648.0
391.0
426.0
696.0
698.0
632.0
306.0
-570.0
706.0
702.0
370.0
-89.0
-311.0
590.0
412.0
-823.0
145.0
417.0
218.0
125.0
230.0
416.0
-105.0
-481.0
448.0
305.0
661.0
172.0
390.0
241.0
399.0
267.0
149.0
679.0
-447.0
2.0
527.0
215.0
218.0
402.0
495.0
351.0
-129.0
496.0
72.0
607.0
638.0
276.0
-1181.0
459.0
694.0
312.0
-45.0
398.0
543.0
-824.0
320.0
-147.0
633.0
661.0
260.0
170.0
-50.0
394.0
-72.0
48.0
359.0
360.0
28.0
462.0
-20.0
426.0
-365.0
-253.0
223.0
537.0
735.0
399.0
196.0
284.0
-377.0
585.0
547.0
749.0
275.0
248.0
743.0
677.0
461.0
579.0
605.0
482.0
143.0
510.0
200.0
525.0
664.0
567.0
-351.0
626.0
708.0
579.0
465.0
527.0
696.0
675.0
394.0
-34.0
746.0
669.0
415.0
-42.0
43.0
631.0
480.0
-445.0
489.0
413.0
120.0
631.0
257.0
465.0
-74.0
-389.0
216.0
462.0
682.0
460.0
188.0
261.0
491.0
434.0
629.0
743.0
235.0
172.0
644.0
734.0
402.0
-377.0
683.0
434.0
109.0
238.0
-679.0
604.0
534.0
522.0
-451.0
533.0
578.0
643.0
403.0
568.0
512.0
681.0
431.0
210.0
706.0
664.0
453.0
235.0
-1.0
641.0
438.0
-450.0
311.0
334.0
-414.0
430.0
-1025.0
492.0
-474.0
-386.0
252.0
560.0
211.0
539.0
241.0
-51.0
571.0
411.0
612.0
425.0
458.0
144.0
709.0
739.0
362.0
482.0
480.0
263.0
216.0
490.0
-435.0
617.0
506.0
630.0
-95.0
321.0
652.0
492.0
465.0
618.0
588.0
525.0
478.0
232.0
702.0
687.0
106.0
-91.0
-508.0
617.0
512.0
-348.0
354.0
-200.0
369.0
471.0
335.0
368.0
-122.0
-379.0
383.0
-445.0
626.0
535.0
-275.0
349.0
458.0
-11.0
440.0
579.0
406.0
470.0
563.0
612.0
492.0
353.0
485.0
491.0
342.0
418.0
-388.0
566.0
675.0
390.0
-674.0
569.0
504.0
216.0
444.0
569.0
596.0
700.0
353.0
47.0
720.0
739.0
294.0
134.0
31.0
637.0
410.0
358.0
501.0
293.0
239.0
610.0
253.0
486.0
-302.0
-332.0
443.0
323.0
663.0
652.0
217.0
325.0
627.0
634.0
504.0
726.0
385.0
303.0
724.0
660.0
-7.0
453.0
694.0
410.0
208.0
629.0
140.0
462.0
179.0
592.0
-506.0
531.0
615.0
422.0
330.0
649.0
441.0
572.0
449.0
157.0
396.0
651.0
185.0
143.0
152.0
616.0
590.0
104.0
305.0
192.0
353.0
570.0
322.0
241.0
-302.0
179.0
296.0
595.0
658.0
676.0
399.0
79.0
510.0
640.0
589.0
738.0
188.0
369.0
721.0
726.0
204.0
504.0
636.0
479.0
58.0
169.0
-318.0
503.0
675.0
620.0
-233.0
245.0
680.0
573.0
454.0
651.0
672.0
681.0
339.0
-42.0
723.0
710.0
-7.0
-73.0
267.0
670.0
471.0
43.0
469.0
281.0
116.0
563.0
-91.0
358.0
-554.0
-1020.0
304.0
503.0
713.0
704.0
472.0
323.0
614.0
608.0
537.0
724.0
192.0
-157.0
692.0
405.0
410.0
-27.0
670.0
263.0
291.0
283.0
33.0
469.0
268.0
464.0
-441.0
2.0
658.0
646.0
413.0
382.0
722.0
636.0
135.0
-55.0
735.0
681.0
361.0
-61.0
-44.0
626.0
459.0
321.0
491.0
290.0
302.0
590.0
37.0
530.0
-751.0
-241.0
389.0
528.0
707.0
655.0
377.0
386.0
602.0
603.0
615.0
736.0
265.0
326.0
725.0
608.0
264.0
425.0
666.0
465.0
146.0
412.0
-254.0
625.0
667.0
538.0
-169.0
441.0
638.0
291.0
448.0
566.0
640.0
605.0
68.0
-118.0
688.0
586.0
263.0
-138.0
95.0
592.0
355.0
163.0
297.0
125.0
174.0
581.0
412.0
527.0
-114.0
-205.0
538.0
543.0
726.0
655.0
104.0
275.0
544.0
624.0
595.0
733.0
155.0
391.0
616.0
713.0
481.0
291.0
657.0
493.0
-206.0
313.0
211.0
636.0
709.0
559.0
85.0
117.0
702.0
275.0
224.0
659.0
662.0
727.0
-33.0
-220.0
702.0
661.0
334.0
90.0
115.0
521.0
648.0
27.0
227.0
346.0
247.0
601.0
221.0
437.0
-558.0
-226.0
466.0
559.0
682.0
702.0
105.0
345.0
603.0
635.0
585.0
732.0
462.0
338.0
706.0
730.0
376.0
492.0
669.0
466.0
443.0
462.0
-987.0
609.0
666.0
229.0
-355.0
664.0
635.0
593.0
405.0
581.0
689.0
716.0
337.0
15.0
701.0
692.0
531.0
189.0
110.0
652.0
506.0
-35.0
420.0
234.0
154.0
591.0
38.0
486.0
17.0
215.0
-361.0
351.0
686.0
648.0
367.0
-128.0
180.0
598.0
364.0
732.0
-319.0
239.0
-61.0
686.0
241.0
263.0
472.0
473.0
-965.0
-689.0
-1458.0
403.0
-998.0
643.0
-640.0
578.0
604.0
592.0
-1142.0
160.0
658.0
717.0
267.0
123.0
669.0
687.0
-29.0
-906.0
-210.0
540.0
571.0
-201.0
-7.0
379.0
29.0
84.0
-771.0
336.0
-107.0
-543.0
411.0
493.0
610.0
604.0
207.0
279.0
378.0
646.0
575.0
679.0
-309.0
417.0
700.0
698.0
513.0
-94.0
569.0
497.0
-39.0
459.0
-484.0
-77.0
403.0
377.0
-481.0
125.0
655.0
480.0
242.0
673.0
708.0
660.0
-1169.0
-1747.0
584.0
103.0
-952.0
-336.0
146.0
648.0
544.0
-20.0
534.0
-140.0
-36.0
624.0
245.0
-502.0
-549.0
169.0
17.0
58.0
657.0
657.0
-190.0
45.0
565.0
618.0
616.0
680.0
183.0
530.0
700.0
698.0
527.0
31.0
611.0
505.0
-194.0
609.0
-307.0
681.0
499.0
460.0
-520.0
507.0
649.0
554.0
106.0
669.0
689.0
694.0
88.0
161.0
706.0
716.0
246.0
144.0
71.0
661.0
620.0
372.0
433.0
276.0
159.0
510.0
184.0
366.0
-1617.0
-181.0
-143.0
201.0
683.0
525.0
-205.0
246.0
260.0
636.0
-238.0
632.0
-890.0
432.0
723.0
708.0
494.0
404.0
553.0
511.0
401.0
581.0
-349.0
610.0
625.0
640.0
-557.0
524.0
639.0
296.0
389.0
698.0
619.0
650.0
423.0
2.0
712.0
371.0
303.0
113.0
-110.0
285.0
617.0
-64.0
343.0
61.0
127.0
551.0
91.0
485.0
-82.0
-148.0
213.0
0.0
674.0
617.0
333.0
235.0
421.0
573.0
529.0
717.0
384.0
387.0
513.0
485.0
445.0
331.0
670.0
270.0
528.0
114.0
201.0
475.0
446.0
579.0
-134.0
387.0
409.0
611.0
492.0
637.0
642.0
678.0
112.0
268.0
680.0
665.0
425.0
-261.0
-118.0
562.0
327.0
176.0
452.0
328.0
-128.0
213.0
-123.0
603.0
-153.0
87.0
402.0
580.0
735.0
680.0
281.0
304.0
593.0
533.0
624.0
742.0
407.0
547.0
726.0
684.0
438.0
91.0
649.0
438.0
414.0
271.0
-74.0
530.0
666.0
479.0
-272.0
504.0
590.0
561.0
437.0
642.0
329.0
684.0
205.0
60.0
722.0
600.0
424.0
176.0
-5.0
596.0
546.0
14.0
445.0
530.0
249.0
600.0
85.0
467.0
58.0
-462.0
401.0
494.0
686.0
153.0
359.0
195.0
267.0
606.0
438.0
705.0
378.0
268.0
695.0
738.0
510.0
459.0
629.0
516.0
215.0
387.0
-158.0
490.0
654.0
558.0
-522.0
166.0
706.0
521.0
501.0
597.0
721.0
541.0
378.0
266.0
727.0
597.0
29.0
77.0
-133.0
515.0
94.0
190.0
175.0
-561.0
388.0
578.0
-212.0
509.0
-330.0
-783.0
90.0
474.0
619.0
618.0
350.0
284.0
594.0
632.0
546.0
708.0
393.0
407.0
716.0
665.0
432.0
320.0
629.0
558.0
298.0
398.0
88.0
563.0
686.0
612.0
-267.0
573.0
609.0
577.0
573.0
661.0
728.0
682.0
159.0
378.0
711.0
659.0
447.0
50.0
-125.0
656.0
604.0
156.0
460.0
242.0
167.0
577.0
227.0
434.0
-13.0
-2.0
456.0
452.0
635.0
698.0
445.0
150.0
525.0
548.0
365.0
715.0
403.0
424.0
651.0
730.0
486.0
379.0
635.0
462.0
168.0
569.0
-15.0
522.0
578.0
489.0
-109.0
658.0
532.0
553.0
469.0
564.0
693.0
522.0
333.0
244.0
708.0
695.0
310.0
146.0
-65.0
567.0
576.0
194.0
434.0
430.0
71.0
502.0
176.0
468.0
-833.0
-349.0
141.0
407.0
643.0
608.0
84.0
285.0
595.0
392.0
651.0
709.0
338.0
425.0
698.0
352.0
553.0
-170.0
595.0
124.0
250.0
521.0
-105.0
617.0
653.0
580.0
-660.0
590.0
707.0
533.0
379.0
627.0
678.0
688.0
277.0
29.0
699.0
703.0
396.0
244.0
35.0
630.0
568.0
160.0
278.0
145.0
189.0
472.0
-601.0
551.0
-504.0
200.0
328.0
562.0
717.0
591.0
359.0
245.0
572.0
561.0
371.0
734.0
421.0
191.0
690.0
664.0
427.0
381.0
566.0
265.0
303.0
280.0
13.0
431.0
706.0
538.0
-234.0
556.0
703.0
655.0
315.0
634.0
547.0
668.0
389.0
66.0
643.0
631.0
208.0
-17.0
102.0
652.0
579.0
343.0
351.0
217.0
246.0
588.0
103.0
501.0
-77.0
-121.0
415.0
176.0
715.0
674.0
383.0
278.0
625.0
670.0
599.0
647.0
430.0
438.0
722.0
701.0
349.0
-131.0
688.0
200.0
-167.0
495.0
-5.0
607.0
703.0
593.0
-445.0
551.0
642.0
557.0
307.0
573.0
668.0
702.0
440.0
-833.0
250.0
699.0
259.0
140.0
-31.0
578.0
446.0
-141.0
482.0
145.0
169.0
545.0
88.0
487.0
-108.0
-317.0
283.0
341.0
695.0
657.0
355.0
271.0
578.0
355.0
521.0
718.0
30.0
21.0
686.0
724.0
343.0
427.0
613.0
255.0
536.0
225.0
-122.0
380.0
200.0
615.0
-923.0
556.0
298.0
419.0
338.0
-34.0
655.0
608.0
-222.0
2.0
551.0
344.0
265.0
259.0
-219.0
600.0
499.0
69.0
513.0
395.0
224.0
599.0
224.0
506.0
-58.0
-3.0
355.0
550.0
683.0
512.0
477.0
352.0
537.0
522.0
644.0
687.0
258.0
502.0
679.0
706.0
249.0
458.0
704.0
343.0
332.0
459.0
8.0
576.0
616.0
404.0
-20.0
546.0
687.0
563.0
443.0
639.0
501.0
589.0
419.0
18.0
598.0
687.0
424.0
251.0
216.0
536.0
577.0
397.0
534.0
232.0
265.0
603.0
-309.0
555.0
-171.0
198.0
354.0
567.0
608.0
626.0
224.0
352.0
586.0
409.0
489.0
708.0
296.0
375.0
600.0
718.0
537.0
457.0
711.0
416.0
403.0
510.0
-140.0
617.0
635.0
598.0
23.0
619.0
624.0
594.0
515.0
614.0
698.0
637.0
351.0
-190.0
679.0
727.0
452.0
209.0
266.0
635.0
587.0
218.0
390.0
488.0
202.0
581.0
17.0
384.0
-485.0
-456.0
343.0
486.0
691.0
510.0
598.0
160.0
441.0
665.0
555.0
690.0
446.0
14.0
678.0
692.0
493.0
472.0
666.0
487.0
275.0
564.0
160.0
536.0
629.0
302.0
-224.0
455.0
702.0
558.0
350.0
653.0
639.0
711.0
233.0
147.0
628.0
685.0
292.0
88.0
203.0
641.0
628.0
371.0
474.0
399.0
-359.0
633.0
255.0
480.0
77.0
201.0
539.0
175.0
690.0
645.0
407.0
307.0
537.0
617.0
596.0
673.0
286.0
359.0
720.0
706.0
458.0
508.0
605.0
449.0
308.0
533.0
169.0
322.0
510.0
482.0
-80.0
-1363.0
588.0
469.0
206.0
695.0
742.0
120.0
230.0
353.0
682.0
100.0
-73.0
274.0
90.0
626.0
331.0
445.0
527.0
50.0
324.0
619.0
-444.0
-65.0
-228.0
-205.0
-42.0
484.0
692.0
593.0
270.0
298.0
608.0
604.0
403.0
720.0
358.0
427.0
698.0
712.0
538.0
455.0
694.0
503.0
314.0
560.0
275.0
510.0
679.0
459.0
-18.0
450.0
584.0
613.0
261.0
685.0
724.0
681.0
361.0
210.0
624.0
725.0
457.0
-381.0
-23.0
515.0
327.0
16.0
365.0
-130.0
302.0
633.0
-5.0
-766.0
-90.0
-33.0
-259.0
534.0
684.0
678.0
488.0
437.0
622.0
567.0
614.0
712.0
376.0
373.0
715.0
574.0
359.0
354.0
641.0
500.0
265.0
369.0
-249.0
578.0
338.0
623.0
-175.0
636.0
676.0
661.0
402.0
659.0
683.0
641.0
231.0
358.0
712.0
655.0
311.0
208.0
203.0
527.0
622.0
359.0
350.0
415.0
16.0
522.0
127.0
434.0
-129.0
-204.0
385.0
552.0
710.0
689.0
401.0
422.0
602.0
656.0
531.0
614.0
291.0
215.0
711.0
455.0
337.0
272.0
422.0
184.0
354.0
402.0
-165.0
563.0
574.0
367.0
39.0
606.0
712.0
554.0
415.0
665.0
607.0
622.0
430.0
-173.0
659.0
727.0
475.0
48.0
217.0
531.0
468.0
311.0
428.0
-119.0
293.0
543.0
316.0
462.0
-24.0
-75.0
482.0
444.0
691.0
657.0
500.0
389.0
389.0
606.0
656.0
730.0
332.0
405.0
628.0
577.0
477.0
162.0
569.0
427.0
496.0
599.0
-48.0
534.0
263.0
475.0
-179.0
633.0
596.0
619.0
417.0
684.0
701.0
665.0
456.0
-99.0
706.0
737.0
465.0
129.0
173.0
603.0
364.0
34.0
500.0
447.0
226.0
592.0
105.0
479.0
-147.0
297.0
315.0
475.0
713.0
669.0
341.0
245.0
331.0
653.0
560.0
740.0
418.0
471.0
696.0
705.0
478.0
416.0
641.0
500.0
299.0
525.0
-130.0
543.0
660.0
369.0
-471.0
627.0
687.0
573.0
522.0
707.0
721.0
700.0
259.0
295.0
373.0
359.0
374.0
58.0
70.0
578.0
159.0
407.0
371.0
-17.0
307.0
645.0
258.0
563.0
-198.0
297.0
443.0
322.0
678.0
435.0
312.0
415.0
558.0
477.0
656.0
727.0
384.0
481.0
693.0
536.0
271.0
563.0
644.0
508.0
381.0
560.0
-142.0
607.0
712.0
605.0
-311.0
657.0
714.0
502.0
364.0
102.0
683.0
362.0
370.0
187.0
556.0
577.0
430.0
199.0
187.0
602.0
513.0
323.0
332.0
446.0
200.0
594.0
351.0
519.0
-212.0
-128.0
422.0
473.0
567.0
552.0
418.0
312.0
453.0
635.0
595.0
672.0
390.0
456.0
713.0
681.0
506.0
462.0
664.0
511.0
400.0
419.0
110.0
522.0
636.0
541.0
-349.0
557.0
478.0
599.0
416.0
492.0
649.0
590.0
-321.0
25.0
726.0
671.0
391.0
253.0
19.0
591.0
463.0
298.0
390.0
54.0
376.0
413.0
121.0
348.0
72.0
-532.0
439.0
332.0
358.0
554.0
444.0
376.0
553.0
665.0
639.0
737.0
402.0
522.0
711.0
693.0
494.0
377.0
653.0
425.0
146.0
547.0
-63.0
628.0
587.0
224.0
-501.0
428.0
670.0
624.0
546.0
683.0
688.0
540.0
259.0
35.0
619.0
682.0
210.0
273.0
194.0
531.0
578.0
404.0
361.0
432.0
-285.0
469.0
14.0
465.0
-66.0
-638.0
449.0
450.0
685.0
619.0
472.0
-51.0
612.0
492.0
640.0
713.0
346.0
532.0
735.0
648.0
348.0
537.0
539.0
323.0
114.0
255.0
106.0
468.0
711.0
426.0
-205.0
651.0
683.0
527.0
431.0
623.0
681.0
687.0
450.0
24.0
367.0
673.0
404.0
264.0
-167.0
633.0
486.0
208.0
524.0
354.0
164.0
521.0
200.0
396.0
-69.0
-32.0
291.0
295.0
702.0
659.0
438.0
434.0
539.0
581.0
580.0
745.0
428.0
477.0
709.0
702.0
480.0
480.0
542.0
486.0
305.0
537.0
139.0
618.0
661.0
577.0
121.0
566.0
595.0
562.0
517.0
656.0
724.0
589.0
493.0
-380.0
481.0
698.0
115.0
83.0
32.0
615.0
147.0
212.0
423.0
349.0
131.0
589.0
219.0
549.0
-65.0
-451.0
472.0
532.0
722.0
628.0
505.0
303.0
629.0
614.0
672.0
629.0
-124.0
-29.0
694.0
646.0
413.0
466.0
631.0
358.0
266.0
509.0
209.0
-219.0
661.0
502.0
-214.0
573.0
629.0
439.0
414.0
635.0
569.0
629.0
85.0
14.0
669.0
521.0
-61.0
-28.0
143.0
610.0
344.0
105.0
522.0
353.0
214.0
559.0
260.0
425.0
-23.0
-50.0
391.0
520.0
671.0
532.0
312.0
318.0
586.0
639.0
541.0
702.0
262.0
370.0
672.0
685.0
525.0
338.0
698.0
506.0
452.0
340.0
158.0
585.0
591.0
556.0
-325.0
426.0
671.0
518.0
511.0
626.0
657.0
610.0
442.0
273.0
720.0
698.0
153.0
163.0
-68.0
620.0
-173.0
165.0
482.0
507.0
211.0
445.0
260.0
542.0
-3.0
-129.0
367.0
469.0
649.0
599.0
-36.0
455.0
514.0
536.0
557.0
711.0
332.0
407.0
736.0
690.0
504.0
452.0
670.0
555.0
337.0
388.0
-149.0
624.0
607.0
453.0
-397.0
356.0
726.0
548.0
454.0
490.0
718.0
618.0
344.0
-226.0
677.0
732.0
392.0
86.0
283.0
664.0
610.0
202.0
531.0
412.0
197.0
646.0
66.0
533.0
-410.0
-208.0
109.0
551.0
689.0
55.0
327.0
306.0
619.0
558.0
556.0
707.0
417.0
405.0
641.0
710.0
545.0
-7.0
612.0
278.0
321.0
380.0
85.0
570.0
619.0
624.0
12.0
415.0
691.0
601.0
385.0
680.0
580.0
591.0
239.0
81.0
724.0
728.0
218.0
251.0
164.0
623.0
432.0
94.0
384.0
403.0
385.0
620.0
54.0
582.0
-58.0
348.0
327.0
556.0
629.0
688.0
328.0
435.0
655.0
618.0
672.0
683.0
432.0
391.0
696.0
706.0
163.0
455.0
689.0
496.0
332.0
262.0
126.0
573.0
660.0
520.0
24.0
422.0
703.0
610.0
494.0
659.0
737.0
648.0
322.0
229.0
437.0
713.0
311.0
221.0
275.0
602.0
470.0
415.0
370.0
76.0
227.0
637.0
-81.0
495.0
-194.0
-129.0
374.0
452.0
610.0
592.0
387.0
386.0
578.0
447.0
545.0
665.0
208.0
349.0
688.0
675.0
519.0
477.0
647.0
525.0
218.0
501.0
34.0
451.0
485.0
555.0
-388.0
474.0
531.0
603.0
404.0
668.0
689.0
580.0
432.0
117.0
615.0
737.0
314.0
215.0
-64.0
562.0
413.0
-37.0
427.0
318.0
227.0
405.0
174.0
447.0
-297.0
267.0
302.0
481.0
617.0
393.0
198.0
403.0
644.0
584.0
651.0
613.0
500.0
500.0
673.0
701.0
312.0
450.0
723.0
452.0
113.0
517.0
-86.0
603.0
474.0
577.0
-215.0
550.0
623.0
630.0
463.0
657.0
689.0
650.0
347.0
237.0
627.0
682.0
388.0
401.0
168.0
635.0
531.0
216.0
537.0
418.0
507.0
580.0
109.0
407.0
-127.0
-129.0
322.0
570.0
703.0
715.0
406.0
291.0
537.0
503.0
557.0
723.0
491.0
332.0
734.0
635.0
-172.0
376.0
-231.0
516.0
219.0
405.0
109.0
582.0
543.0
594.0
-72.0
452.0
565.0
539.0
193.0
659.0
712.0
650.0
459.0
199.0
680.0
686.0
264.0
-70.0
11.0
610.0
447.0
61.0
372.0
387.0
34.0
-871.0
-28.0
359.0
-358.0
136.0
256.0
486.0
692.0
613.0
420.0
470.0
578.0
605.0
630.0
681.0
411.0
463.0
729.0
647.0
-185.0
541.0
611.0
502.0
397.0
436.0
23.0
560.0
642.0
559.0
92.0
533.0
662.0
616.0
327.0
640.0
710.0
646.0
206.0
-43.0
683.0
691.0
480.0
126.0
-25.0
580.0
510.0
-47.0
513.0
439.0
323.0
526.0
69.0
519.0
-150.0
190.0
397.0
571.0
682.0
659.0
345.0
356.0
649.0
648.0
649.0
719.0
382.0
424.0
689.0
698.0
391.0
582.0
531.0
484.0
453.0
520.0
79.0
526.0
666.0
403.0
-48.0
615.0
563.0
629.0
449.0
664.0
728.0
671.0
277.0
341.0
668.0
704.0
463.0
297.0
212.0
601.0
485.0
255.0
156.0
384.0
177.0
609.0
228.0
497.0
59.0
-192.0
478.0
511.0
673.0
607.0
478.0
324.0
553.0
616.0
582.0
735.0
487.0
441.0
701.0
697.0
446.0
465.0
605.0
5.0
411.0
483.0
33.0
470.0
632.0
612.0
-60.0
530.0
690.0
587.0
494.0
689.0
641.0
652.0
403.0
256.0
738.0
728.0
434.0
65.0
148.0
567.0
552.0
-68.0
547.0
443.0
262.0
566.0
159.0
505.0
8.0
302.0
328.0
364.0
731.0
663.0
340.0
184.0
634.0
666.0
611.0
722.0
398.0
463.0
731.0
728.0
461.0
595.0
692.0
445.0
