-6791
-3567
-6878
2090
3305
-4931
-6128
-2138
-341
534
-8798
1945
5274
1952
3624
-8841
3326
-2475
-6079
-8407
-250
2140
-6230
-2675
758
-2230
-4535
-5068
5800
4188
-2709
4881
936
4527
3621
-5993
5237
3809
-5766
-2890
-2957
4938
-5921
5874
6776
1358
-5435
-350
3950
-901
-3465
5575
6145
4530
2522
-6286
7464
3489
-1455
-1095
-15
825
-6849
2254
4775
3566
-6052
2017
6793
6720
-1385
6580
3305
6368
-925
-2406
7109
5577
244
1535
1778
6740
-1267
7576
5664
80
-7148
4342
2321
4761
-2168
8059
5154
7298
4607
-7219
3801
8400
1640
182
2502
6008
-4997
7942
6948
4211
-3333
2798
6630
4386
-1306
4997
6191
5303
253
1520
8458
2686
3179
-5490
4198
2182
-4585
3834
8777
2389
43
2574
7494
4515
4675
2822
5300
5856
964
-3047
5024
4506
6456
126
3746
3080
1878
5842
7770
6534
-3670
7527
5704
4541
5838
7311
7540
7493
4594
3335
9943
7489
4586
-3465
2810
1625
-4602
6752
3579
6423
-1489
6239
7681
7068
1656
4949
6691
5639
943
5763
8774
7463
3922
2522
2123
6998
-1611
7552
9519
6014
1064
7361
7748
5382
4116
9309
10299
6426
6154
1719
7679
7556
3398
2339
-787
6060
-1558
7614
8032
9753
843
7007
9819
5191
4032
6925
9385
8684
5399
-1505
9065
10986
5567
5909
6721
7264
2772
9374
8281
9145
933
8731
9247
9732
5767
9299
9238
10717
8077
3773
9964
8143
6836
5596
3755
5124
2836
8529
11552
8421
-4663
9671
8181
9167
9171
8901
11051
10638
5620
-5
10713
8770
8644
652
602
8238
3924
7128
11199
11079
-1432
10696
9764
8788
7915
12145
9509
10697
4097
4831
11143
12272
8344
5823
5316
9538
5340
8300
10419
7389
-1736
9373
10806
9937
8412
8920
11731
11537
6282
4619
10502
10872
8484
4165
7266
5610
2533
7670
9561
9337
-1636
8929
10249
10237
7375
10686
11365
10980
7608
5020
7774
11554
8598
8472
7393
10069
1274
10629
9365
9784
678
9631
9809
12150
8549
9027
11583
11766
7346
5025
10927
11486
7140
6874
9715
9540
8161
8527
8768
10070
2046
11409
10243
12188
9790
11173
11833
9962
7528
8201
11474
11519
9029
6357
9085
10441
5629
9690
10341
10334
-2936
11167
10731
8192
8390
11145
9760
10441
7272
5615
11806
7908
10417
7497
9486
9636
5252
11576
11315
9593
3046
10956
10703
10174
6952
11391
10259
10164
8475
9305
10442
10675
5440
3874
4637
8662
4818
10060
8175
5467
418
9499
8774
10291
2730
7396
9038
10316
8885
2780
9392
10157
6683
3373
6131
10392
6439
9714
9852
4474
-1130
7926
9756
9973
5131
7890
3787
10053
5158
612
10132
9159
6178
3265
7280
5076
3546
7752
6138
4750
-645
7200
7319
9531
2709
9132
7576
9705
7894
5498
7162
10438
6423
2959
6298
7836
-382
9647
9849
6738
257
6381
6598
9977
4480
9203
9359
8144
8588
3620
10049
11629
8635
4200
5386
7819
3498
9670
6617
8935
8431
7924
11748
11676
7514
12016
11209
9358
8688
5653
12970
12044
7008
9070
3929
11314
2193
11518
11041
10990
1143
10179
11338
11795
7596
12102
12333
11594
8057
5369
11514
11244
9335
8042
7048
10638
2901
10732
11624
11329
3096
10039
9646
12034
9687
9967
11478
11106
6640
7152
12464
12120
6098
6648
9522
10019
2837
11484
7834
8669
5480
9722
10751
10999
8278
12963
10874
10555
8909
6403
11982
12332
4747
8794
6834
7916
676
10727
12915
12718
3633
9690
12155
11850
9507
11806
12569
11911
9120
5310
12649
11661
8194
7395
7582
9408
5026
10209
12439
12072
5899
10086
12136
11227
9739
10772
11562
12154
10722
6756
12228
12874
9465
7352
10591
10146
4986
11067
11591
11784
4223
10631
10931
11571
8891
11872
10943
11314
8679
9787
12121
10566
9433
3731
6510
10521
5379
11486
9715
8600
-351
7732
10314
10586
6960
12180
10297
11838
7726
207
10875
10145
9187
1098
5174
10860
5754
9366
9993
5863
-167
9062
9321
10185
2367
9138
9498
12045
11653
8797
12928
11041
9715
5789
8216
11891
6522
12326
12593
11957
3265
9882
12297
9557
7833
12206
12065
12100
8918
8251
11658
12326
10797
6325
5882
7495
7064
11701
12576
11109
4057
12436
11615
11024
9416
12009
11672
12306
10181
7392
12008
11462
9469
7244
10000
10479
6689
10372
11318
11897
-1520
11252
12197
8462
11575
11817
12574
12205
10516
5800
12295
10816
9835
7891
5306
10062
4630
11004
11194
12324
7990
12248
12037
12398
10252
12397
12534
12297
10872
10238
11620
12192
8291
8587
6322
10304
9228
9868
12950
10616
5209
12307
9159
12381
9647
12116
11302
10039
11013
9329
10763
9910
8873
4489
8887
9872
8327
8011
11262
9755
4794
11587
10639
11788
8029
12345
11438
12052
10796
5694
12824
12440
8760
5704
10530
9037
5206
11120
12240
6399
2505
10838
12291
12292
7333
11719
11707
10879
9905
9259
11073
10952
10441
3107
9606
11337
8844
12211
11241
11654
5199
10919
12018
12096
8251
11898
12277
11590
10374
7095
11395
12655
10098
2485
4301
10270
3043
10947
8457
9895
7332
10597
10225
8792
7858
11528
10082
11782
9161
1857
11196
12777
9799
8364
5506
10502
3926
10978
12158
11455
5222
11871
11653
9685
9863
10652
12407
12281
10709
8106
11406
11567
8335
8085
10400
11263
7082
12209
12474
11708
3629
11131
12059
11123
11066
8690
10929
10876
9148
8821
12016
11725
9190
10205
5953
8978
5375
10140
11162
11143
6083
11627
11497
11380
10185
11768
12086
11975
10234
7659
12200
11879
11482
10613
8785
10778
8871
10501
12543
9002
8162
11675
12318
12004
9816
12344
12416
12874
10854
8285
12580
12187
10542
7806
10418
10098
6293
12376
11194
11309
5664
10787
11961
12614
8259
12387
11052
12373
9589
8401
12402
11507
10646
8052
8363
11817
7008
12402
12412
11141
1885
10779
11192
11156
8444
11043
12125
12067
9821
7953
11227
12374
10489
8377
8676
10899
6258
10169
11934
9917
5561
9812
10810
11089
10101
10020
11560
11769
9565
5196
12304
11903
7836
8046
8762
10679
5814
11017
10869
10210
6367
8625
10464
11668
6033
11881
9547
11609
10462
4423
10856
12308
7133
8539
9609
10581
4673
11796
11186
11146
4610
10263
12223
11808
7490
11592
11761
11028
11621
6888
12740
10968
7183
5224
9567
11273
7904
12624
9687
10284
1210
9382
11853
10193
8564
11944
12675
12227
11594
8032
12359
12064
8940
9943
7487
11475
4385
12062
11022
11795
1546
9476
10815
8868
9865
12216
10622
11569
7459
6393
11445
12980
9923
8969
8754
10867
7009
10148
11544
11004
8237
11303
11982
10220
9617
11134
11948
11417
7569
7448
12648
12183
10237
10031
9572
10677
7106
10680
11789
12138
7828
11003
12234
11975
10645
11769
12231
12267
9068
8189
12836
12462
10329
8723
8189
10900
7174
9847
12896
11593
5081
11402
12668
11095
9737
11244
12685
12656
9318
8396
12217
12744
9970
9609
7772
8791
4547
10574
10782
12661
8879
11951
13020
12422
10680
10748
13277
11956
10432
9274
12787
12184
10853
10376
5375
9353
2990
9638
12784
11048
5567
12167
11820
11573
9106
11900
12457
11746
10168
9367
11871
11496
10963
9603
7274
10465
9100
10509
13257
11906
4494
12236
12384
10077
9095
10899
12387
12268
10118
8617
10851
10792
10516
7790
7956
9885
7267
11674
12008
11506
8130
10845
12293
11319
10243
12704
12031
12840
10950
9784
12464
11498
11444
10305
8673
11759
8764
12644
12375
12133
8883
11703
12937
11683
9523
11533
11347
12109
11693
7194
11315
11990
10902
9672
2045
10736
7353
9809
12561
12590
7461
11785
11414
9007
10914
12749
12714
10054
9589
8728
12641
12284
11043
10012
7097
10306
6579
12161
13251
12212
7649
9780
10962
11106
9568
9991
12336
10917
10780
8627
11450
12414
9689
9983
6543
11124
8083
12207
11343
12891
6681
10236
12312
10774
8076
11379
12127
12537
10638
9690
11269
10349
9066
8662
7750
10270
8792
11923
12209
10135
3261
10169
11811
10370
9780
11172
11343
11697
11322
7767
10098
11729
10375
8979
8314
11343
7134
12411
12352
9975
7934
9884
9244
10895
10855
11576
11606
12164
12311
8976
11277
11490
9864
8104
8251
10477
8492
9689
11664
11876
8930
11185
10118
9531
8546
10930
11714
9667
9108
6949
11731
10781
6850
8440
5087
8762
5248
8836
9901
10578
5541
8560
11385
11008
8372
10583
11283
11121
9106
7919
11599
12409
9291
9442
6878
8209
7865
9398
11906
11569
10066
9742
11257
11465
11195
11313
11971
12198
10340
8807
11857
12155
9424
10302
7419
11434
7164
11054
12422
12382
8516
11892
12406
10354
11124
11843
11742
11767
10493
7939
12097
12305
9625
9458
9423
11433
8228
11889
11461
12003
8681
10676
12053
11378
10876
12143
12733
10799
10241
8380
12614
12389
10074
9501
4105
12939
8339
12385
11587
12353
9162
11684
11479
11871
10580
12416
12219
12296
10071
9360
11825
12265
9220
9517
7693
10642
8719
11422
11819
12925
9120
11114
12068
11526
11379
10372
12139
11123
10944
10245
11807
11069
9204
9867
5324
10108
8614
11472
12152
12068
8285
12174
11372
9353
10548
12320
12496
11796
11057
8815
12244
12627
11229
9579
7592
10404
6311
10917
11871
12610
4577
11635
12991
10988
10396
11987
11351
12170
9743
10210
12664
11685
8059
8152
7114
11850
7796
11527
11262
9846
6366
11840
13099
12179
9262
12057
11639
12538
8921
9347
12747
12177
10520
9661
8083
10986
7056
10552
11173
9763
7077
11316
11510
11400
9945
11863
11016
11671
10763
9665
12074
12644
10247
10330
9352
11366
6663
12469
11788
11161
6382
12216
12336
11084
9743
11607
12891
12319
10236
9906
12558
12041
9777
8859
7533
10034
9374
11037
12097
11268
8001
12166
12530
11751
10173
12775
12096
12207
10565
11326
11901
11986
10808
8460
7539
8509
9143
12057
11596
11354
8900
11173
12777
11976
11624
12185
12643
12999
10934
10038
12152
13011
10436
10029
7199
11962
9546
10064
12738
11145
9917
11059
11904
9369
9675
11641
12438
12686
11404
9602
13444
12041
11707
8215
7950
12186
6226
11549
12255
12615
7120
12069
13008
9817
9662
12347
12042
12214
10142
10205
12254
12958
10493
9244
8709
10582
9863
10498
12703
11950
7288
11266
12622
11933
9997
12740
12837
12342
10303
8690
12819
11638
11311
10316
1051
10693
9648
12104
12240
12326
7797
11025
12175
11536
9952
11143
11428
11969
11691
10943
11380
10683
11116
6190
8175
11801
9919
12566
12444
9861
6514
10191
11659
12003
10154
11541
12224
12594
11716
8842
12348
11199
10929
9055
9061
12472
8982
11616
11881
11819
4808
11536
12211
10528
8141
11882
11279
11295
9700
8777
10986
10951
7655
7885
4384
9671
8022
10390
11075
10974
6668
9534
12301
10948
9123
12345
11169
12718
10824
7029
12056
11448
8818
9100
8140
10347
9040
11496
10547
10673
6858
9976
12551
10919
9255
10926
11034
12220
9797
9234
11825
11859
10036
9433
3557
10954
9603
10600
12246
11409
6936
11322
11486
9758
9084
11472
11030
11123
10716
9554
10266
12035
7967
10434
6789
9596
8361
11055
12123
11194
5506
10238
11537
10804
8666
11418
11427
11366
9822
9345
11142
10430
7905
10289
7051
10239
6115
11127
11525
11524
7583
11372
12145
10059
8707
10422
11359
12228
7759
9616
12331
12062
10709
10316
6856
8439
7164
11880
10991
11380
8007
11719
11942
10804
10368
12280
12394
10954
7572
8476
10465
12615
10929
9599
3905
8416
7298
11421
10545
11436
8046
11835
12542
8887
10667
11306
11852
10147
7960
7694
11038
11673
8281
11134
3556
7855
7736
12274
11916
12650
9102
11206
12370
11732
10647
12232
12367
12372
9771
8769
12609
12562
10658
10328
9463
11168
7766
12260
12015
12868
8912
11808
12508
12161
10470
12728
12585
11717
10673
10015
13072
12460
11348
10475
8861
9787
9651
11717
12616
10516
5711
12400
12152
10011
12109
12278
12478
10764
10363
9794
11854
12307
11980
11629
9369
10374
9102
10974
12582
11010
7090
12100
12088
11189
11053
11289
12451
12267
8907
10297
11511
11828
10577
10586
6632
10038
9331
10542
11241
12507
6624
12157
12452
11231
11745
12099
11647
11595
6771
10310
11977
12160
10110
9815
9158
7678
9433
7816
11015
12401
8097
12371
12016
12463
11172
11002
12820
10873
7625
11118
9118
11593
11312
10609
8547
10256
7809
11636
11905
12287
6578
12433
11691
11732
11686
11394
12966
12014
10921
9697
12185
12636
8828
10752
8636
11580
9719
12245
12436
12372
8009
11940
11751
11517
10944
12151
12044
10465
9214
10215
12476
12243
9597
10510
11101
11322
9290
11327
11727
12202
7533
10622
11020
12023
11446
12587
12766
11225
6568
8701
11640
12843
9529
10827
9876
10018
3743
11122
11369
11917
6320
11118
11251
11673
10856
12112
12472
12443
7551
10100
12395
12143
10965
10860
8810
10205
9179
12247
10844
12486
7536
12475
11310
10199
10930
10621
12875
12575
10235
8709
12542
12706
11053
11144
10351
11164
6367
11914
11554
12346
9417
12345
11541
12018
11855
12504
12212
12234
9140
9312
12816
12588
11001
11327
10553
11176
6510
12259
11513
12196
6092
12502
12380
12329
12017
12553
12599
11813
8450
8217
12267
12826
8696
8983
10683
10842
6615
11406
12133
11025
7394
9685
11136
10554
8379
10808
11876
11711
10712
9786
9975
12698
10745
10429
10231
11851
7695
11400
11814
12525
5711
11746
12326
11295
11613
11200
12410
11900
10176
9633
12378
12333
9988
11047
9947
10119
6874
11985
11894
12449
6092
12087
12293
11628
11897
12318
12538
12173
8810
7814
11955
12453
10259
10897
7927
12286
6917
11410
10931
12263
5913
12098
12506
12633
10440
12495
12686
12303
10272
10093
12894
12533
9904
10277
8101
10406
7557
11524
10394
12615
7244
12254
12358
12309
11558
12757
12581
11718
10031
10575
12201
12938
9942
11122
9722
10058
7151
12035
11650
12671
5324
12044
12537
10856
12011
12045
12191
12360
9909
10649
12491
12592
10899
10862
9519
11638
8856
10383
12119
12226
7052
11222
12151
11963
11167
12800
12716
11601
9430
9814
11275
12291
10633
10863
11001
11471
7966
12004
12441
12488
8148
11788
10859
12160
11861
12687
12486
12743
9645
9223
12565
12732
10920
11121
8935
12068
8917
12681
12259
12737
2080
10673
12425
12076
9904
12824
12726
12128
8369
10849
12735
11682
10671
8166
7702
10298
5906
11852
11120
12058
7408
11888
11783
12533
12020
11546
12735
10715
10957
10455
12537
12418
9560
10281
11065
10487
9076
12150
12322
12684
7840
12500
12312
10952
12162
11476
12637
11163
11458
10265
12848
12717
10082
9272
9469
10238
8412
12161
12597
12685
7429
11687
11849
12041
11248
12424
12604
11811
8487
8310
12512
12250
9947
11678
10499
9720
8871
11993
11831
10385
5038
10740
11874
10742
8667
12592
12710
12222
10092
10408
12420
12939
11062
11749
10372
11227
6580
12812
12364
12703
2609
12255
12343
11761
11957
12007
12389
12070
8050
9929
12705
12491
10014
10132
7975
10404
6935
11185
11603
12491
3729
11215
11432
12289
11519
12788
11905
12394
7444
10209
12646
12236
10134
10386
10047
8262
6620
12242
12147
12647
5067
12295
11454
12480
11069
12224
12352
10851
6562
6705
11825
12369
10262
10651
10930
5660
7479
12221
12135
12375
5258
12389
11027
12140
11393
12816
11981
11158
9975
9366
12805
12654
10434
9754
10442
9758
9033
11566
11634
11969
2190
11915
12635
11693
10759
12663
12342
11486
8826
11240
12659
12420
11558
11582
10231
11649
9947
11621
11996
11544
3786
11544
12194
12180
11956
12177
10404
11505
11105
9697
12656
11820
11305
11655
9788
10996
9233
11567
12111
11224
5258
12052
12413
12315
11212
12467
11729
11282
11028
10621
12045
12977
10916
11437
8716
11300
8323
11633
12590
12260
4044
12143
12707
11874
11917
12784
12789
12427
10122
9582
12453
12364
11492
11033
11338
11255
9391
11673
10691
12630
7078
11346
11981
11820
10668
12112
11868
12717
11181
9993
12702
12719
10344
10915
11616
11774
8431
12647
11661
12778
5445
11821
12460
12449
11130
12671
12211
12390
11266
9635
12212
12209
9822
11058
10997
10958
7293
11999
12771
11295
4088
11821
12437
12538
11498
12125
11542
11926
9953
8694
12494
11726
10735
10058
9219
10569
7885
12154
10596
9628
8206
12126
12109
11049
9166
12036
12410
11680
6949
9520
12387
12745
10089
9420
7661
10182
7522
11007
10952
9485
2311
11427
11818
10520
9181
11474
10329
11766
9760
8931
11910
11169
10671
8987
8000
11546
9981
11843
12319
11579
6928
11099
12189
11657
10997
12102
12468
11873
11024
9550
12742
12280
10890
10304
10212
11715
8731
12167
12378
11742
5685
11988
12655
12992
10677
12974
12880
13111
11719
10658
12925
12812
11607
10830
12314
11517
9475
12040
12205
11505
8541
12571
12897
12819
11503
12380
13082
12249
10933
10419
13244
12474
11577
10840
11119
10414
9531
12702
12264
12323
7009
12896
13013
12137
11269
12708
13494
12725
11248
10734
12946
12567
11355
10417
11445
11597
10302
12274
13007
12451
7374
12333
12731
12945
11315
12975
13238
12901
10959
11470
13135
13261
12318
10899
12715
11753
10290
12637
12958
12262
7581
12842
13076
13276
11226
13014
12932
12836
11188
11408
13269
12943
11822
10232
12064
12126
10546
13080
13051
11633
8051
12881
12800
12544
11506
12417
12960
12992
10243
11372
13033
13214
10848
11132
10395
11669
9058
13044
13502
11992
6685
12802
12678
13106
8889
12863
12815
13228
10893
10792
12992
12867
11862
10305
11375
11584
10846
12580
13022
12659
6874
12356
12310
12575
10989
11602
13349
12676
10503
11644
12720
13056
12463
10555
10757
11011
9036
12516
12820
12372
7010
12810
12642
12041
11958
12325
12780
12251
9681
11610
12216
12726
10894
11594
10814
10200
10316
12888
12413
12546
7929
11784
12745
12677
12376
12633
13004
12508
11136
11415
13054
13070
12035
9579
11322
12520
10343
12689
12756
11469
8374
12571
12486
12623
10742
12832
13015
13122
11188
10475
12959
12797
12126
8477
11302
10528
10865
12645
12372
11809
4697
12765
12817
12801
11409
12631
12642
13316
10734
10391
12954
12901
11581
10540
11723
12163
9907
13052
12701
11960
5852
12754
12790
12955
10651
11742
13294
12901
11300
11182
12707
12895
12110
10357
10794
11862
10379
12093
12764
11858
6154
12282
12518
12047
11718
12117
13104
12909
10872
10991
12854
12707
11434
9308
11039
11137
9780
12441
12579
12153
6959
12638
12595
12442
11302
12630
12517
12642
11019
9346
12899
12938
12214
9688
11605
11681
10650
12486
13050
12498
7761
12645
12715
12614
11486
12709
12740
12937
10388
10993
13092
13039
11157
9486
11019
11933
8651
12710
12979
12960
7387
12569
12569
11618
11506
12731
13227
13323
9787
11598
13093
12321
12433
10873
10628
11550
9863
11418
12631
10378
8349
12782
12962
11880
11731
12634
13112
12119
10269
11728
12299
12862
11641
7152
11290
10734
10403
12516
12884
12481
9380
12629
12276
12411
11613
13161
13227
12708
9659
10861
12726
12852
11515
10680
12197
11486
9849
12721
12769
12409
9101
12843
12699
12738
11386
12542
13146
13234
11450
11664
13020
12886
12413
7573
11894
11806
9492
12752
12783
12242
8310
12475
12560
13124
11558
12184
12819
12643
9938
12077
12985
13225
12319
10491
11248
11701
10404
12580
12723
12095
9297
12834
12894
12878
11125
12996
13246
12722
11240
11815
13125
13163
12285
9791
11133
11180
9211
12663
13117
12761
8527
12826
12606
12975
9992
13170
13115
13210
11278
11359
13184
13135
11946
7421
10922
12124
9510
12749
13007
12847
8866
12898
12706
12407
11026
13033
12801
12833
10963
11141
13232
13287
12183
9427
11125
11482
9738
12511
12884
12086
7421
12647
13054
12202
11924
13123
12893
11725
10574
11773
13184
12922
12399
9599
11820
12324
10466
12421
13056
12856
8754
12760
12914
12134
11725
12893
13119
13263
11100
11640
12989
12953
12130
9831
12272
12524
11023
12667
12985
12343
9389
12831
12894
12668
11758
12958
13103
12600
10261
11444
12173
13120
11823
10716
11304
11437
9985
12315
13108
12150
8563
12087
12588
12445
11258
13014
12946
12917
11289
11460
13186
13052
12288
10202
11818
11727
10709
12589
12663
13088
8290
12881
13047
13179
12089
13060
13029
13096
11333
11495
13094
12378
12293
9455
11620
11934
10919
12974
13087
11965
7663
12857
12860
12806
11476
12748
12918
12226
9255
11079
13288
13019
12250
10638
10954
10308
10091
12804
11704
11898
9930
12085
12617
11346
12116
12853
12913
12948
10929
11325
12956
12480
12165
10820
11755
11816
10721
12451
13054
11954
8037
12931
12771
13043
11224
12961
12508
12794
9839
11531
12727
12969
11688
8589
11435
11344
10109
12638
12922
12161
7997
12823
12772
12628
12061
13195
12941
12925
10370
11818
13223
12546
12408
10185
11649
11066
9662
12097
12302
10126
9472
12477
12623
12251
11492
12940
12899
12979
10337
10790
12790
12855
11979
9738
11816
11979
10307
12771
12329
12274
8269
13062
12277
13017
11808
13236
13171
12645
11751
11591
13222
12600
12592
10711
11197
10971
10983
12847
12741
12594
8203
13061
12904
12682
11703
13035
13369
12698
10116
11546
13240
12583
12324
10017
11707
11281
9781
12372
12579
12017
9521
13200
12801
13173
10521
12873
13144
12523
11350
12078
13286
13049
11221
10754
12041
11475
10118
12583
12212
12269
9835
13022
12468
12992
11448
13198
12835
12921
11045
11166
12983
12756
11870
9880
12038
11239
10242
12690
12218
12381
9129
12842
12921
12781
11408
12729
12709
12597
11166
11366
12998
12594
11395
10585
11454
11859
9024
12117
12953
12315
9040
11625
12407
13032
11168
12933
12940
12875
9965
10523
12368
12586
10327
10588
11265
11469
10664
12769
12292
12534
4333
12837
12606
11910
11482
12493
12669
12189
10758
12087
12575
12763
11985
11130
11032
11089
11024
12012
12759
11759
7694
13017
12613
12056
11938
12840
13084
12784
10408
11225
13244
12339
11761
10105
12306
12683
9815
12548
12724
9900
8126
13083
13261
12550
10987
12594
12628
13234
11343
11616
13018
11912
11743
10067
11246
11615
9899
12535
12683
9725
5738
12318
13074
12962
11142
13159
12547
13333
11240
10637
13399
12012
12819
11050
11752
12017
10884
12691
12504
10446
8591
12492
12897
12725
11373
13203
12973
13065
11698
11785
13301
12807
12084
9652
12059
12113
9965
12627
12401
11507
8749
12191
12428
11266
10586
12287
12699
12299
10933
10539
12095
12693
11228
10299
11025
9868
10083
10713
12047
11826
5971
12257
12442
12139
9694
12752
13015
13054
10512
11518
12715
12615
11440
9943
10226
11672
10435
11307
11981
12029
8749
12893
12775
12875
11090
12935
13093
12900
11105
11130
13010
13062
11189
9517
11234
11463
10219
12395
13118
12270
8400
12378
13149
12651
11156
12469
13264
13142
9609
12141
13124
12726
12331
10691
11183
11930
10085
12364
13018
12074
8609
12198
12387
12853
10262
11737
12916
13107
11707
12146
13455
12866
11813
7900
11203
11929
10643
12227
12447
11820
6331
12543
12849
12948
11507
12391
13036
13017
11448
11861
12755
12869
12071
6041
12358
11988
9360
12193
12575
10983
9255
12219
12474
12945
10618
13222
12952
12869
11796
11253
12867
12931
11577
8377
11680
11623
9238
12440
12538
10929
8783
12238
11702
12947
11889
13167
13038
12338
11175
11945
13117
13229
12478
6656
12065
11904
10944
12707
13021
11985
6637
12947
12960
12924
10115
12789
12839
13009
9727
10821
12272
12764
12212
6755
10892
11196
10272
11203
12847
10846
8157
13144
12068
12248
9674
12733
11554
12411
9803
11206
11960
12242
11834
2434
10640
11823
10912
12511
13159
10674
9903
12278
12398
13139
10856
13124
12939
12773
11659
11726
13273
13025
11955
8062
12116
11201
11045
12871
13067
11212
9046
12877
12972
13379
11348
13102
13159
12855
11349
11638
12981
11921
12472
8527
12449
11339
11258
12938
12684
11967
8553
12649
13038
13135
11345
12182
12543
12300
11049
11557
13020
12922
12266
9881
12428
12406
10582
12734
12993
12254
6491
13075
13045
12483
11426
12726
13246
12751
10911
11551
12527
12569
11888
10905
12119
12249
10899
13096
12294
12286
9459
13104
12467
13010
11557
12126
12941
13130
11476
12434
13375
12783
12847
10775
11641
12489
11093
12842
12325
12310
9068
12676
12417
13007
12296
12676
11734
12152
11100
11822
12837
12834
11270
10726
11500
12014
10585
12194
12772
12209
9533
12418
12927
12816
11936
12762
12785
12958
10541
11553
12495
12966
12158
10455
11340
11773
10311
12332
12714
12066
9196
11529
12769
13178
11682
12990
12806
12101
10321
11630
12903
12388
12103
10070
12009
11077
11257
12524
13060
12285
9850
12905
12604
12824
11788
13248
13133
13238
11800
10983
12520
12776
12701
10406
11386
11878
11182
12627
12640
12387
9390
12517
12814
12463
12091
12871
12704
13082
11092
12189
13302
13081
12253
10857
11325
11795
10980
12500
12567
12571
8914
12851
12611
12971
12213
13125
13017
12460
11408
11601
12252
13166
11802
11248
11398
12247
11228
12829
12872
12554
10240
12504
13007
13031
12173
13146
13296
13262
9094
11668
13036
13208
11993
11142
12040
12200
10591
12947
12954
12453
8262
12647
12996
13132
11940
13476
13218
13006
11910
12298
13129
13195
12171
10595
12184
11890
10676
12575
12864
12805
8153
12848
13059
13120
12739
12967
13351
13457
12037
12052
13084
13028
12686
10201
12132
12351
11893
13330
12754
12568
9062
13296
12983
13192
11126
13505
12137
12421
12507
11090
12761
13094
12522
10718
11658
12804
10535
13473
13101
12002
9802
12222
13259
13345
11758
13202
13126
12993
12397
11883
13497
12509
12372
11000
11667
12437
9932
12839
13079
12386
8948
11609
12998
12731
11677
13116
13429
13416
12785
11682
13188
13107
12618
10033
12290
12750
10696
12496
12974
12167
9975
12779
12794
13477
11673
12848
12628
13426
11962
11362
13421
13274
12279
10190
12166
13140
11211
13352
13239
12302
9604
12952
13422
12906
11926
13144
13370
13405
12743
12028
13438
13540
12340
10248
11992
12287
10201
12721
12814
11824
8748
12426
13149
12269
11431
13618
13317
13253
12213
11781
13115
12733
11765
10324
12457
12602
11225
12743
13092
12249
8881
12814
13659
12764
11865
13293
12859
13324
12598
12665
13244
13291
12855
9857
12502
12646
11656
12957
13752
10430
8693
13058
13732
12865
12392
13451
12979
13283
12672
12413
13304
13234
12775
10530
12577
12982
11435
13194
13307
11926
7548
13203
13362
13176
11833
12607
13143
13430
11928
12368
13542
12612
12887
9252
11174
11477
11200
12394
13462
12533
8934
13347
13938
11700
10740
12989
13278
13849
12316
12430
13410
13035
12448
10731
11776
12588
11143
13069
13679
12213
5013
13152
13369
12138
11971
12897
13502
13517
11797
12009
13758
13290
12949
11236
12176
12982
11509
13180
13144
13273
8883
13336
13251
12172
12204
12515
13205
13458
12089
12080
13577
13235
12116
11711
12106
12811
11656
12511
13665
12763
9102
13279
13095
13052
12727
13275
13361
13518
12733
12829
13338
13395
12868
11516
12224
12639
11609
13265
13342
12739
8792
13491
12708
12876
11877
12383
12757
13864
11903
12128
13210
12698
12674
10475
11956
12130
11373
12928
13310
12376
8557
13555
12730
12813
12198
13059
12301
13096
11943
12502
13059
12754
12918
11549
12036
12494
11034
12742
13141
12593
9925
13093
12471
12815
11928
12444
13190
12983
12532
12560
13154
13269
12757
11133
13199
12646
11157
13139
12930
12637
9315
13242
13389
13095
12155
13331
13103
12937
12653
12720
13171
13576
12379
11365
12513
12741
12074
13190
13172
12603
8352
12998
13179
12993
11845
13697
13322
12931
12909
11663
13665
13400
12517
11832
11218
12699
11312
12523
12913
13495
8644
12980
12888
12283
11609
12973
12831
13397
12666
12611
13018
12558
12939
11477
10635
12921
11260
12824
13111
12373
8566
12866
13080
12928
11730
13590
13844
13145
12946
12106
13465
11701
12474
11004
12420
12889
10799
12558
12868
12565
10196
12980
13195
13320
12378
13261
13092
13590
12440
11549
12225
13445
12793
11351
11969
13007
11476
13265
13256
12104
9832
13040
13431
13346
11612
13525
13253
13144
12913
11556
13478
13339
11615
9724
11221
13047
11235
12966
13590
11940
10451
13077
13516
13473
11955
13754
13321
13362
12724
12290
13845
13531
12529
10794
12536
13058
10711
13433
13113
12956
10386
13478
13238
13379
11905
13280
13562
13155
12071
11923
13452
13349
12247
10116
12664
13004
10208
13034
12910
12683
10370
12962
13348
13359
12005
13144
12510
13170
12016
12005
13595
13248
12601
9583
11239
12852
10398
12625
13304
12412
8323
12571
13340
12716
11373
12869
12856
13032
12959
12098
13775
11813
12847
10446
11791
12566
11107
12397
13071
12691
6997
12811
13211
13235
10680
12832
12502
12653
12503
11441
12896
12741
12177
9838
9664
12959
10540
12905
12913
12366
8033
11686
13018
12721
11569
12527
11285
13123
11786
10500
12872
12287
10776
11442
11948
11667
10099
10856
12115
12861
10857
11495
12022
13145
11837
12774
12520
12420
11705
10603
12906
12820
11279
11496
12136
11874
8977
12171
12368
12746
9286
11851
12218
12881
11890
12893
12653
12763
11878
10449
12648
13045
10978
11597
12249
11919
9283
12433
12971
13045
10845
12171
12740
13201
11464
13552
13278
13008
12066
10828
13263
13156
11182
10945
12397
12437
9085
12946
12622
12430
10645
12448
12821
13117
12180
13327
12733
12826
12330
10759
13142
13271
11132
11209
11768
12001
9695
13153
12565
12874
10706
11798
12638
13104
11975
13438
13000
12632
12153
11420
13433
13154
11490
11322
12204
12793
9689
12651
12753
13153
9749
12047
12713
13172
11945
13416
13312
12721
10339
10548
13001
13411
11290
11709
11765
12097
10154
11959
12087
12994
10609
12764
12780
13331
11923
12819
12262
12812
11783
10617
12326
12833
11295
12015
11844
11726
9284
11927
12868
12631
10039
12679
12329
12800
12118
13053
13215
12868
11177
10247
12860
12816
11414
11936
11977
11442
8488
11723
12809
12910
10664
12742
12460
12892
12376
12906
12943
12742
11732
10585
12601
13196
11959
11883
11680
12102
9814
12440
12512
13134
10617
13017
12477
12677
12034
13228
12577
13000
11722
11617
13148
13103
11992
11677
11180
12408
10744
12026
12176
13238
10226
12067
12562
12669
12201
12591
12998
12879
11610
11437
12225
12903
12087
12049
12219
12158
10392
12610
12912
13019
11005
12596
12930
12434
11991
13091
13104
12741
10447
10716
12900
12933
12160
11668
11809
11887
10468
12225
12660
13336
9900
12506
12643
12774
12323
12906
12929
12738
11004
11534
13072
13055
11968
12008
11144
11601
10740
11878
12968
12559
10484
12365
12645
11646
11746
12563
12814
12356
11099
11130
12997
12945
11574
11860
11792
12117
10816
11549
12087
12899
10932
12788
12371
12445
12278
12991
12921
12811
11759
11707
13216
13347
11944
12137
11633
12060
10895
12116
12861
13265
11052
12751
12532
12367
12172
12696
13013
12970
11564
11474
12973
13189
11824
11524
11898
12234
9923
12511
12708
13155
11172
12599
12904
13309
12273
12571
13426
12779
11727
11421
13093
13396
12236
12261
11764
12283
11212
12698
12413
13056
10734
12518
12888
12635
12240
12975
13108
12429
12016
11800
13086
13111
12233
12163
11646
11708
11058
12113
12651
13125
9975
12818
12562
12660
11986
12884
12948
11990
11655
11467
12677
13120
11988
12084
11368
12455
11123
12091
12297
12695
10966
12782
12701
12835
12337
13224
13019
12919
11865
11280
12123
13212
11172
11437
