-1011
-2969
-5784
-402
-139
-2874
-7427
-628
-113
1164
-3656
-1131
2211
-1078
-906
-8303
682
-756
3482
-5452
-2866
-1573
-7030
-4963
901
1411
-4577
-3400
4165
1182
-2113
4890
-6903
3277
-1651
-1942
835
3389
-39
-5536
-2481
1453
-6748
-138
2931
-1460
-7717
-2140
5347
2719
-2414
241
3010
3465
3065
-1293
1299
1241
3082
-3258
-4329
1486
-6343
323
5337
-194
-4331
538
5020
6306
-730
2382
-1296
2738
2161
-2996
6647
-315
-5085
-7133
311
3630
-3922
-2174
1102
-101
-4923
465
4540
406
2397
6323
7781
3301
3825
-3637
5702
2808
329
-7678
-1488
2369
-2547
4038
4679
5274
-4010
4858
1853
5958
-1568
6845
5275
6402
6413
-953
6592
-1134
-557
-2730
-2270
-1010
-6241
-1947
6453
3835
-5216
765
6557
223
2482
3327
7040
122
2945
-2561
4922
4919
-62
-1939
-3060
-3453
2571
6592
2274
5686
-2939
6206
-631
6443
379
2508
3616
4028
2420
-164
858
4881
7937
-5100
-2953
1197
-596
-1853
5493
995
-2799
5440
2066
3320
-489
6883
5701
4898
3797
-558
1910
5043
1090
-5156
-2817
3015
2101
2434
5498
-3358
-2653
4441
3025
4117
-2303
6596
6332
5469
4053
-996
8332
7229
-2609
-6573
1939
4625
-3494
1984
5699
-166
-8056
4120
3826
4121
-3986
4455
8073
1419
5874
-2638
1479
3594
1075
-438
788
1509
-3891
833
-239
6093
-36
-3216
5537
2359
-1780
5878
3294
4217
4071
-1942
6381
5385
-798
-616
-1269
3374
-8350
3390
7093
1872
-3553
-62
4475
1586
4444
6357
5310
4897
-2211
-1851
5569
3480
-943
-1193
1117
3457
-5538
5086
4858
8683
-436
6354
4724
2942
3798
8408
8631
4758
2276
-2204
8326
2987
-270
3239
4163
-3156
-5675
2206
6444
4426
-3914
6802
8645
6053
3017
7410
7274
7891
3922
-17
6136
5519
289
-979
-2523
9476
-3298
7768
10140
4453
1579
2340
2769
5829
730
4518
8071
7422
1060
-3776
5182
6610
1460
-4270
-352
5982
-4915
5577
3643
5003
-1476
6453
2817
9586
-1499
7563
8577
10015
3573
2496
5498
7329
-446
1730
1767
5768
-3314
1250
5587
5394
2417
2729
9763
5882
1098
4708
8282
8411
4398
-4308
6191
9783
2591
1310
-3247
5346
-1309
6806
6214
5726
-835
3267
6139
5573
23
8322
9928
5947
3498
-1624
5685
9028
474
907
4266
2402
2154
6764
3914
5271
-1373
8553
7255
3467
163
5877
7944
10222
4984
-1660
7595
7711
5646
-2140
3515
5416
109
3169
6378
4117
-3677
5782
5515
4699
1624
5264
4639
8135
5014
3177
8398
7301
4462
-671
-2129
8097
-556
4371
6515
3152
799
3171
5492
4377
-1471
6197
6313
7768
4321
-700
4876
6535
5761
-937
4005
4283
1363
7115
6313
853
-1668
2530
5230
4359
2355
4947
6547
8041
6502
-967
9036
7579
1583
3149
-7429
7178
-381
4434
5558
9015
-377
3625
5874
7534
2621
7255
9444
7362
6127
418
6245
8459
2199
2853
1925
925
-1227
2013
4859
8560
-1708
5572
2075
7632
1889
8985
8269
7986
-195
-1944
4761
2005
1513
-306
-1350
-825
-2332
8032
4834
8597
89
4743
2487
8051
2755
7797
7310
8340
6797
-1891
4056
8154
2055
14
2562
3100
-5613
8447
7577
6448
4544
5297
7183
6115
4794
9464
9366
6655
2873
2868
4396
8895
4014
1879
4512
2597
-4343
3798
4730
5906
-2936
5264
5637
7470
5130
11148
6218
7947
4948
1793
10282
8372
1545
3615
3182
5633
2976
6810
6912
10127
2860
5704
5462
7331
4383
10928
10294
10245
2037
-695
8853
10498
2321
4947
3304
4815
-3722
4645
6089
9749
806
5557
6696
4004
1942
10315
10324
9912
4725
-1647
9279
8353
3669
4313
6756
5629
-3114
8745
7523
9157
1822
8441
6731
4843
3913
10070
6974
8021
3054
-574
11271
8950
4017
3807
7967
8401
-2785
7433
4641
6974
-722
8947
7908
7701
-1094
9252
8803
6862
5356
2902
9437
10415
3731
6522
5393
4333
-5717
8148
10783
9434
2540
7465
7398
5307
6783
9213
10247
4629
2814
-2631
8587
9170
4054
2191
7508
8293
998
5422
7967
8788
3166
6108
10433
7965
4740
10126
7943
8310
3690
4374
7423
9477
4009
3093
-344
5388
2868
7954
6648
4338
2424
9467
7482
8886
2009
9071
10526
5978
7041
-2760
9930
9280
2687
5233
-87
4413
1520
9170
10045
8840
722
7663
9665
7225
3069
10178
5796
6632
7560
3130
10490
12104
6379
2877
6660
9722
3643
9443
8444
8537
-2015
3492
5605
10040
3544
9902
10373
8568
6269
-191
9757
6993
5648
3688
7695
9134
-2937
8233
9576
7855
3597
9420
8966
8254
2352
11384
8120
11279
4336
1754
8387
9593
8426
1554
6465
7207
-659
10203
11314
8838
2133
4339
8709
10317
6603
11147
8321
9895
5615
1427
9057
11195
7052
5421
504
7953
78
9874
11363
10482
2795
8165
8959
10219
6887
9330
11964
10192
9187
2930
13215
10021
5948
5422
6878
10605
-2289
6695
6098
8139
-53
3528
9730
9949
5399
10833
10409
10725
8001
2735
10833
11436
6432
3030
1153
9621
1037
10058
8915
9141
4035
7063
10433
9911
1783
10983
8622
9831
8047
874
10875
11144
6128
5320
3731
8813
2246
7414
7355
9781
2519
6270
9796
7585
6849
10997
9770
9411
7337
4959
11128
10920
5219
5840
6285
7552
2250
9118
5234
10411
3467
8338
11186
9834
4264
7823
5487
10587
1533
2130
6803
6988
8333
3070
4490
3905
3894
11022
10773
10850
4730
7983
9987
9272
7318
9370
10540
8532
8917
4906
9017
8945
7209
3988
1797
9576
814
8802
9615
10681
-503
9359
10587
9696
4309
10268
11073
11431
8931
2634
10126
6999
6997
3227
5120
10255
2879
8459
11559
9614
2727
8743
10763
9175
8095
7748
8337
9433
6729
3178
9516
12091
8715
6291
4618
9901
2079
9094
10148
9304
2663
9290
11686
8645
8316
9809
9234
9207
8820
2429
10574
8862
8825
4789
4042
11185
3576
9468
9667
10572
5333
8142
9870
8656
7117
11125
10409
9439
8407
-66
11880
12019
8555
5836
8028
8046
3430
9055
10197
10429
3030
10019
8961
9812
9132
10771
11004
8695
6706
2303
11114
9851
8830
5187
5408
10105
4751
10708
11568
10010
3713
9872
9901
9656
5917
9982
11597
8925
5607
5114
11908
10348
9847
2818
5397
9380
2117
8030
9550
11052
5910
11217
9684
11274
8425
11745
12200
11153
8400
5307
12033
10035
6828
6782
3144
9190
3223
10530
9656
9702
5705
9275
10311
10958
7373
12582
12230
9974
8834
5791
9281
11510
5928
6564
5492
7813
5289
9334
10731
10690
1862
9729
10985
9781
8368
8651
9464
8443
9682
8135
10975
10634
7570
5898
7435
10057
4559
8932
10630
8239
3911
9000
11057
10078
2865
11456
10488
11197
9970
783
11377
11583
7593
4908
6227
9109
1243
10465
10577
10353
3414
9480
10316
9803
6700
9542
9466
11379
9908
5105
12891
12295
3192
1910
8278
7550
-2252
10499
10782
7216
-183
9059
10840
9000
8827
11736
11403
11261
10214
-51
9650
9004
7619
5558
6272
10542
2479
11635
10656
10184
2073
7864
5651
9128
6357
8212
10223
11624
7543
2573
11010
11712
6442
5114
5982
11269
2851
10855
7017
9212
5393
9560
10577
10964
5349
11699
10567
11680
9808
3325
11756
11619
10988
4281
6860
10542
3848
11247
10913
10384
4057
8996
12496
9602
8145
11417
11242
10510
7825
4247
11906
9647
2313
7752
7448
8722
3876
10527
10309
8374
6017
9764
8852
10454
9597
11358
9967
10204
2467
2389
11934
9928
6669
5415
6584
10672
7879
11725
10030
8819
3907
10602
10455
12142
9045
9589
7299
9676
9779
3856
10481
8274
6923
6014
5652
11134
6247
11045
11693
10361
5117
10477
11527
10248
6875
10694
11211
10370
7992
2005
12312
8953
8769
6187
7398
1940
-732
12076
10323
10350
5217
8669
11649
10966
5685
11222
11513
9573
8638
5044
10985
11691
6702
6789
8558
8484
2731
11012
8279
10878
5000
9030
12195
11796
8361
12238
11203
9056
8324
6989
10774
11886
6047
5639
7973
10007
3292
8247
10986
9677
6264
10509
9305
10648
9383
11770
10503
11096
7928
4181
10922
11249
6847
6956
6533
9060
7193
12017
12208
10321
8959
9305
9668
11868
8621
11560
10756
8885
7367
4242
7442
9710
4336
7195
6893
8982
5849
11077
12630
8523
8534
7984
10803
9084
8086
10268
11408
10720
11005
7555
11951
11776
8410
7761
6827
9710
370
11346
9533
10915
6663
8928
11942
11332
6407
11631
10355
12281
5710
4440
11999
11259
8889
7965
7983
7551
2243
8588
11145
10869
5521
6816
11958
10454
6728
11031
9503
8459
8189
7097
12343
11696
8884
6179
8370
10950
7725
10652
11308
8830
6417
11114
9265
11846
6585
10896
11583
11472
8077
3822
12220
12079
11037
4489
4318
9859
2073
10434
10974
12244
5084
8318
11803
10407
8631
10417
11505
10625
10842
6103
12049
12201
6516
5493
8980
9777
1867
11062
12505
9115
-240
11217
10418
11714
8106
11715
10807
11149
9845
-1001
11557
11882
9408
6285
9697
10053
4490
9987
12788
10422
8406
11511
10144
10350
9404
9646
11570
11930
8260
1557
11411
10182
7625
6702
7016
8637
7817
11602
8848
11155
5836
8461
10716
10054
4649
11997
11616
10125
10281
6748
12080
11070
8705
5769
5521
7358
5186
11430
9783
12123
7343
10993
9017
10320
8392
11304
12094
11773
7471
7490
11664
11723
7672
8406
7992
10832
4396
10751
11159
8056
5097
10795
11628
11449
5212
12285
11974
11030
9572
4551
10866
11236
7209
9139
6931
9727
3400
10326
11747
8232
7886
10326
11298
11690
9784
10796
10928
11402
8875
4382
11444
12270
7333
9670
7901
10311
3280
11707
10117
9558
7413
9872
7691
9794
6673
10493
10597
9347
9456
5788
10477
11806
8859
8716
7060
8690
4897
10744
11806
10677
4978
9860
10706
11521
9341
11001
10832
10768
9400
5615
11034
12361
10290
7311
3998
11343
7922
9411
10630
12165
6812
9473
10603
8302
4283
10530
10570
9946
10699
6084
10374
11203
7505
6723
9663
7361
3719
11529
11474
11008
5833
10323
12268
10705
8175
11273
12628
11576
8585
9212
11502
11514
8777
6018
8213
9758
6452
10277
11030
10989
9780
9782
11422
10663
7651
12290
11606
11895
8172
6191
10947
12315
7045
8386
8217
9764
2294
11099
10978
11521
5692
10756
9397
10899
7476
11238
11015
12063
9230
6599
11648
11376
9633
6965
6357
10221
4164
9339
11963
10400
6389
10252
11629
10811
7966
12180
11831
11869
9857
9647
11419
11434
8831
5989
8572
9490
3251
11188
11512
11581
4861
8609
12257
11789
9314
12433
10868
10707
8063
2931
10837
12707
8233
9440
9025
10646
6661
11815
11892
11137
6648
10616
12589
10524
9319
11443
10878
11724
9018
7702
11976
12428
9742
6354
6386
9985
5012
12285
10674
8864
7879
10240
11668
12403
7953
10788
11911
11623
10732
8006
12342
11817
4264
4249
6880
10594
8475
11280
11160
10058
4646
11176
12455
11528
8731
10209
11374
12602
5912
7342
12404
10986
10272
5527
8584
10206
9680
12030
11655
11486
7385
11409
11958
10957
8450
12346
9704
10503
7328
7406
11465
11307
7383
9746
10111
10926
2728
10901
11224
9767
4423
11167
9851
11623
7297
10889
12474
12242
8456
6292
12189
11240
7308
9039
7183
9275
7935
11805
11574
11121
6574
9335
12946
11549
6804
11457
11963
11734
8412
5365
10755
12419
9592
8219
8692
11515
-933
12098
10851
10056
6189
11155
11504
11422
6474
12639
12245
11998
9159
5032
12763
9465
10940
7463
6971
9979
6814
11778
11843
9436
2375
11702
12157
11554
8186
12011
10319
9856
11291
9065
11920
12396
9043
7698
6523
10175
5499
11014
11880
9665
4859
12325
11039
11559
5423
11816
12049
12098
9166
3384
11642
10572
9418
9892
6483
10724
5993
11938
10273
10128
7656
10915
9997
12191
10120
12956
12760
10578
8564
6722
11754
11972
9399
7035
6247
7825
8072
10737
10341
10556
9478
9574
10565
11175
9044
11441
12650
11839
9714
4748
12143
10711
5647
9957
7003
9965
6212
11490
10230
11323
6403
11051
10814
11917
8688
10843
11818
10873
10337
5509
9859
11779
3889
8645
10414
11229
7621
11843
11479
10631
8772
8408
10736
12170
8048
12415
12578
11267
8909
7987
12103
11492
10518
9352
7893
9158
6959
10279
10984
11280
9287
11318
10034
11691
8389
11745
11878
11961
10597
6856
11670
11655
9185
9206
8430
10404
5014
11201
12481
11692
7477
11106
12794
12428
10927
11524
11483
12567
10845
9570
12462
11315
9654
9016
8376
12483
5731
11161
10883
11233
5653
10419
12521
12839
10293
11560
12484
11013
11288
6330
12018
11719
11180
8490
5803
9893
5378
11733
12358
10835
3346
11756
11212
11482
8289
11026
12163
9802
6996
8137
12464
10657
9919
10415
2850
11847
7002
10895
12576
11627
8083
11823
12225
11417
9279
12210
12151
12330
10158
4493
11294
11593
11801
10335
9062
11257
5617
12205
11681
11201
8984
11623
11934
11742
8676
12179
12692
11392
9956
9574
12256
12382
6909
8028
9300
10949
1463
11912
11569
11780
8918
11078
12289
11578
7943
12203
11418
12265
10735
6838
11516
12264
10987
8899
10020
11333
7327
9403
11901
11933
6673
11762
12366
9438
9844
11157
11605
13122
8114
7467
12242
11935
10539
9382
8452
6978
5714
12137
11048
11056
6767
11456
10245
12437
9599
12845
12540
12425
5973
8375
12294
12541
10865
8424
9774
11161
5282
11760
10879
10747
7488
11619
11117
12661
9205
12846
12435
11644
8912
6731
12045
12066
8750
10205
7883
9780
8130
11421
12384
11782
7443
9848
12405
10416
8819
11644
12589
11267
10426
9057
11382
12002
8685
9885
10360
8787
5125
11146
10923
11563
8598
12079
11763
11934
8136
11447
12145
12010
9393
4032
9005
12132
9239
9680
7221
9584
7257
10220
11073
11240
7218
10884
11915
12094
8945
11212
11678
11871
9435
7990
12437
12058
6936
9833
6205
9400
5013
9917
12060
11192
8113
11315
11975
9805
8753
10552
12443
12151
11402
8188
11485
11788
9154
10116
5752
10050
5337
11478
11054
11098
7383
10234
11567
10876
7396
11659
11356
12219
8616
7044
12701
11860
10760
6397
8289
8721
6506
9466
12024
9804
5737
8634
11156
8504
9956
11066
12434
11330
9742
6553
11346
10017
10625
8561
9106
7374
2187
10434
11708
11180
7580
11078
11453
11770
10272
11561
11578
11619
10836
5142
11111
10946
9278
7015
9476
9966
6464
12075
9168
11349
9632
10757
11429
11737
10738
10543
10319
10144
10111
6938
12075
11713
8455
10065
9290
10099
8613
10070
9896
10978
8863
9088
12267
11327
10784
11680
11017
11233
8313
8492
11453
11786
8952
9569
10282
8760
2856
10817
10898
11802
8305
11725
9581
11432
9364
10731
11057
12412
9269
6831
9795
10960
10087
9597
6315
10214
5958
11733
11802
10822
7073
10060
10556
9516
7991
11607
11268
12000
9131
8423
12549
11955
9133
6333
7015
9821
6751
10471
9052
11535
6088
9324
12193
11560
9104
11564
11468
11493
9711
8317
12759
11331
4477
7297
9350
10729
2967
9965
9833
12368
8539
9257
9362
10737
8697
12304
11719
12210
8560
4030
12226
12257
8289
6882
6599
10084
4978
11137
10984
11173
9281
10872
10918
11188
9058
12111
11814
11900
10889
8117
11156
9448
9496
6333
6352
7984
5620
9836
11701
10761
6162
11707
11251
11582
9804
11108
11288
10848
9156
7882
11446
11691
9847
7354
8535
9734
8136
11893
11098
9909
8131
10350
10772
10485
9633
12375
9943
12135
9469
2135
11480
11820
10126
7938
5530
10121
6661
9983
10218
11003
7857
10163
11003
11330
9346
11173
11978
12807
9546
8031
11915
12594
9149
7336
9504
10907
5743
12299
8426
9665
5213
12126
11962
12548
7144
11675
11268
12553
10746
7749
11983
11614
10225
8737
8670
11245
6646
9797
10170
11547
3688
12103
11338
9868
9434
11240
11811
11900
10147
9276
12323
10899
8792
6800
6636
10672
-260
8888
11476
10870
7470
12437
10831
11567
8564
11324
10692
10981
9476
6563
11591
11825
9682
9129
9640
8099
6022
12177
11026
9257
4851
11153
11614
10065
8835
12088
9711
10672
9893
7629
11664
11632
8910
9771
6604
10660
8055
11435
9517
11233
7065
12216
10438
11055
9841
12047
12596
12126
8342
4532
11529
12022
9620
3841
7867
10581
4777
11493
12866
11735
6100
11628
11146
10600
10761
12278
10756
11460
8563
7899
11823
11826
8692
10533
8525
9619
5666
11838
12533
9635
7659
11444
10056
11834
7986
11032
11741
12101
10218
5551
12206
13026
8994
8997
4578
10121
6614
10973
9391
11311
7414
10391
11296
11333
10014
10879
11705
10693
9236
7242
11064
12404
9467
9611
6117
11085
4863
10762
12404
11653
7393
11755
12221
10665
9557
11251
11083
11947
9627
7735
12444
10879
9549
9000
6632
10261
6449
11893
10731
11133
2418
10719
11700
9699
9784
9293
12361
12264
9018
7618
12036
12464
10612
6549
9264
10733
7701
11005
11004
11360
6706
10593
12744
10907
9642
12006
10552
12518
8980
8921
11994
11812
7343
9459
7984
10809
6577
10125
9947
11571
7395
10950
11027
11748
9016
10672
12086
11794
9434
8723
12285
11650
9937
6175
9013
7819
3882
8200
10600
10708
6796
11076
10661
11987
5986
12242
9533
10198
10213
6951
11909
12031
10130
9409
9538
9597
-131
11816
12071
11531
9507
11219
11504
10802
7715
11280
12657
11763
11304
8961
11124
12420
6994
6456
8780
9863
8611
11582
10583
11262
7221
12539
11772
11392
9920
10218
12090
12076
10873
7297
12147
12186
10885
8645
5059
9832
8119
12047
12371
11330
8112
9424
11047
10856
8637
9720
11440
11736
7815
9757
12912
11538
10501
6565
7821
9219
8051
11174
11816
11964
7770
10813
12538
11079
7151
11492
11616
12620
9757
8457
10051
12031
9871
7609
8467
10239
7824
10824
11648
10037
5565
11018
12499
11639
9363
12877
12383
11519
9168
8350
12123
12389
9175
7373
8472
11071
7177
10985
11256
11124
4172
11792
10257
9517
10297
11841
12425
11492
8618
9778
11609
10452
7897
9232
7387
9249
7379
12089
10505
7579
4820
11827
12411
10143
6691
10796
12449
11796
8328
8647
12689
10722
10152
8323
7977
8793
5230
10407
11645
11676
4891
10822
10569
11178
10658
12604
10886
11641
10447
10195
12075
11685
10461
9729
8705
9761
8864
11475
12184
11602
8412
11231
11722
11229
9606
12582
12372
11963
10851
6545
12460
11471
8197
10012
7660
10528
5938
10955
11419
11482
6931
11437
11078
12006
10432
11562
13165
12383
8509
7087
12302
12078
8854
10068
5610
11718
8339
10783
12026
11583
7642
10509
10727
11975
7747
12243
11297
11106
7962
8794
12264
11933
10841
10752
8805
10384
6452
10951
12197
10919
8807
11274
12372
11299
10498
12678
11667
11720
5768
4467
12020
11985
8925
9135
7799
11445
4581
11097
10065
12120
7908
8634
10564
11095
9751
12655
10874
9459
9257
5878
11778
12156
7944
8871
9209
10721
2866
11666
12028
12381
7690
9699
11941
11730
10630
11691
11601
12055
7906
6714
12266
11274
5323
7844
9367
10786
7798
11555
11434
12267
6516
10842
11888
10753
8151
11541
12324
11752
9924
8922
12966
11627
8391
7777
6627
11337
6207
12010
9678
11042
7581
11115
11173
12374
8398
12994
12634
11054
10693
645
12352
12106
9987
6804
7730
9607
5869
12580
11555
9873
9052
11615
10333
13093
8904
12256
11151
11173
6408
6678
12550
11616
7862
8528
8986
10908
756
9833
9521
12028
8308
10749
11746
12197
10965
12721
13114
11717
10008
9155
12194
12152
9106
8316
10133
10916
7408
12073
11200
12451
8561
10810
12405
11267
10116
12465
12264
12533
10818
5925
12252
11710
8623
8433
9425
11132
3322
11862
11587
10634
7658
10459
11740
11095
7595
11864
9469
11051
10638
2841
12327
12264
8860
9547
8069
10759
8796
11798
11486
10121
7582
11899
11014
11305
7315
12338
12058
12643
9643
6535
12167
11794
9352
8193
10199
11051
5558
10712
12584
10886
9553
12019
12651
11735
7518
11960
11655
12385
11218
7747
12447
11314
9812
8207
5570
12116
6190
11556
10878
11441
7237
11257
11748
11772
9680
11788
12762
11483
9287
8744
11501
12012
10811
8263
10278
10240
8078
11045
11570
12261
7510
11160
12151
11675
8193
12439
12174
11608
8371
7193
11778
12631
8827
6903
9411
9528
7912
11882
10467
10690
9464
8678
11374
12822
8902
11869
12028
11863
9018
7585
12085
10905
8781
9795
10393
10228
7649
12105
11882
11447
7566
10134
13096
11606
11306
12498
11158
11376
9392
7128
12365
12975
9791
6995
9514
11532
7452
10775
11513
11382
6443
11311
11933
12290
8451
12511
12653
11406
10661
7898
12012
12443
9692
7952
11054
12078
5434
12163
11966
11339
8866
11371
10995
12051
7530
12667
11615
12538
10547
5404
12329
12480
11046
8077
10826
9943
6374
12363
10693
9574
8807
10419
11751
12065
8203
11489
10562
12035
11869
7070
10836
10720
7831
8829
10577
12131
4325
12328
11140
10387
5076
10990
11128
12629
6392
11874
12696
12571
9225
6934
12695
12888
10261
7432
10185
9206
8693
11668
11030
11226
3103
11717
12938
12394
10136
12082
11796
10834
9706
9710
12255
11839
8246
6771
9290
12087
5849
12202
11786
11553
4498
10252
12098
10910
9245
12956
12532
10182
9098
7289
11032
12509
10248
9293
10160
11991
8247
11560
12095
11862
8078
10713
12124
12315
7519
11926
11331
11609
10799
9607
11754
12199
8934
9339
9736
9782
5838
11153
11709
12555
8116
9164
11123
12062
8745
12520
12059
10450
10788
5158
11495
12527
11433
8273
10187
11487
7645
11054
10625
11592
8114
10173
11280
10835
9126
11984
10339
11758
10965
7091
12295
12264
9906
8231
9339
10156
5752
10848
12815
11624
7834
10893
13009
11887
9076
11433
12095
11146
10605
8463
12511
12173
10317
7986
10988
9154
8080
11872
11124
11470
6994
11012
12591
11937
8762
11683
11618
12660
11531
6345
12954
11017
10003
9508
9955
9967
7400
11821
12326
11173
8899
11388
11884
11415
7772
11668
12393
11405
11522
9330
10458
12405
9892
8846
10285
11211
5557
11730
11276
10533
2983
12142
12114
12360
7132
12939
11819
12671
10262
8593
12382
12108
11067
7630
9270
11467
8016
11920
11834
11793
8614
10986
11800
10809
11061
12068
12046
12507
10140
7441
13534
12830
9723
7678
8360
9111
8592
12131
12250
11496
6606
11270
11905
12453
7413
12851
12254
12715
10757
8174
11480
12697
9510
8269
8279
11416
8509
11728
12587
11612
8057
11545
12810
12529
10443
12314
12357
12208
10324
5597
11279
11728
10650
9622
10748
11275
2883
12095
11754
11145
8183
11420
12060
12404
9797
12360
12757
12137
10912
5757
12117
12175
10251
10397
10761
9687
7192
11857
10842
12011
6746
12581
12102
11958
9770
12377
11495
11948
10755
7338
12608
12138
10781
7132
8908
10842
6838
12071
12597
10927
8045
10729
12227
11005
10556
12287
11517
11913
7876
5742
12522
11281
9620
7741
8205
10242
4482
10184
11578
12123
3620
11729
10510
11277
9702
12140
12687
11959
10644
6885
12403
11737
11620
10494
9793
10830
7965
10737
9819
11760
8409
10535
11656
11985
10826
11811
11017
12362
10266
9420
12058
11429
9447
10509
9530
11135
7697
12228
10231
9211
6942
12281
11776
10808
9397
11845
12257
11209
9776
8764
12982
12269
9379
9715
8929
9972
6520
11992
11426
9711
7175
11076
11622
12252
8060
12318
10848
12968
9846
7505
12538
10274
9240
8359
8697
11414
2230
12501
12227
10442
8405
10692
12309
12334
9031
12199
11871
11250
9195
8739
12493
12081
9896
8440
9482
11264
5197
11948
12210
12115
7926
9114
9922
11288
9873
11563
10458
12120
7388
4650
12217
11826
6695
7926
7926
9696
8227
9139
12173
11446
8212
11545
9902
10919
7989
12215
11057
11878
10468
5335
12430
12519
8866
6939
7675
10129
8994
10677
11009
11471
7671
11527
12845
11233
9851
11489
12318
12179
10420
9482
12194
12282
11122
9811
10256
11527
8529
12308
10577
11114
6895
10696
11676
11366
8312
10983
11910
12505
11130
6664
11313
12263
10012
8080
10245
9531
5086
11235
10073
10269
9842
11470
10317
13061
9717
11938
12169
11831
10189
6978
12356
12438
10570
9772
9553
10586
7965
11602
11878
11762
8158
11191
12693
11281
8956
11844
12094
10515
9659
8794
12370
11887
7376
8882
7421
11993
6894
12857
11572
8904
8887
12262
12394
12890
10415
11870
13080
12663
8874
9037
12668
10109
9522
8608
9807
11319
7910
11952
12572
11138
8966
10980
12329
10926
9714
11978
11188
12303
9377
8605
11975
12744
11381
8433
8723
9767
8527
9933
11300
10460
6609
11052
11655
11450
9398
11989
11531
11635
10090
8782
11645
12432
9735
7040
9229
11363
8566
10563
11690
11189
8587
11020
11518
10736
10232
12360
10017
11783
10241
8806
11389
11632
8763
7296
10369
10475
8859
12029
11911
11102
6431
12316
11521
11527
8896
12783
12152
11600
8694
5223
12707
11909
10131
7972
8035
12302
7941
12550
11450
10611
6465
11190
12621
10771
9824
10690
12134
11084
9550
7616
11925
11636
7964
8278
8481
10643
7584
12185
12417
9941
9131
11063
12315
12145
9199
12206
11515
11068
10623
8735
12748
12143
9082
7115
9437
10627
3392
12549
11205
10802
4234
10884
10333
11945
8075
10477
11994
11394
9879
9339
12064
12553
11100
7748
10443
11080
7497
10426
11672
8935
7753
12059
11565
11491
9985
11638
11966
10509
11455
7303
12858
11813
10172
8461
10146
11876
9097
12076
12456
9967
7557
9991
11046
11242
8543
12346
10026
11703
11684
8558
12501
11487
11102
9251
8957
10975
7094
12564
11701
12134
7830
10880
11883
11907
9661
11817
12103
11679
11120
8532
12130
12268
11044
8660
7527
10388
4206
12184
10860
10259
6453
11474
10804
11064
8254
11672
12821
11892
8619
9321
12446
11828
9226
9969
9454
9533
8624
12322
12162
11618
6906
11274
12340
10885
9469
12657
12303
11910
10980
8773
12088
11512
10352
8017
9875
10673
6018
11892
12224
11201
8353
10566
11897
12757
10221
12574
11761
12222
9213
9210
11781
11354
10731
8078
10579
11156
7974
10092
9471
11848
6170
11188
12208
11771
8898
11937
11871
11571
9919
7186
11907
12688
11290
10423
9259
11495
8754
10448
11959
11649
6849
11195
13032
12016
10397
11541
11883
12261
10615
10534
11521
11896
10692
7095
11189
10774
7440
12512
11351
11569
8045
11355
12104
11936
8537
11306
11510
11888
10487
9108
9817
12438
9003
8497
10269
9868
3825
9993
11293
9819
7102
11687
12445
12076
10109
12229
11464
11805
10115
9453
13289
12470
10686
7594
9058
9004
8637
10901
11072
11127
7814
11916
10917
10899
11261
12168
11484
12979
10737
9499
12411
10903
8568
9228
11061
9308
7785
10681
11585
11212
8409
11138
11786
10670
8851
10706
11970
11994
8995
10073
11386
12819
9360
9005
9557
10347
7431
10880
11436
9397
6664
11329
10738
11418
9888
11440
12745
12767
9016
7057
11747
11743
10527
8751
6993
10007
8595
12036
11467
12208
6549
10340
11609
9927
8948
12511
12593
11157
11588
6964
12564
11029
9811
8569
9879
6713
7204
11088
10667
9830
8756
12008
11961
10764
5900
12626
12462
9889
11137
7137
12082
10838
10202
8488
9743
10957
5400
12267
11374
10766
6847
11761
11777
11065
9856
11082
11867
11254
10584
7228
12413
11548
9881
7562
9908
11518
8470
11972
10525
11059
4539
10768
10806
11930
8416
11959
12380
9730
10735
9656
11474
12355
10439
8770
9818
9577
8420
11490
10558
10329
5254
10468
12056
10005
9632
11783
12285
12065
10031
9446
11640
12333
11333
8218
8506
11155
7386
11411
12172
11639
9326
11435
11093
10879
11232
12281
12299
11930
11138
8459
12717
12578
11261
9765
9208
9266
6708
9484
12449
12022
9135
11805
12220
10562
10728
10677
12307
11331
10977
8680
11687
12241
9355
8074
10053
11295
7379
12362
11516
12592
9557
10000
11611
12417
9107
12717
11769
10884
9313
8372
13293
12841
9743
10245
11238
11570
7001
12698
11726
11780
8776
10965
10654
12461
10583
12967
12630
11990
9702
8101
11750
12064
9454
8791
11052
11045
9190
11587
11295
11505
8368
11717
10882
11561
10936
11923
11122
11553
10871
7288
12606
12303
9051
9794
10426
12113
7019
11874
12385
11917
9474
10665
12079
11165
8965
12891
12460
12430
11388
9556
11327
12512
10773
9932
10492
9973
8143
10912
11394
12173
6356
10206
11994
11758
10764
12229
11541
11339
9663
7345
10951
11586
10611
8940
11406
11023
6885
10287
11772
12551
9419
11445
12084
10535
7368
11830
11219
12355
9504
6631
12122
12237
9556
8717
8869
10141
5679
11285
10568
10064
5249
11769
11281
10992
10042
11038
11006
12326
10019
7279
12065
12011
9556
10467
11277
11341
7466
11903
11716
11339
6722
11639
10732
11646
9802
12119
12041
12019
9885
10334
12979
11425
9680
9171
9730
11766
6030
11658
11863
10677
9342
11925
11466
10770
10432
13028
12442
12353
9302
9573
12725
12105
9605
10166
8964
9725
7940
10592
11678
12646
7486
10930
11683
11223
9415
11817
12290
11102
10170
8409
12533
12321
10220
9967
10572
11316
8847
12040
10199
10195
7927
11304
11863
12609
10686
12119
9959
12135
10498
8244
11095
12177
10215
9988
9768
10027
8249
11703
11872
11151
8034
10921
12212
11943
10869
13114
12009
10987
11393
7513
12667
12562
11002
9324
9096
11470
6678
11227
11812
10515
5950
11955
9137
11378
8761
12203
10517
12980
7254
10575
13023
13135
11298
9682
7144
11197
8009
11553
11079
12600
7550
11554
12718
10866
9714
12062
11817
11496
9914
10495
12965
12875
8305
9194
8963
10620
8637
11794
12678
12075
4794
11988
12222
10436
10104
12705
11820
12727
10211
8896
12332
13055
11202
9955
10124
11837
6612
12467
12018
12212
7716
9806
12907
11014
10746
12339
13002
10695
9750
8864
12240
11442
10382
10983
10413
10792
8424
11011
11810
12101
9555
12260
12531
12126
9485
12504
11526
12441
9609
9491
12875
12853
10476
9466
10313
11236
8879
11142
12488
12455
8094
10656
12800
11962
10593
12118
13117
12129
10507
9853
12623
13184
9870
9147
10690
10393
7716
11065
12090
12337
6761
11939
12856
11768
9108
12613
12233
12535
9817
9931
11386
12231
9325
7458
7466
11681
8060
10820
12012
11819
8995
11714
11948
12232
9916
12184
11948
12444
10364
7918
12073
12721
11433
10075
7702
10930
7849
10630
11830
11063
8092
11313
11812
11498
10374
12205
13213
13108
10643
8235
10746
12033
10700
7513
9758
9972
7540
12158
11811
10745
7845
11978
11464
11820
10926
12238
13037
11878
10691
9049
12110
12305
6351
9436
8431
10334
8837
12068
12827
11097
7735
11604
11480
10609
10551
11835
11972
12606
9837
7553
12540
10575
8734
9441
9010
9815
9615
10346
11344
10678
6035
11448
12039
11606
11121
12252
12545
10833
9479
8584
12148
10911
10296
7616
8116
10804
8193
12250
12160
10640
7868
12635
11454
12465
9786
12101
12284
12119
11342
9552
12199
11903
9718
7877
10189
9807
7352
11546
12811
11965
8229
10428
12500
10787
10578
13017
11909
12016
9758
8003
12477
12527
9489
9712
9246
10638
6547
12808
11114
9618
7335
11414
11217
12090
9276
10859
10691
12232
9619
9105
11600
12546
9344
9662
