-7400
3313
-7983
-1779
3871
1081
-8114
-1081
5296
-1500
-7793
4277
2731
-1273
-1191
-6252
6719
4294
-1372
-7969
-5404
-1538
-6733
-98
5370
600
-3012
2365
2450
469
-4800
7720
527
-1647
-1167
-2166
2365
97
-3264
-8557
-8034
216
-7709
-460
5825
4739
-2269
-4191
5604
-2893
-1881
1023
2666
5199
-2297
-7430
4080
-1842
-3750
-7522
-1647
675
-5812
5706
4351
1597
-4137
6717
884
5751
-1679
1273
-747
1080
-6422
-3620
1720
2832
-1553
-1477
-4741
2261
-4724
4272
-353
-2882
-3912
-1470
1580
5919
-2020
3752
1272
1218
3933
-3747
-178
3564
-2189
-4608
-1293
4654
-6828
6263
-5752
3708
-4966
2395
2770
3328
1442
1722
-977
-221
-3447
-8270
-313
5696
2681
-4449
-1200
205
-7511
3655
3539
1186
-6833
-5519
1296
882
971
6351
3965
-1645
-586
1268
3016
6118
-1153
-3147
-191
4108
-5913
2693
2498
1633
-7577
1797
487
5328
540
3254
6424
3270
1544
-2313
4185
5459
-115
-4475
-5456
679
-7717
2478
-1351
5908
-4651
-1002
4316
4115
4855
444
5059
2996
105
-7769
3026
3842
-4241
-4813
-1095
-2012
-1424
2013
-1580
2604
-4679
816
7388
2226
2245
2921
2193
1786
-800
-4044
903
8709
2968
265
-2842
-4806
-3231
-380
-2960
4491
-3156
295
4082
-1528
-750
5061
6009
2808
658
-321
3963
6310
-660
-2444
-3332
-3679
-4468
5580
3294
7103
-3003
6506
3650
4801
3162
4829
5979
3410
1311
-554
5080
2324
1687
-5314
128
-2001
-5384
8820
4939
2409
-5545
-1977
3213
3351
-833
2640
-251
-16
-2397
279
5608
-759
-3178
-3365
2820
-837
-4626
1452
3286
2036
-3716
-96
217
1739
-1855
2245
1430
1949
-1009
-3645
4910
4247
354
-1897
-6728
-2243
-3787
3825
928
237
-3543
1904
4026
4119
-2064
2221
-146
-157
4844
-2237
3761
2347
4848
-1173
-4598
1422
93
-264
-230
3096
-7465
6165
2278
5376
4648
-864
4774
257
2234
-573
4720
2978
881
2030
-2190
1879
-5066
432
2927
4162
-896
-2967
4410
1486
-583
4591
2233
3220
-1789
-297
5209
4433
2622
448
-6560
5066
893
1158
3428
2610
586
6921
3930
4061
2846
5787
5919
1397
2197
245
8289
2784
114
-8012
4712
1741
-4051
612
1573
7557
-4061
4618
549
3623
-4077
5039
9168
4447
1101
-1348
6974
5615
1670
-3256
-1380
5521
-8462
5588
6539
-618
-1383
-312
6243
4838
-202
6848
4134
5089
1811
-2823
8722
2402
1671
-1687
-439
2712
-2940
1261
4433
2099
-720
616
6740
4432
-151
4707
5408
1562
-742
-1172
4679
7641
3477
1951
-422
3498
-2236
3790
4339
4613
-1891
5790
7230
4449
1008
6438
7481
2079
-1768
-1032
6877
9856
-504
-4255
-4409
3817
-2091
6218
5453
4226
1479
2318
1447
3056
-626
3360
2821
5068
3282
-4405
6928
-145
-1097
257
1969
-2373
-189
5322
3402
1287
1891
5574
6893
3479
1296
10075
6303
4233
2502
3000
7970
7391
-1214
-3091
-419
3152
-6826
2344
4196
3831
-3777
3108
622
5431
3737
-378
3213
6720
2000
1942
5631
7074
2685
-4307
-205
1995
721
2789
1937
3191
-3816
5009
7540
5673
5169
6142
5597
9136
2770
-641
5798
6243
2260
3179
-41
5594
-1783
1345
1408
6721
1608
3316
6354
2708
4308
2485
4783
6396
-3972
2903
2292
8647
5711
1468
6389
5256
-2112
7680
5398
6124
641
6030
10407
5969
3158
6027
6336
5279
1389
-1346
4098
5765
4655
2094
92
1823
-2988
5047
8174
3937
-3618
5919
7579
6580
5072
5156
5534
5715
1727
1131
6669
10127
3865
2586
1014
7556
5918
2741
6859
5417
-1476
8225
8351
8869
470
8052
7440
6051
4527
-3966
6929
2790
6152
-938
5068
1053
-6459
6743
9147
7598
-108
5610
6835
7591
5700
6404
7932
5906
4878
-37
6618
7779
-2285
733
3090
2327
-7563
6828
3809
3689
-690
6773
8651
7088
-1918
6134
6789
7567
509
-1375
8336
7449
5811
-3109
-121
4416
-1650
5378
6521
7565
-447
1836
6804
6150
644
8341
737
2757
7262
4560
8618
8403
-303
649
3151
4860
-492
5070
8501
5972
910
3664
7847
9034
117
5005
6492
4803
-1293
-1445
5001
6565
2337
2208
3215
7716
-2308
5243
7684
5437
-1693
8350
6260
6252
1183
8607
9870
7416
7445
-756
8243
5689
-1123
4165
2865
5226
-2353
3920
7479
6603
1998
7326
9095
4468
6036
1393
6395
7245
6387
-2943
6758
8668
7947
3933
4070
33
-893
9723
6784
5181
82
6867
8231
6701
1497
4014
7733
5739
3327
2468
4767
6014
6596
-195
-6281
1862
619
3919
3182
8931
380
2496
6994
9914
1734
505
5451
9576
5613
830
6305
8124
6284
-1713
-606
3328
-28
5351
5435
2860
-456
9181
2719
7707
3677
9000
6040
3766
5797
2070
5250
7068
6996
1356
-1021
5593
-2953
7175
6314
7163
4432
5304
3624
2798
3181
9042
-749
7298
1997
960
4349
8294
178
70
2576
3742
-1593
4861
8367
5334
-1989
8018
5096
7074
5171
3435
7037
4588
2512
4566
7201
4214
-3026
3461
5644
3573
265
6057
10893
5701
-2154
165
6312
10119
3796
7502
6048
9243
6892
1881
6118
5709
5245
1744
2831
5415
965
9178
6813
6949
-1227
9952
9105
312
2470
10164
8453
7795
8290
882
6583
7831
2541
-4233
4441
1779
-2805
8432
6000
6731
-3190
10150
6938
5304
3583
3381
5218
3013
6958
2027
10971
7277
6570
3411
3435
7712
1615
8463
6783
5739
-1767
7288
8199
10381
5042
6534
1250
9276
5948
3911
4568
5906
4640
2807
2454
6598
3469
9538
8284
6638
-220
4631
7929
9092
3020
6727
7573
9285
5106
1699
8707
8576
5961
1121
4788
6312
1624
10813
9822
7735
1491
7723
7773
9435
7062
6500
7943
5650
7472
5680
8617
7475
3742
4490
3231
3885
3114
7865
7004
8450
1775
7425
7703
9280
2893
9127
7098
8102
1822
2850
8714
6801
6292
5622
28
6626
552
7541
10138
8027
-2070
6063
5015
7672
-365
8363
7904
5483
2113
3238
6742
9603
5746
1388
3397
6586
-2539
6818
6930
8587
1146
8371
8162
6431
1594
10232
7461
10091
6048
3266
8712
5830
8216
1277
3872
6446
2786
7547
5388
5448
-261
8671
8319
6451
4133
5745
9036
844
5291
-208
9846
7147
2553
3886
70
8620
-2256
3047
7704
8555
2923
8813
5588
8390
5790
8901
7368
4385
4829
1706
11495
6977
8914
730
4095
2440
-1556
8990
7891
6468
2976
7391
8895
8869
6812
8989
11028
5033
6108
-2447
5652
6957
3384
4041
-1256
8882
-3434
9798
9415
1787
-4723
7752
5878
8130
3077
7215
8787
7249
3415
-477
6441
6159
7918
-576
5122
3471
-2923
7979
5844
5656
4596
5109
4643
9664
763
5591
9458
6390
5873
-444
8026
9315
660
2868
-799
6644
-1755
7128
8090
8965
2329
7549
9114
8665
3306
2709
10291
3257
7196
3768
5490
7896
6556
-376
6090
6079
2620
9274
5337
3646
-988
7465
5431
8367
6356
10286
8332
2922
6756
3134
7210
8759
930
42
5919
4691
-211
7412
8016
8078
2385
6166
6515
6566
6359
8999
7112
7589
7483
2259
8673
8339
8280
522
3367
4966
-266
7591
8852
7511
1356
7598
7692
6276
1501
8127
10090
10228
5143
5383
5569
9403
3657
1869
1942
2834
4647
5489
4697
9480
2395
3573
5696
6021
3527
9334
6916
10303
5299
3978
8320
9787
6315
4451
2997
5554
-2387
5362
9831
5575
3280
7637
8584
6129
5384
8439
5939
10820
6318
5008
9124
8245
6360
2881
5764
7775
2897
9760
8973
7836
-1715
9412
10236
6920
4701
7477
8473
7998
7667
5171
4729
10211
9243
1056
5054
9543
3111
6248
7571
8413
-1441
4370
7913
7207
4160
6315
8640
8558
2486
-276
10473
10650
9526
2363
1108
6835
5207
8932
7674
5053
2187
5863
7443
9190
4917
8066
6902
9991
6649
1289
9664
9935
5528
6647
-588
8748
1868
7739
10067
8913
-2938
6511
8833
6581
6509
8989
8127
5386
7376
5103
8677
8388
5671
1075
2900
6706
-3341
8366
6356
9206
3898
8992
8611
7095
6651
10529
10038
7448
7648
7210
10632
10477
-1678
1569
-213
3315
5888
11003
8130
7089
-2194
5239
7261
7276
3302
5020
9462
7050
6815
4403
9290
7662
6517
2066
6646
4397
487
6635
8668
8393
-287
8041
4889
7971
6552
8650
7782
10291
6894
4204
7798
5757
3792
3259
5413
6310
-484
9205
8379
7696
4530
4158
8310
8753
4070
10106
6988
8183
3212
5044
9903
9706
1892
5842
8388
9396
3264
8744
7998
5818
4114
7244
11643
5456
3875
7663
4181
8239
5530
-4080
7608
7969
6293
1385
4933
7208
4464
7756
7716
6711
-1030
7213
8772
7762
3623
7911
9447
6559
4256
6523
8300
10438
5402
4079
3930
6331
4509
8847
5707
6220
4088
8989
5804
7383
5054
10042
9502
9824
3232
2208
5317
10529
5182
2185
6926
3682
-3615
6037
7661
10003
1206
7831
8120
6828
3629
8976
7739
9261
2344
1207
5563
8964
8583
2747
5364
2694
-1058
9374
10610
6616
6011
4963
3770
8487
5814
10914
9656
5202
9537
4664
6746
10114
6417
2855
5290
9262
385
7427
7793
7112
5180
9626
9822
9465
5871
9539
9060
8622
3327
5796
9214
4772
9637
5300
4725
5310
3395
4900
6766
6590
4774
7967
8935
3737
5777
9851
5257
7694
6328
4357
9247
8032
4710
5352
-1512
3902
226
9278
10230
8525
1673
6699
7621
9010
6894
10082
11236
6544
7021
1551
8091
2832
4191
4063
5270
4647
-437
8810
5027
7094
42
8751
6332
9598
2723
10490
9390
5831
2630
4638
10145
7515
6942
2615
2069
4638
1454
6192
8125
8916
2113
6793
7811
7123
7246
8212
10412
10084
2630
785
7691
7762
5586
4152
5074
4010
1069
8143
11330
9543
1554
9533
7283
4798
-1024
8238
9388
10377
7495
5658
10222
10964
4402
3592
2558
7910
-4205
9168
5850
7388
-271
8850
10298
7299
1964
6387
9592
9225
5377
2785
8359
8720
-91
3041
6807
6590
2932
7657
8117
9062
7072
6706
8895
8536
823
9667
7767
10859
5154
2339
6412
7478
4159
3848
5745
6873
1679
8780
11176
9130
-2660
9077
9226
8955
7671
7445
9307
6593
10695
6424
8568
8835
6136
2675
5440
8633
-121
9457
8946
6166
3376
10551
7172
6060
7077
9750
8557
5155
5405
4588
9240
6461
6258
6043
7111
8314
-333
4617
8420
8820
3456
6940
9713
7824
5922
7958
10855
10543
5485
204
6129
8053
6830
3756
727
6599
-1470
9350
9312
7506
1074
6892
8288
9810
9175
9525
8668
8131
5422
3396
8251
7872
4659
3163
822
7159
2721
7581
8519
10988
3030
5954
8580
6995
6654
6768
8917
8298
8087
3603
11178
8942
7651
4927
7168
6959
5157
9250
9579
7502
4041
7930
8912
11225
7670
7544
9713
9171
6294
3608
8984
9174
5753
6237
7853
8407
20
8018
10486
6087
3783
9790
8170
8505
2692
9666
7366
9662
5523
4713
9528
8264
7135
5073
3556
5932
-263
10631
7491
6606
4008
7300
8495
8841
2215
8796
9332
10903
6776
1952
10082
8207
8449
5046
5501
8414
1095
7972
8586
6234
4123
7231
9857
7872
6704
5965
10577
8349
6776
5636
8257
8996
8528
484
3550
8905
-815
5857
8532
10619
-1937
8717
8770
7249
3890
10292
9622
9658
3539
4522
9859
10973
6144
19
4177
4634
1444
8327
9407
7571
3071
5556
9379
9864
5495
8920
7065
7422
6415
3369
8631
7020
6339
3948
7491
8459
2023
8977
7166
7802
2514
7089
10168
6373
6825
6240
6335
10659
10956
4254
5295
8618
5170
1299
3976
6493
1071
766
8129
6129
-2933
7060
7216
9746
6227
7293
9408
7116
4093
2456
8064
8084
8057
3899
-633
7179
4552
10759
8644
1587
2842
6009
8109
8368
6187
8346
5511
9359
3345
3189
10046
5195
6930
273
3094
9929
1518
9121
5959
7951
84
8865
9737
6930
3551
5919
10131
10504
6426
3491
7896
10806
4447
3946
3416
7589
3274
7771
9357
9662
-96
8823
6963
6250
5570
7879
7077
8571
6788
6749
8456
9614
5285
2689
-2034
5866
5135
6718
9550
7288
1466
6483
7642
4059
1499
7300
10718
7571
7306
7229
10760
7859
5102
2173
7186
8393
4150
8830
7798
9204
-834
11070
7408
10013
7997
8754
8954
9338
5915
4821
9166
9121
7044
4676
7276
7871
-6071
7268
9097
8362
423
4856
8445
7929
5641
6249
9383
10133
3519
1351
8242
8036
4141
3035
7043
8928
343
4040
9028
8494
171
5782
8235
9026
4371
8673
9718
10996
5467
3580
7700
8355
6128
5667
6606
4878
2309
9186
9283
9944
-486
8526
7935
6621
3929
8662
10064
5925
6955
4698
9041
11145
4947
6900
6036
4349
4961
8381
7054
5809
2176
5815
6202
4869
3575
7485
5148
7312
7500
4482
11667
6783
8499
-3332
7259
4566
646
5976
5499
7438
4934
7241
7647
8387
6096
6912
7197
6695
6696
2492
9596
9303
7899
1506
4343
5399
-2874
4967
5768
7956
5241
7520
7470
7322
5460
8318
9166
5853
6463
4012
6364
9771
7329
2263
6561
8323
2352
7720
9544
6671
4690
6622
5376
10687
2370
7823
9057
9422
2754
-2042
8705
9015
5856
4560
2128
5105
3443
7933
5558
9956
4604
6094
9177
7589
6669
10673
8866
10994
4671
12
9145
9253
9527
1441
5288
7565
106
7476
9357
7584
6444
3517
10022
9635
4897
9934
10488
6803
7318
2256
10011
8802
5195
3938
4501
8119
984
7561
8930
8349
2095
8014
7738
9669
3594
10178
10091
7809
7388
3728
8018
7826
7468
2874
4774
8552
4553
8985
9714
6607
3777
6830
8031
9993
5816
7809
8747
8242
7915
7405
9350
9003
5336
3365
8166
9168
1711
11000
8459
9106
-321
7549
7949
8950
7247
8092
6605
7488
5624
6176
7891
7514
3452
3911
8067
9551
3840
4513
8006
9150
1575
4758
8446
9521
1941
6906
6970
6350
6113
6839
7533
8868
5723
727
7598
9744
2044
6650
11001
3561
-510
6715
8284
8534
7972
7490
4045
10446
7976
1313
6927
10868
6224
665
5835
8365
-2804
6676
9229
8084
3540
9723
10224
9782
6323
6979
8453
5692
5467
7142
7736
10397
5936
5305
4911
5757
793
7026
7371
7708
-2230
8400
10625
8296
5145
9277
8137
5664
7041
4061
7463
9228
4135
5515
2961
4911
2998
7770
9290
8487
1900
9819
7365
6620
6055
10556
9067
6856
1802
6441
11207
8060
6439
5321
6860
4691
1993
6664
9911
7171
-437
8460
8720
11239
4094
8556
9151
8383
5873
2732
10527
9600
7948
5094
5200
5456
1466
7558
8397
10952
2198
2046
10387
3998
6303
8547
2560
9590
4027
4089
10254
8113
-872
6246
5110
7841
457
8103
9241
5843
1173
7196
4588
3956
4937
9057
7599
8354
6566
2668
7662
9488
5362
3180
4234
5565
4721
7569
8916
6495
5505
6599
9930
6952
6397
9461
7963
6277
6543
2627
8932
8278
5829
1781
3307
3571
6894
7034
9409
7348
5166
3686
6651
8007
1829
7161
8432
9014
2726
4453
6467
9214
5385
4976
-486
3850
6647
10187
8228
9187
3842
9638
8259
6583
5134
7387
7376
4192
7816
3936
7655
6851
7308
1187
3845
815
2878
8689
5772
6649
3860
7701
9018
7389
5034
7211
8423
8777
6949
2884
8579
7129
7173
5533
6107
4970
4630
7688
8861
5640
-2361
4694
3535
6518
1391
3271
10189
7251
4027
-499
7935
7289
3414
2427
3462
8262
4117
3771
9212
6523
1659
5257
6865
6234
3493
7645
7460
9050
6677
6714
9174
6100
8361
5709
-1639
3884
-2244
5898
6916
4682
-1237
8438
6809
7013
5993
9166
9091
8857
4867
2965
7365
10212
7685
4133
2811
7049
3871
6932
6630
7796
2917
7738
8497
4501
3407
4639
8747
9226
1642
1689
8454
8866
6073
3799
7250
6832
-605
3184
8563
8755
2782
5785
9384
8536
8748
7748
8014
10294
6654
2660
9445
4668
4877
-1041
1971
4418
-234
8213
9782
10502
2799
7493
9492
4443
7470
9130
5501
9456
7294
2473
10131
9143
6974
1034
575
3593
4319
8452
5182
10012
816
9408
9476
7682
6266
7257
9150
9274
7507
1874
7216
6424
8316
4123
5441
6676
3393
5978
9947
8937
4720
9383
5967
4486
8359
8982
8445
8284
4834
4241
7492
8892
6209
1669
163
3607
2335
5821
10568
8328
5524
7314
8749
4638
7921
8880
4756
10142
7534
3868
9246
9841
5209
5060
827
4636
6955
8056
10019
7320
3503
7932
6396
6926
6706
10873
7700
10840
3545
2638
7600
6435
6654
5337
1413
2923
3139
10122
9631
9812
4384
5295
6681
7560
2532
8606
6011
6102
5750
2952
7345
7862
5660
2351
-1100
10693
3909
5109
7698
6929
1616
8434
7156
8844
7432
8566
6736
6575
5260
6451
10145
8499
6342
7265
2240
8420
2193
8457
10416
9856
726
8017
3663
7594
2844
8639
8444
9542
5244
5516
7958
7969
6390
4752
2219
5529
3904
7491
9792
7053
3952
9101
8716
6584
4866
9766
10387
8363
5687
1426
9341
5957
4910
3629
-2029
5611
3556
6936
2702
8534
-219
8201
6203
8398
5523
7967
7099
10894
7153
-300
6699
4611
5457
6155
2158
6521
967
9365
6590
124
5358
6766
3610
9562
4280
8840
3887
6377
5239
4022
10097
7296
5368
4366
4671
6120
718
5904
3960
7810
3280
8880
7816
8845
5032
5025
5644
9523
4626
4492
6732
7249
6917
4259
699
6076
4473
8106
8982
3838
1944
8501
9252
5334
7741
9584
10214
8842
7358
5556
8659
9264
6690
3794
5572
3793
2143
7960
5957
8875
1175
6682
9652
9550
5803
6468
7658
6147
4982
6425
7457
8917
5449
5213
3813
7008
5578
8510
10120
8612
1068
4997
8083
8738
7262
10669
8220
9008
4656
7097
10734
7295
6815
6810
-2551
3862
240
6647
8215
5923
443
7237
7846
5068
6582
7415
10989
7644
6080
2609
9912
10125
6780
6167
4278
6773
-100
6327
7144
6272
4385
9187
9960
5767
6596
4529
11229
10989
6906
3439
8463
7455
7555
7328
3020
7761
2185
6268
7326
6110
4881
7066
8599
3948
5950
7338
6673
11454
6452
4067
9943
8311
4827
6219
1841
6738
5650
5003
9708
8631
263
3657
8460
9332
5751
8396
7386
8084
1930
5508
9521
10627
5960
3470
5577
5811
3389
6142
8187
8188
6880
8338
9187
7746
4189
7493
8700
8939
3934
5275
7206
5174
4859
6076
5173
6087
3361
5226
6428
7341
1908
7690
6741
5378
6463
3153
8300
8338
4072
1632
9970
8723
7363
1378
1710
4254
453
8515
3954
9713
2730
5683
9137
8943
6462
8402
10352
7462
7181
5162
9755
9881
6481
7964
4903
4407
3943
3550
8555
8688
3084
6815
9212
6653
5605
2864
6940
10631
7976
1013
6392
7428
4966
3012
2625
4522
-11
8636
8141
7909
260
6054
10559
8115
3716
8548
10772
7448
8895
2733
8899
6887
6527
5779
1741
8449
2800
5375
9823
2739
-109
7097
10551
8714
4768
9645
11441
7177
5071
1804
10588
7662
6573
6977
4172
5970
6791
6267
5993
6101
-378
7484
7640
6541
8468
7079
10829
8568
4236
3376
7312
7122
5194
3164
3656
8666
4263
8311
10603
10350
4010
6142
7014
6623
8060
7204
8304
7798
5021
4710
8012
8539
8265
5103
-195
7820
3664
7485
7583
9399
3294
8027
8843
9234
9027
7178
7843
8982
7385
6693
7627
9244
7856
5847
4479
6216
-747
7945
9740
6744
4159
8563
10266
8438
1455
7341
10082
9491
8307
7856
7885
9908
7564
6123
1804
5585
5943
8557
8648
6793
7334
9278
8699
9089
3536
7117
8807
9144
6691
3584
11176
8863
4463
4675
5099
8199
4586
7557
7107
8259
270
9504
8470
9295
6969
7893
8633
7847
7614
7696
5177
8755
2997
1596
7433
9304
2512
6833
8615
9015
563
8197
9842
8594
2841
7130
8434
9363
7519
3149
7625
8602
4050
809
5627
7898
6005
5195
8896
5998
3467
7252
9112
8640
5319
9901
6958
5798
3138
6380
8250
6633
6178
3285
2870
9755
6804
9693
9448
7883
2891
8865
5452
6224
2200
9729
6032
2896
5187
6161
9798
6094
6839
4352
6113
4649
1137
5920
6389
9210
-1597
6749
8669
8117
1277
6279
9619
9501
4647
2541
8394
7188
5949
2456
3973
6294
4324
7332
6303
7511
2676
10158
6884
6368
5709
9718
5740
8871
6632
1809
9696
8512
7541
-3133
3642
7672
4124
7676
7782
6796
2144
6259
10225
7719
3873
9366
10642
9465
5481
-1880
8854
9539
6168
1152
4407
9632
2337
4962
6407
5643
2785
7309
10168
8171
3644
7149
11214
7261
8007
6892
7533
6317
7118
4877
6930
6324
1399
8998
9331
7280
3359
8575
8403
7976
4718
10140
7878
11293
6060
6339
10651
9609
3337
3998
3984
6807
4358
4190
7639
6075
4125
8705
9389
9126
4515
8342
8477
7385
5630
3073
10173
7653
4682
6055
6141
8276
2219
6508
8164
8037
2053
6374
10263
6311
8882
10170
9381
9181
5469
4347
6564
8561
6989
3814
1763
6096
2370
8695
9519
8151
2115
8698
9505
9289
8558
7040
9098
8583
5091
941
10292
7443
7384
4432
5592
6590
6060
8096
10639
6832
3710
7860
8988
8590
8516
8960
7548
8706
4985
5972
10199
9909
7983
3857
7152
4714
595
8143
8912
9278
1708
9739
7195
7255
4945
7953
9982
10504
3472
7259
8525
3939
10198
4004
2417
8758
4223
6239
9947
9699
3269
7853
7525
6552
4777
5971
5990
8219
9309
2755
7817
9018
4127
1901
3263
6424
-782
8167
5791
3517
68
7497
10623
6518
3845
4911
8692
7041
6062
4801
4016
8790
2357
3630
6493
7050
2017
9328
7923
3975
2074
6311
5013
9766
7010
8875
5864
9342
7091
2041
6961
5375
7246
-4357
9127
5914
3820
9331
8979
5333
-3201
10801
5929
-1505
1678
9913
8645
8223
3484
6233
9353
7806
3174
-906
138
8346
5812
8443
9657
7419
-942
9595
7345
6654
3749
7507
9734
7766
5445
1454
7250
5014
6527
3761
8013
2320
5606
5843
6287
2212
-1786
7213
7819
7187
3473
8548
9342
6748
5396
4057
4366
6314
6148
451
3920
8838
3378
5646
6483
3325
-1130
5824
8237
7943
7436
5672
6970
8237
5764
6991
8827
10197
5287
198
5686
7345
2440
8371
8772
8192
2038
6968
7796
10415
8611
9150
7646
10875
6333
4094
10233
9627
7921
3687
4521
8013
6383
9258
8675
4214
4129
9805
9033
6082
4512
5658
10056
9292
5940
4383
9976
9769
9353
-1516
1048
7219
6369
8601
10653
7926
3797
8765
9886
5936
7555
7954
6035
10057
6594
7207
9030
8054
7698
3800
4894
8989
4532
7824
6942
5550
585
6989
8381
10515
5997
9359
8593
9498
9873
4188
7221
6263
6078
5331
2900
8982
5345
6389
8627
4146
2295
5467
7103
9847
3505
10335
4849
8854
5910
-256
8129
8944
7943
7638
2204
6917
-2206
8473
7938
7664
-4229
7221
5238
4462
5199
4028
9307
9591
7166
8189
11187
3900
8011
1758
8673
8469
5610
7282
6378
6779
-1237
10047
10527
8271
3534
9041
7754
4936
8134
6379
7374
8148
4494
3235
6954
4529
7401
10323
10342
6259
-3297
7163
3171
9527
6226
5608
11494
7473
2344
5960
8134
8092
7714
4913
4976
5316
4544
10331
8155
8667
2420
3766
7041
8863
4239
7547
6444
6142
6096
8607
3320
6466
6210
3313
3089
5798
3053
8833
6943
7241
909
5507
9826
3268
3108
8861
8900
6816
5797
1223
7239
6972
5576
1065
3542
6501
4588
10275
9109
4438
1131
9204
7034
7496
4098
7603
5095
8635
291
2971
10219
6384
4374
3479
3674
5558
3156
5028
4487
7950
6062
6224
8159
6139
2448
10700
8321
9123
5516
3647
6902
9736
6135
3128
679
6950
4671
7881
10289
3302
3510
4386
7691
7892
7172
7753
10328
6611
8112
3315
6718
7446
6691
5094
4880
7380
7191
6490
6569
9835
2879
6821
8660
6958
8268
10986
9413
7983
6680
6254
9767
10273
6022
5443
5846
6631
4377
5119
8878
8778
1486
7444
8028
7852
4862
6760
6730
9221
7439
7215
8942
8466
3867
-177
4709
7084
5239
5840
7836
7879
1530
5828
7439
9083
2493
9084
8574
9869
4755
3370
8894
11475
3691
5433
856
7825
5055
8367
9038
5204
494
4731
6319
7410
6752
11449
7963
8859
615
4184
10589
6669
7514
3083
6482
9677
5600
6722
8822
5757
99
6423
8077
7269
4396
9814
6605
9023
5617
2041
8182
10734
7530
2476
3599
5032
6909
8082
7950
6784
-2859
8422
9836
10492
2087
9357
8688
9117
1348
6500
6844
6894
8668
2352
6820
7987
6481
4268
7808
9309
2512
9768
6311
7533
8239
4930
8584
9422
2773
3029
9473
10184
5948
5207
7057
5977
5677
8735
7749
4600
3664
7973
7740
7144
1867
9944
8260
7693
7196
4583
6539
7377
6439
3896
3202
7775
5006
8859
10717
8491
4715
7621
7233
9471
5112
8028
8444
11189
8513
2633
8376
9404
3087
3980
6632
5429
3750
6886
8144
8181
-187
8891
6951
5754
4984
9278
8244
10014
6742
3225
9030
8856
3469
2961
3520
896
719
9510
7647
5847
-756
9524
9031
3491
4039
10584
8906
6829
7594
5699
9366
7468
2096
3225
1241
6220
1052
6723
6117
7925
-156
7507
8390
4425
4211
4167
8036
7097
3181
5924
8720
8385
5645
-1587
5412
4542
5526
8302
8706
6757
151
8116
9821
4946
7164
6394
8171
10072
4576
5812
8126
9068
6923
6729
3671
8188
6768
8513
7025
11376
-3326
6631
7652
7246
4386
8494
10356
8834
2162
6619
8226
9688
7861
2312
2131
6170
2614
8375
9132
9752
934
7215
6448
8706
2686
8106
8925
10041
6203
7891
7808
9508
5307
6013
4373
7793
5046
8420
6234
5686
2725
8250
7925
10735
6412
10302
8678
7916
1423
6002
9048
9689
5832
5442
6770
7923
5768
10120
10334
8112
1495
8955
5503
9420
7528
10486
10752
8514
4026
3896
3674
8107
5196
7374
4314
3977
544
4740
10145
8514
-1222
10205
8734
5627
5161
5977
7590
8622
3034
3807
8681
9378
7748
4581
3136
5913
8252
8474
9769
6841
1818
5887
8478
8822
3451
7121
8924
9376
7292
4736
4994
8179
4674
3155
2794
8345
5631
8771
9218
7518
-447
4239
8516
8264
6361
6199
7875
8298
6632
5784
8251
8249
5725
2685
6143
7929
6900
7845
5162
7138
1197
3108
7604
6973
1761
10288
7953
7739
5478
6173
7290
7355
5660
-23
8
5850
1711
9579
6725
2485
-2857
8068
6103
6978
3637
8276
10316
9978
6677
4530
7051
8110
6671
6744
2064
6098
415
5443
7431
5534
-1542
8286
9655
8662
3164
10096
6166
8927
4890
4496
9074
9175
9568
2738
1243
8825
5732
9869
9418
5182
1789
9432
6090
3514
6552
4909
10272
7568
7721
7474
7454
6331
7208
2907
5214
4523
7498
6672
8736
7018
1766
6038
7209
6594
5240
6695
10632
9967
7066
3274
8688
2804
6315
2284
6586
7769
879
7546
9068
6593
638
9938
7855
9690
4002
10073
10191
9454
7785
3421
8217
7489
9672
1505
1969
7324
3404
9553
6075
6229
-930
8229
9215
7445
6556
10006
6848
9761
7416
3152
9348
8552
6806
449
1116
8461
6087
9462
7655
7032
4790
6139
8349
8520
6265
9185
8313
9793
6444
6754
10177
9989
5541
-583
3790
4781
4999
8329
10478
8451
2971
7897
10168
6143
6861
5960
8404
10282
9119
3020
9218
8437
5696
4468
4106
7624
2797
7016
10360
6609
3408
7723
6782
7472
2554
10519
8306
10785
6330
4947
9845
5236
4500
2271
5405
9595
5781
6432
9915
6792
-647
8967
7631
9102
3865
8226
7895
7160
4695
7249
8143
8526
8801
4931
5186
8467
6021
7920
8509
3134
-177
10614
9389
7147
-1184
5327
7482
9716
8879
1240
9429
4445
8221
4406
1056
6711
8219
7892
5747
9773
954
3856
8892
7533
5637
9327
5998
6626
2271
4688
8332
8200
4563
-86
4332
7570
4934
7687
8736
9215
-1086
6696
7502
9867
5083
5563
7288
10381
6559
6185
8575
6474
2346
2832
2342
8162
3908
8261
8612
6508
908
10629
10500
6808
7848
6156
4524
9991
5130
5942
7423
8520
6224
4867
5417
6731
-3687
5123
7201
6428
2596
6475
9784
8677
4129
7150
5981
5084
167
2345
9255
7557
7802
1627
-572
7385
5856
5020
7431
7924
2270
6922
6180
5159
5748
5008
8102
3500
6390
5346
9074
7373
8382
6262
1426
7148
3411
8141
8707
9372
1779
2503
9905
5126
5267
4910
9340
2574
7391
750
5192
9716
3451
3104
3268
2692
-185
8053
6638
5752
2653
5545
7482
5231
3599
7599
8964
7396
2924
5033
8246
7962
7889
4100
6638
6213
4839
8076
8572
5714
-586
4286
8970
6362
3184
8406
7987
9026
4245
6520
8481
8061
6367
7103
-2368
5459
2589
4276
8274
8610
919
8758
6406
10067
3364
8872
9111
7420
5598
5046
9829
9383
6368
-1441
4114
9640
2026
4971
6027
6376
4446
7293
8583
9731
3728
6520
6970
8640
7133
4008
8467
7485
6805
2846
1514
5939
2992
9370
8494
6196
2202
8659
6433
5869
2769
6928
9188
8267
1712
4444
6161
7209
7911
3712
6778
4546
4949
7974
7822
8332
5742
7390
9521
10120
8092
9463
10027
9824
5515
4639
10764
6922
8693
6244
7303
7252
3448
6676
7865
6471
4164
6446
6546
10107
5599
8882
7853
9824
9959
6587
9504
7192
10227
3651
1257
6506
7806
9437
10156
5974
2601
6548
8269
10295
5294
8159
9316
7702
7309
8051
5173
7705
8208
4336
2842
9171
6007
8424
8277
9895
4997
8066
8645
9990
4141
8473
9036
7937
7449
7275
8359
10727
5994
6162
7591
6167
5820
8208
9980
4715
62
3924
6851
1408
4954
9106
8933
9678
8707
4751
9549
9513
7802
2710
9066
5400
4770
5443
9843
7241
390
9067
7945
5892
3777
7376
5911
5914
5302
3614
7371
9353
4591
3184
2089
8188
5149
7997
7279
5677
1656
5937
10532
3443
8550
8846
7040
8918
7858
3507
10201
7402
6395
2198
3485
6242
3157
8670
8740
6798
-213
10775
7294
4074
6212
6204
10174
10753
4911
3139
6118
7823
7775
2581
8460
7677
4565
6639
10713
4721
-2070
5410
9773
5448
4009
7453
8055
8074
6733
6019
8319
6538
5196
4504
-548
8538
2175
6483
9984
4129
3547
8596
9068
2864
2885
6676
6907
8019
6280
7744
8440
9960
7291
2738
-1882
4088
5164
9953
9729
4269
4543
8066
5595
10327
4468
10182
7431
9200
6015
5758
6135
7408
3351
4630
2696
4810
4718
6463
8337
7378
2177
9897
6065
5851
4982
3288
7538
8651
941
6192
8724
6942
6105
5136
1277
6612
7819
8797
5521
4917
-1766
6749
7751
9023
3892
7185
8739
6453
1710
6008
7626
9722
7417
2020
2088
5671
4537
5874
5764
4063
-2843
8807
5988
8670
6668
8201
9276
8231
5302
6693
9155
7685
7659
2992
