-29288.0
-25019.0
-28008.0
-17987.0
-12503.0
-13475.0
-28371.0
-14665.0
-26765.0
-33400.0
-16620.0
-22498.0
-15013.0
-16815.0
-23380.0
-24811.0
-19343.0
-15281.0
-20145.0
-17676.0
-25991.0
-16309.0
-12940.0
-18019.0
-22808.0
-30794.0
-21518.0
-17938.0
-27123.0
-16939.0
-30390.0
-19598.0
-15478.0
-13228.0
-17777.0
-11569.0
-20867.0
-23258.0
-14272.0
-17689.0
-33977.0
-9879.0
-23287.0
-16761.0
-15547.0
-13852.0
-17059.0
-17182.0
-18685.0
-19426.0
-18964.0
-19546.0
-23912.0
-14717.0
-14697.0
-11687.0
-26739.0
-21488.0
-17271.0
-10640.0
-19781.0
-17534.0
-13386.0
-17300.0
-15041.0
-18615.0
-6385.0
-9432.0
-14879.0
-12388.0
-22848.0
-17485.0
-19110.0
-18772.0
-15584.0
-28385.0
-13457.0
-15125.0
-25490.0
-14150.0
-20688.0
-24086.0
-26033.0
-12279.0
-11607.0
-8272.0
-20584.0
-31551.0
-11786.0
-15031.0
-18992.0
-17594.0
-12516.0
-19056.0
-20907.0
-13755.0
-16717.0
-13650.0
-7215.0
-25238.0
-24200.0
-16117.0
-25200.0
-18945.0
-18875.0
-11499.0
-29303.0
-12719.0
-13109.0
-18301.0
-20701.0
-16796.0
-11070.0
-9336.0
-16542.0
-18192.0
-11012.0
-9362.0
-18827.0
-16417.0
-11453.0
-10697.0
-11769.0
-17597.0
-12900.0
-17801.0
-17028.0
-12561.0
-21024.0
-23857.0
-13852.0
-16650.0
-19807.0
-13226.0
-9414.0
-7249.0
-24558.0
-11313.0
-11647.0
-12776.0
-15449.0
-17364.0
-21838.0
-14643.0
-18784.0
-10628.0
-17252.0
-29307.0
-10881.0
-16803.0
-17015.0
-15779.0
-28623.0
-17378.0
-18485.0
-7915.0
-21934.0
-11328.0
-14661.0
-9962.0
-10708.0
-8815.0
-10104.0
-9086.0
-10409.0
-24852.0
-12185.0
-9097.0
-14554.0
-25949.0
-12616.0
-16267.0
-18889.0
-9599.0
-10421.0
-13100.0
-12806.0
-10561.0
-10205.0
-11299.0
-9962.0
-19139.0
-14070.0
-7793.0
-11343.0
-13007.0
-21166.0
-11193.0
-6611.0
-16205.0
-9267.0
-6087.0
-16765.0
-14821.0
-8592.0
-9835.0
-8657.0
-19576.0
-9484.0
-23423.0
-13466.0
-10986.0
-16921.0
-10897.0
-7237.0
-12679.0
-10268.0
-10397.0
-7112.0
-11657.0
-14559.0
-10431.0
-7998.0
-6005.0
-8880.0
-10814.0
-7001.0
-5839.0
-19658.0
-9411.0
-13991.0
-5929.0
-15819.0
-10497.0
-11871.0
-12226.0
-7936.0
-8663.0
-26301.0
-10649.0
-10604.0
-17390.0
-10950.0
-8694.0
-7378.0
-7991.0
-12723.0
-11864.0
-6228.0
-18340.0
-11614.0
-8635.0
-11858.0
-17035.0
-9132.0
-5468.0
-11567.0
-4430.0
-10239.0
-11325.0
-12327.0
-18597.0
-9366.0
-12107.0
-8899.0
-10566.0
-15094.0
-9597.0
-9726.0
-12993.0
-7962.0
-14639.0
-6755.0
-6837.0
-10351.0
-17402.0
-6330.0
-9177.0
-13873.0
-12275.0
-8427.0
-7856.0
-17028.0
-15354.0
-14886.0
-8815.0
-8924.0
-8197.0
-14159.0
-7742.0
-14618.0
-12006.0
-10554.0
-10190.0
-9478.0
-5871.0
-9324.0
-7433.0
-3741.0
-13511.0
-7020.0
-5635.0
-7493.0
-5482.0
-5223.0
-8581.0
-6068.0
-10530.0
-2762.0
-9157.0
-15775.0
-8209.0
-20167.0
-7248.0
-14918.0
-5990.0
-8748.0
-13595.0
-6172.0
-8724.0
-7984.0
-2916.0
-8368.0
-7582.0
-7744.0
-18735.0
-9430.0
-4163.0
-15438.0
-6234.0
-7251.0
-8709.0
-6971.0
-8483.0
-5862.0
-4611.0
-7124.0
-5552.0
-11892.0
-12610.0
-10299.0
-14454.0
-9939.0
-8740.0
-7053.0
-4317.0
-5570.0
-6468.0
-4859.0
-9125.0
-3759.0
-7435.0
-7487.0
-8413.0
-5517.0
-8318.0
-8669.0
-9616.0
-6139.0
-4789.0
-6151.0
-5655.0
-15497.0
-5555.0
-6283.0
-3218.0
-6738.0
-7556.0
-5393.0
-5146.0
-6903.0
-3211.0
-2831.0
-7362.0
-2017.0
-7573.0
-2835.0
-4302.0
-6198.0
-8086.0
-5322.0
-3770.0
-11332.0
-3465.0
-4093.0
-5421.0
-5843.0
-2789.0
-8669.0
-4972.0
-10687.0
-6384.0
-6905.0
-3181.0
-3774.0
-3647.0
-7669.0
-3425.0
-3861.0
-4998.0
-4238.0
-2444.0
-5141.0
-6354.0
-4655.0
-3456.0
-5812.0
-6241.0
-2711.0
-4821.0
-7177.0
-3362.0
-12032.0
-2315.0
-4766.0
-2922.0
-5333.0
-2600.0
-3525.0
-4034.0
-4523.0
-1780.0
-1511.0
-7872.0
-3595.0
-12347.0
-2084.0
-4052.0
-6695.0
-5005.0
-4923.0
-2397.0
-3115.0
-2443.0
-2157.0
-5479.0
-5187.0
-3751.0
-11285.0
-4759.0
-5109.0
-3437.0
-7326.0
-1507.0
-742.0
-1826.0
-6404.0
-2325.0
-2806.0
-4898.0
-5997.0
-1944.0
-1241.0
-11758.0
-5537.0
-3970.0
-7464.0
-6634.0
-2401.0
-2494.0
-2338.0
-1228.0
-8663.0
-1289.0
-3429.0
-2032.0
-4061.0
-5448.0
-4657.0
-1235.0
-4417.0
-1372.0
-456.0
-2821.0
-6543.0
-6690.0
-782.0
-1236.0
-6617.0
-2456.0
-3237.0
-1881.0
-3747.0
-5679.0
-1965.0
-4800.0
-2358.0
-1270.0
-4369.0
-5932.0
-7658.0
-9546.0
-6558.0
-3749.0
-1388.0
-3352.0
-3715.0
-3517.0
-4613.0
-3787.0
-4143.0
-2972.0
-3117.0
-4829.0
-2848.0
-2005.0
-2968.0
-2571.0
-1885.0
-2638.0
-3246.0
-3162.0
-11040.0
-1268.0
-846.0
-794.0
-4681.0
-2414.0
-2067.0
-2192.0
-3943.0
-2306.0
-1285.0
-532.0
-1335.0
-5246.0
-908.0
-1590.0
-1631.0
-4339.0
-4827.0
-3060.0
-3149.0
-2088.0
-480.0
-3077.0
-2738.0
-923.0
-4719.0
-2460.0
-3327.0
-4184.0
-2104.0
-118.0
-1252.0
-936.0
-2585.0
-2349.0
-1017.0
-3341.0
-597.0
-1343.0
-2100.0
-2517.0
-455.0
-588.0
-2721.0
-1989.0
-105.0
-1698.0
-2406.0
-1589.0
-5183.0
-687.0
-795.0
-638.0
-3129.0
-3703.0
-2454.0
-1573.0
-1881.0
-480.0
-1022.0
-1082.0
-1206.0
-5422.0
-984.0
-760.0
-6517.0
-4092.0
-1650.0
-974.0
-1734.0
-3071.0
6.0
-4487.0
-845.0
-683.0
-2701.0
-2771.0
-3956.0
-2017.0
-1194.0
-3500.0
2.0
-2950.0
-1739.0
-5119.0
-851.0
-2170.0
-1023.0
-2386.0
-1656.0
-3178.0
-569.0
-1001.0
-3433.0
-3317.0
118.0
-4358.0
-825.0
-1401.0
-2755.0
-1658.0
-642.0
-687.0
-2057.0
-2471.0
-2121.0
-793.0
-2509.0
-408.0
323.0
-1336.0
-1673.0
-2026.0
-2162.0
200.0
-860.0
-1018.0
-3851.0
-299.0
-1068.0
-1532.0
-196.0
-2482.0
-1000.0
-309.0
-3513.0
-2222.0
-1012.0
-1120.0
-1441.0
203.0
43.0
187.0
-2609.0
-780.0
391.0
-448.0
-366.0
-569.0
-668.0
-2874.0
-503.0
-166.0
-837.0
-1051.0
-1366.0
-1131.0
-1833.0
-2450.0
-2067.0
-75.0
-656.0
43.0
-1544.0
-440.0
-175.0
-1269.0
-1448.0
-814.0
205.0
-349.0
10.0
-4326.0
-131.0
367.0
-2132.0
-881.0
-1688.0
39.0
-497.0
-1087.0
-374.0
-679.0
-708.0
-169.0
-1411.0
-294.0
-2890.0
-3026.0
-752.0
-192.0
344.0
316.0
-1428.0
-303.0
-111.0
9.0
480.0
449.0
-215.0
-1158.0
126.0
-99.0
268.0
-662.0
-916.0
-837.0
-2737.0
-787.0
-2789.0
295.0
-576.0
-472.0
-1441.0
-402.0
-171.0
-236.0
-1504.0
206.0
-739.0
265.0
-685.0
-105.0
55.0
363.0
-61.0
-1732.0
-1976.0
-397.0
-289.0
-911.0
127.0
-1830.0
41.0
159.0
-2475.0
-656.0
-1206.0
-1547.0
-600.0
-834.0
-30.0
250.0
-1714.0
-45.0
-931.0
110.0
301.0
-138.0
-190.0
-807.0
612.0
288.0
-677.0
-1564.0
-580.0
278.0
-705.0
-580.0
-1780.0
-544.0
182.0
431.0
-1166.0
-179.0
-572.0
-699.0
-194.0
-830.0
-267.0
464.0
-231.0
-2221.0
564.0
-760.0
-421.0
-2637.0
-612.0
217.0
177.0
-694.0
-929.0
-757.0
-764.0
372.0
-1052.0
-1103.0
-1332.0
-240.0
-2341.0
85.0
76.0
69.0
-524.0
-154.0
469.0
-451.0
-589.0
306.0
-28.0
-65.0
367.0
107.0
367.0
-777.0
-627.0
-472.0
-566.0
239.0
-1197.0
-129.0
563.0
-742.0
-929.0
185.0
298.0
314.0
-438.0
159.0
-484.0
312.0
-1505.0
-1003.0
-65.0
-313.0
-2227.0
-1269.0
-812.0
120.0
-837.0
-452.0
-18.0
-1246.0
-660.0
154.0
-420.0
70.0
-995.0
-617.0
-713.0
-862.0
-844.0
73.0
-338.0
279.0
-99.0
-592.0
-554.0
-249.0
-762.0
-2161.0
291.0
361.0
-104.0
-32.0
463.0
-239.0
-642.0
-429.0
-641.0
379.0
435.0
-337.0
-1143.0
-642.0
490.0
364.0
-1320.0
-763.0
321.0
211.0
-1022.0
-2082.0
605.0
-317.0
-1355.0
-2082.0
-2057.0
-2085.0
-763.0
-1270.0
-1103.0
-362.0
233.0
-55.0
-1141.0
-1593.0
-1384.0
-3626.0
-3114.0
-776.0
-923.0
-522.0
-1611.0
10.0
34.0
-1113.0
212.0
-431.0
-385.0
-776.0
86.0
-349.0
-92.0
-68.0
-216.0
54.0
-286.0
421.0
-726.0
204.0
264.0
400.0
-2123.0
-88.0
517.0
186.0
-239.0
464.0
-54.0
-942.0
-173.0
-843.0
494.0
-115.0
-192.0
-262.0
-519.0
-33.0
308.0
-44.0
-94.0
-413.0
421.0
142.0
-1704.0
-105.0
-452.0
-1571.0
-589.0
-104.0
-392.0
340.0
82.0
-917.0
-130.0
-87.0
-919.0
-2106.0
-936.0
-1634.0
-58.0
-161.0
-674.0
-149.0
341.0
-1573.0
287.0
-462.0
-267.0
371.0
252.0
516.0
-71.0
-531.0
390.0
465.0
-1109.0
607.0
647.0
-12.0
-261.0
-736.0
-227.0
-295.0
156.0
-432.0
-1272.0
-754.0
-652.0
-374.0
-332.0
-1185.0
-716.0
-514.0
-938.0
-657.0
-2055.0
-512.0
-206.0
174.0
553.0
218.0
-569.0
-129.0
244.0
-23.0
-759.0
544.0
-1454.0
-435.0
654.0
356.0
-622.0
135.0
-118.0
192.0
-1073.0
187.0
-979.0
447.0
-844.0
-136.0
-685.0
218.0
347.0
163.0
-472.0
81.0
601.0
570.0
113.0
-1220.0
619.0
588.0
151.0
-1155.0
-531.0
-105.0
10.0
340.0
-38.0
-961.0
-868.0
166.0
-528.0
-236.0
-205.0
-220.0
398.0
-257.0
532.0
252.0
-1013.0
-158.0
434.0
441.0
392.0
684.0
157.0
-789.0
-1012.0
224.0
61.0
-373.0
-357.0
-1400.0
-1538.0
-581.0
-722.0
-1095.0
-158.0
-614.0
-1400.0
240.0
380.0
334.0
-1978.0
486.0
225.0
-63.0
156.0
-948.0
-353.0
248.0
-74.0
-356.0
-66.0
91.0
-398.0
-299.0
-2106.0
-101.0
358.0
321.0
-227.0
-44.0
-624.0
-18.0
178.0
384.0
-292.0
103.0
-162.0
153.0
-65.0
665.0
112.0
701.0
-267.0
-207.0
442.0
710.0
-95.0
336.0
671.0
299.0
-114.0
303.0
-24.0
165.0
543.0
454.0
-860.0
408.0
41.0
538.0
-1651.0
382.0
408.0
609.0
-312.0
-514.0
573.0
166.0
204.0
-61.0
-253.0
105.0
-125.0
-505.0
-143.0
-145.0
-201.0
-300.0
-491.0
-105.0
-408.0
-991.0
-16.0
335.0
408.0
355.0
-2.0
-14.0
-580.0
489.0
612.0
576.0
-119.0
-451.0
686.0
625.0
-825.0
227.0
503.0
157.0
54.0
270.0
-692.0
412.0
431.0
583.0
-264.0
-256.0
-99.0
-1697.0
-1276.0
328.0
464.0
401.0
-132.0
-1752.0
405.0
-39.0
132.0
-545.0
-401.0
17.0
-219.0
-740.0
-378.0
-1246.0
-1124.0
326.0
-1324.0
-378.0
-578.0
-2164.0
-1366.0
-317.0
384.0
434.0
-573.0
-28.0
363.0
307.0
529.0
644.0
-160.0
-380.0
215.0
-279.0
150.0
-45.0
-649.0
75.0
-1244.0
-527.0
-1343.0
-263.0
525.0
515.0
-1525.0
-258.0
-11.0
-1057.0
334.0
43.0
61.0
483.0
-1254.0
-649.0
125.0
-338.0
-411.0
-575.0
-1185.0
-1189.0
-164.0
-877.0
-869.0
-1064.0
35.0
-283.0
-1110.0
-79.0
-811.0
-175.0
174.0
131.0
24.0
115.0
-591.0
-1162.0
383.0
283.0
-574.0
295.0
-672.0
-579.0
-493.0
-809.0
-671.0
-162.0
566.0
-599.0
-718.0
96.0
-1809.0
-836.0
-205.0
-948.0
-847.0
-1735.0
667.0
369.0
-982.0
456.0
-46.0
-647.0
-416.0
-818.0
455.0
608.0
-841.0
-1544.0
-1336.0
79.0
-296.0
137.0
-337.0
-881.0
-496.0
-107.0
-551.0
-493.0
-353.0
-876.0
305.0
-96.0
304.0
521.0
-257.0
-979.0
225.0
562.0
491.0
667.0
52.0
-185.0
421.0
47.0
59.0
370.0
681.0
68.0
-368.0
-1146.0
-513.0
-399.0
-194.0
248.0
-1502.0
102.0
-488.0
341.0
-1848.0
274.0
457.0
182.0
347.0
-174.0
134.0
-18.0
-364.0
-936.0
-377.0
541.0
544.0
-516.0
321.0
-200.0
43.0
200.0
-220.0
393.0
-331.0
-103.0
-1352.0
417.0
489.0
542.0
-335.0
-64.0
430.0
321.0
410.0
709.0
-1126.0
223.0
16.0
649.0
393.0
384.0
514.0
79.0
-103.0
483.0
-189.0
291.0
405.0
125.0
-518.0
542.0
488.0
533.0
116.0
674.0
-225.0
670.0
308.0
-270.0
681.0
649.0
168.0
-495.0
65.0
376.0
351.0
-500.0
218.0
231.0
264.0
325.0
-172.0
-115.0
-1468.0
-916.0
200.0
-80.0
613.0
554.0
292.0
-151.0
-111.0
-791.0
411.0
640.0
239.0
274.0
548.0
668.0
177.0
154.0
509.0
373.0
143.0
520.0
-434.0
13.0
49.0
599.0
-943.0
32.0
625.0
570.0
-1053.0
675.0
591.0
619.0
165.0
-633.0
583.0
485.0
203.0
-901.0
53.0
363.0
194.0
277.0
517.0
-243.0
-220.0
154.0
67.0
185.0
-899.0
-175.0
95.0
351.0
533.0
643.0
200.0
238.0
573.0
560.0
412.0
684.0
-112.0
-139.0
504.0
155.0
375.0
257.0
630.0
-359.0
-1507.0
249.0
-3339.0
541.0
332.0
-217.0
-479.0
75.0
465.0
535.0
-1112.0
525.0
-109.0
519.0
139.0
-815.0
683.0
566.0
400.0
-6.0
-201.0
372.0
177.0
-737.0
219.0
-226.0
424.0
-572.0
-665.0
25.0
-420.0
128.0
312.0
396.0
693.0
726.0
180.0
-123.0
279.0
369.0
608.0
688.0
297.0
-431.0
671.0
642.0
157.0
310.0
699.0
215.0
-113.0
-635.0
-1120.0
457.0
600.0
638.0
-942.0
379.0
687.0
664.0
293.0
631.0
658.0
124.0
-20.0
35.0
682.0
649.0
119.0
-549.0
-353.0
464.0
572.0
-1117.0
173.0
243.0
-172.0
383.0
-413.0
-204.0
-303.0
44.0
-25.0
326.0
693.0
598.0
123.0
226.0
472.0
446.0
630.0
643.0
-46.0
-290.0
737.0
616.0
-317.0
365.0
645.0
175.0
133.0
-189.0
-527.0
344.0
395.0
534.0
-354.0
527.0
654.0
373.0
-578.0
407.0
608.0
336.0
393.0
-459.0
549.0
588.0
209.0
-323.0
-207.0
373.0
37.0
-127.0
198.0
243.0
-363.0
265.0
-208.0
474.0
-987.0
-208.0
235.0
202.0
724.0
614.0
-161.0
448.0
483.0
514.0
163.0
-24.0
-69.0
-434.0
646.0
689.0
260.0
448.0
648.0
396.0
253.0
480.0
-435.0
468.0
642.0
315.0
-842.0
599.0
634.0
555.0
-677.0
535.0
364.0
293.0
259.0
-552.0
502.0
179.0
81.0
-963.0
-159.0
479.0
88.0
211.0
286.0
331.0
328.0
378.0
-245.0
-49.0
-884.0
9.0
85.0
571.0
696.0
570.0
125.0
429.0
-43.0
-35.0
586.0
726.0
30.0
101.0
571.0
693.0
357.0
310.0
328.0
311.0
-44.0
126.0
-1902.0
580.0
404.0
607.0
-144.0
369.0
645.0
638.0
199.0
635.0
564.0
596.0
313.0
-468.0
583.0
726.0
274.0
-422.0
-98.0
688.0
574.0
159.0
159.0
177.0
-2.0
447.0
-288.0
286.0
-1177.0
-268.0
-148.0
282.0
580.0
541.0
-136.0
59.0
610.0
514.0
392.0
680.0
-5.0
-337.0
468.0
549.0
174.0
5.0
422.0
46.0
-245.0
534.0
-111.0
528.0
643.0
585.0
-454.0
565.0
344.0
579.0
181.0
250.0
580.0
331.0
374.0
-121.0
13.0
130.0
380.0
-389.0
-246.0
648.0
479.0
-212.0
190.0
-1209.0
372.0
314.0
-104.0
353.0
-988.0
2.0
-609.0
82.0
715.0
-785.0
28.0
-138.0
277.0
578.0
623.0
680.0
198.0
328.0
608.0
577.0
131.0
-298.0
685.0
98.0
-279.0
367.0
-633.0
548.0
613.0
398.0
-306.0
429.0
611.0
631.0
344.0
303.0
664.0
446.0
95.0
137.0
692.0
715.0
492.0
-30.0
129.0
423.0
431.0
241.0
464.0
30.0
535.0
470.0
50.0
282.0
-441.0
-327.0
220.0
495.0
705.0
451.0
178.0
119.0
523.0
349.0
686.0
615.0
2.0
328.0
189.0
615.0
213.0
473.0
596.0
60.0
110.0
264.0
-262.0
575.0
428.0
414.0
-598.0
570.0
659.0
606.0
-172.0
620.0
695.0
647.0
387.0
-286.0
724.0
698.0
298.0
-882.0
261.0
612.0
171.0
189.0
398.0
403.0
283.0
560.0
-61.0
370.0
-630.0
-36.0
279.0
575.0
647.0
675.0
119.0
270.0
491.0
391.0
229.0
482.0
65.0
396.0
713.0
680.0
463.0
227.0
588.0
443.0
507.0
429.0
-190.0
412.0
232.0
655.0
-336.0
-352.0
690.0
524.0
-100.0
566.0
-39.0
136.0
85.0
-160.0
698.0
492.0
75.0
-348.0
108.0
617.0
364.0
200.0
287.0
85.0
449.0
448.0
-257.0
251.0
-234.0
-110.0
-253.0
634.0
611.0
725.0
296.0
349.0
624.0
-465.0
516.0
524.0
324.0
3.0
699.0
610.0
458.0
461.0
592.0
96.0
-1020.0
337.0
61.0
313.0
653.0
541.0
-282.0
423.0
667.0
556.0
187.0
656.0
478.0
642.0
-10.0
-450.0
366.0
577.0
371.0
90.0
-236.0
473.0
469.0
399.0
467.0
-268.0
-188.0
27.0
-232.0
432.0
-441.0
-475.0
-695.0
398.0
613.0
596.0
192.0
273.0
202.0
623.0
582.0
672.0
289.0
144.0
585.0
608.0
337.0
496.0
670.0
241.0
188.0
337.0
-143.0
559.0
497.0
401.0
-500.0
586.0
360.0
567.0
133.0
563.0
577.0
590.0
22.0
-125.0
720.0
607.0
237.0
-536.0
-175.0
612.0
-26.0
340.0
435.0
302.0
422.0
393.0
89.0
269.0
-358.0
337.0
373.0
607.0
705.0
676.0
421.0
212.0
614.0
345.0
633.0
713.0
289.0
212.0
691.0
554.0
456.0
456.0
597.0
319.0
-17.0
478.0
-78.0
495.0
629.0
680.0
-417.0
450.0
687.0
268.0
377.0
626.0
648.0
648.0
295.0
-447.0
699.0
744.0
139.0
72.0
-358.0
669.0
341.0
333.0
132.0
238.0
346.0
326.0
-667.0
-20.0
-361.0
-12.0
161.0
534.0
723.0
702.0
-133.0
134.0
239.0
-28.0
590.0
699.0
-618.0
239.0
715.0
550.0
111.0
-754.0
663.0
-1787.0
-164.0
-1841.0
-2254.0
-187.0
-253.0
-290.0
-593.0
-1406.0
592.0
-6.0
-921.0
678.0
35.0
-631.0
-36.0
-497.0
376.0
653.0
333.0
-546.0
-324.0
462.0
363.0
449.0
349.0
-268.0
167.0
333.0
-761.0
104.0
-387.0
-274.0
-340.0
481.0
368.0
652.0
440.0
294.0
337.0
571.0
-2.0
671.0
201.0
19.0
706.0
537.0
-1177.0
-2693.0
709.0
-1749.0
-1051.0
-1362.0
-1900.0
-53.0
210.0
576.0
-2550.0
28.0
665.0
28.0
-279.0
473.0
630.0
259.0
207.0
-664.0
-914.0
700.0
292.0
-64.0
-955.0
621.0
428.0
117.0
-34.0
225.0
5.0
513.0
-493.0
85.0
-177.0
188.0
-361.0
323.0
696.0
683.0
-225.0
160.0
208.0
37.0
580.0
660.0
307.0
332.0
679.0
642.0
402.0
533.0
554.0
373.0
6.0
581.0
-291.0
521.0
551.0
368.0
-471.0
276.0
595.0
505.0
-28.0
407.0
315.0
572.0
408.0
357.0
546.0
727.0
121.0
-401.0
-538.0
582.0
553.0
405.0
209.0
-45.0
450.0
492.0
-648.0
80.0
-193.0
-28.0
-95.0
261.0
467.0
636.0
377.0
327.0
537.0
378.0
172.0
716.0
319.0
-383.0
301.0
581.0
452.0
-426.0
569.0
170.0
-128.0
320.0
-313.0
612.0
611.0
570.0
-396.0
475.0
586.0
525.0
-11.0
671.0
648.0
673.0
552.0
-29.0
710.0
675.0
245.0
287.0
-157.0
339.0
230.0
312.0
436.0
282.0
252.0
382.0
-185.0
107.0
-174.0
324.0
-124.0
599.0
664.0
656.0
90.0
-2.0
439.0
407.0
423.0
678.0
72.0
-49.0
382.0
641.0
279.0
383.0
691.0
343.0
-7.0
-189.0
-149.0
639.0
555.0
503.0
-989.0
562.0
652.0
583.0
363.0
680.0
673.0
676.0
547.0
-55.0
710.0
386.0
355.0
-126.0
-122.0
23.0
516.0
388.0
332.0
207.0
198.0
408.0
-258.0
401.0
-892.0
309.0
-117.0
565.0
656.0
690.0
247.0
239.0
547.0
355.0
580.0
726.0
294.0
127.0
686.0
674.0
138.0
390.0
682.0
492.0
366.0
515.0
11.0
549.0
646.0
618.0
-153.0
510.0
481.0
634.0
288.0
669.0
515.0
672.0
296.0
-102.0
662.0
656.0
390.0
127.0
-199.0
442.0
295.0
-139.0
171.0
67.0
232.0
305.0
-209.0
344.0
-427.0
16.0
-33.0
495.0
732.0
692.0
300.0
196.0
151.0
403.0
187.0
714.0
342.0
336.0
703.0
672.0
508.0
397.0
357.0
492.0
304.0
395.0
-157.0
627.0
169.0
628.0
-246.0
497.0
607.0
552.0
171.0
664.0
541.0
613.0
208.0
460.0
705.0
717.0
133.0
-379.0
41.0
502.0
556.0
466.0
430.0
51.0
267.0
522.0
-93.0
385.0
-1128.0
162.0
68.0
215.0
637.0
691.0
286.0
249.0
556.0
537.0
532.0
706.0
136.0
310.0
614.0
672.0
462.0
524.0
653.0
362.0
165.0
354.0
-41.0
579.0
616.0
131.0
-157.0
564.0
652.0
618.0
279.0
578.0
641.0
326.0
480.0
267.0
556.0
662.0
470.0
18.0
-153.0
318.0
290.0
198.0
272.0
-236.0
396.0
563.0
-201.0
456.0
-1402.0
176.0
277.0
539.0
732.0
701.0
477.0
230.0
-108.0
646.0
515.0
686.0
190.0
-504.0
595.0
534.0
-104.0
544.0
714.0
265.0
245.0
558.0
-108.0
588.0
560.0
555.0
-434.0
511.0
683.0
520.0
339.0
670.0
680.0
662.0
530.0
144.0
670.0
485.0
56.0
48.0
-243.0
649.0
459.0
169.0
-194.0
2.0
-181.0
474.0
-47.0
193.0
-129.0
315.0
-3.0
471.0
656.0
594.0
382.0
138.0
491.0
654.0
475.0
692.0
399.0
224.0
661.0
667.0
342.0
414.0
648.0
232.0
112.0
516.0
-38.0
589.0
668.0
467.0
-444.0
549.0
517.0
600.0
210.0
583.0
672.0
613.0
534.0
-84.0
727.0
707.0
319.0
39.0
-728.0
623.0
542.0
5.0
451.0
21.0
310.0
503.0
-228.0
331.0
-398.0
332.0
274.0
58.0
662.0
-258.0
176.0
182.0
570.0
344.0
583.0
727.0
30.0
-134.0
693.0
662.0
265.0
-144.0
321.0
87.0
-1.0
564.0
-278.0
585.0
545.0
587.0
14.0
499.0
681.0
-32.0
259.0
665.0
642.0
625.0
429.0
69.0
709.0
680.0
457.0
161.0
-279.0
623.0
512.0
390.0
497.0
-614.0
404.0
542.0
134.0
336.0
-497.0
242.0
317.0
317.0
681.0
652.0
182.0
379.0
543.0
548.0
645.0
723.0
-18.0
-168.0
593.0
682.0
-25.0
275.0
502.0
442.0
445.0
272.0
-174.0
413.0
486.0
619.0
-263.0
422.0
701.0
439.0
341.0
655.0
599.0
684.0
164.0
138.0
702.0
592.0
239.0
198.0
-399.0
600.0
504.0
300.0
297.0
246.0
501.0
496.0
-112.0
460.0
-205.0
60.0
-49.0
608.0
698.0
562.0
508.0
282.0
524.0
517.0
426.0
698.0
268.0
66.0
292.0
460.0
414.0
470.0
670.0
349.0
215.0
540.0
-76.0
161.0
665.0
555.0
-54.0
-381.0
714.0
459.0
-249.0
523.0
655.0
630.0
377.0
-327.0
669.0
573.0
287.0
-544.0
-569.0
631.0
286.0
421.0
339.0
345.0
328.0
502.0
-256.0
233.0
-903.0
346.0
142.0
562.0
446.0
403.0
190.0
5.0
459.0
569.0
658.0
686.0
-492.0
295.0
707.0
719.0
359.0
564.0
685.0
420.0
115.0
495.0
-838.0
646.0
615.0
535.0
-529.0
599.0
676.0
620.0
302.0
655.0
715.0
699.0
422.0
94.0
716.0
674.0
355.0
-38.0
-260.0
659.0
506.0
132.0
280.0
-387.0
43.0
579.0
-28.0
-195.0
-530.0
456.0
211.0
524.0
636.0
645.0
375.0
219.0
373.0
622.0
568.0
688.0
484.0
-178.0
686.0
698.0
482.0
499.0
681.0
297.0
137.0
470.0
-398.0
502.0
558.0
607.0
-956.0
573.0
657.0
516.0
223.0
500.0
477.0
535.0
178.0
-197.0
549.0
465.0
475.0
1.0
-62.0
637.0
372.0
422.0
475.0
146.0
331.0
519.0
37.0
145.0
-201.0
277.0
-38.0
489.0
671.0
708.0
576.0
325.0
545.0
514.0
667.0
701.0
292.0
103.0
722.0
660.0
449.0
-256.0
604.0
381.0
300.0
370.0
-58.0
125.0
587.0
634.0
-149.0
554.0
692.0
-104.0
201.0
643.0
-172.0
623.0
469.0
-306.0
704.0
696.0
222.0
103.0
-1.0
637.0
405.0
13.0
7.0
148.0
369.0
401.0
-305.0
347.0
-773.0
224.0
305.0
503.0
670.0
675.0
388.0
113.0
417.0
608.0
610.0
-140.0
334.0
48.0
421.0
694.0
416.0
559.0
567.0
495.0
106.0
481.0
-405.0
596.0
286.0
-47.0
-849.0
186.0
-929.0
34.0
256.0
208.0
681.0
716.0
-4.0
68.0
651.0
701.0
-517.0
-615.0
-125.0
659.0
-448.0
414.0
426.0
-188.0
198.0
-43.0
-471.0
176.0
-332.0
377.0
264.0
518.0
379.0
431.0
310.0
184.0
478.0
679.0
596.0
553.0
-173.0
275.0
672.0
634.0
552.0
451.0
677.0
508.0
-9.0
531.0
-650.0
469.0
656.0
609.0
-116.0
535.0
687.0
486.0
229.0
656.0
674.0
702.0
338.0
314.0
682.0
713.0
375.0
218.0
-32.0
669.0
590.0
-257.0
394.0
223.0
490.0
540.0
-127.0
381.0
-149.0
5.0
259.0
576.0
460.0
616.0
475.0
126.0
395.0
393.0
607.0
701.0
300.0
64.0
654.0
631.0
487.0
473.0
704.0
554.0
366.0
535.0
-133.0
615.0
639.0
526.0
-222.0
616.0
525.0
576.0
211.0
614.0
302.0
580.0
569.0
203.0
705.0
726.0
79.0
56.0
-137.0
608.0
456.0
552.0
523.0
448.0
382.0
417.0
-272.0
381.0
-733.0
216.0
420.0
618.0
721.0
623.0
337.0
336.0
469.0
478.0
625.0
692.0
332.0
348.0
707.0
716.0
420.0
498.0
678.0
295.0
108.0
246.0
-247.0
472.0
594.0
495.0
-152.0
590.0
492.0
492.0
402.0
615.0
724.0
624.0
402.0
142.0
681.0
677.0
350.0
-88.0
-142.0
638.0
460.0
277.0
492.0
295.0
326.0
524.0
68.0
228.0
-169.0
453.0
111.0
535.0
623.0
669.0
133.0
297.0
525.0
565.0
372.0
735.0
357.0
239.0
606.0
719.0
450.0
564.0
682.0
418.0
370.0
518.0
-299.0
662.0
702.0
559.0
-331.0
575.0
614.0
565.0
90.0
660.0
622.0
681.0
511.0
-588.0
-1654.0
641.0
-56.0
71.0
-610.0
600.0
510.0
372.0
497.0
13.0
317.0
570.0
-281.0
315.0
-193.0
56.0
329.0
559.0
698.0
442.0
389.0
277.0
451.0
608.0
577.0
700.0
123.0
321.0
637.0
721.0
522.0
-510.0
637.0
254.0
-304.0
297.0
-67.0
452.0
586.0
297.0
-56.0
462.0
657.0
624.0
-286.0
678.0
549.0
675.0
495.0
142.0
695.0
729.0
260.0
-491.0
158.0
618.0
512.0
-224.0
330.0
128.0
372.0
491.0
-238.0
285.0
-320.0
470.0
513.0
468.0
607.0
421.0
370.0
347.0
394.0
661.0
656.0
735.0
333.0
455.0
707.0
642.0
561.0
548.0
649.0
323.0
291.0
479.0
-233.0
570.0
584.0
587.0
-308.0
488.0
639.0
579.0
36.0
436.0
466.0
674.0
353.0
372.0
719.0
582.0
328.0
-215.0
-34.0
540.0
478.0
300.0
407.0
473.0
260.0
428.0
-93.0
399.0
-291.0
41.0
357.0
350.0
632.0
565.0
502.0
220.0
423.0
598.0
456.0
726.0
320.0
479.0
665.0
668.0
470.0
415.0
649.0
448.0
258.0
459.0
60.0
487.0
617.0
618.0
-270.0
576.0
678.0
516.0
372.0
681.0
677.0
701.0
243.0
228.0
731.0
623.0
327.0
28.0
-139.0
576.0
552.0
474.0
505.0
348.0
46.0
559.0
-569.0
322.0
-140.0
346.0
-122.0
518.0
695.0
668.0
528.0
367.0
529.0
469.0
673.0
708.0
296.0
-19.0
718.0
575.0
485.0
300.0
495.0
410.0
352.0
448.0
-13.0
559.0
597.0
636.0
16.0
625.0
679.0
414.0
18.0
656.0
718.0
670.0
437.0
169.0
695.0
683.0
419.0
-435.0
31.0
657.0
231.0
426.0
453.0
498.0
-139.0
525.0
-41.0
398.0
-529.0
81.0
72.0
530.0
667.0
328.0
542.0
376.0
617.0
475.0
593.0
733.0
250.0
311.0
682.0
611.0
475.0
496.0
662.0
210.0
307.0
475.0
47.0
628.0
179.0
585.0
-381.0
603.0
684.0
530.0
317.0
652.0
699.0
714.0
385.0
-313.0
737.0
289.0
171.0
-84.0
-59.0
345.0
521.0
379.0
433.0
311.0
417.0
80.0
-61.0
87.0
-98.0
329.0
352.0
422.0
503.0
571.0
271.0
404.0
270.0
630.0
604.0
697.0
286.0
436.0
697.0
619.0
459.0
545.0
710.0
71.0
594.0
493.0
123.0
463.0
364.0
647.0
13.0
609.0
667.0
614.0
312.0
679.0
653.0
697.0
346.0
344.0
696.0
675.0
413.0
38.0
-94.0
622.0
525.0
260.0
566.0
197.0
404.0
489.0
-23.0
463.0
-82.0
236.0
269.0
569.0
727.0
642.0
463.0
389.0
618.0
526.0
538.0
724.0
278.0
400.0
619.0
697.0
451.0
416.0
647.0
33.0
440.0
514.0
-67.0
424.0
547.0
538.0
57.0
430.0
393.0
448.0
401.0
528.0
587.0
642.0
347.0
359.0
740.0
717.0
438.0
38.0
-93.0
434.0
534.0
342.0
518.0
570.0
355.0
483.0
187.0
141.0
-421.0
209.0
92.0
544.0
718.0
695.0
347.0
318.0
550.0
462.0
659.0
713.0
138.0
411.0
-71.0
664.0
361.0
-49.0
704.0
485.0
292.0
480.0
120.0
-165.0
578.0
136.0
-345.0
390.0
680.0
622.0
177.0
543.0
660.0
669.0
266.0
118.0
621.0
432.0
309.0
198.0
-138.0
642.0
431.0
433.0
428.0
150.0
267.0
505.0
-196.0
414.0
279.0
194.0
241.0
99.0
697.0
447.0
356.0
316.0
489.0
207.0
652.0
718.0
277.0
388.0
575.0
526.0
567.0
575.0
630.0
326.0
566.0
455.0
-157.0
538.0
651.0
557.0
-219.0
521.0
572.0
309.0
180.0
308.0
727.0
551.0
399.0
190.0
703.0
666.0
474.0
-5.0
-176.0
428.0
361.0
-42.0
349.0
11.0
379.0
187.0
-150.0
186.0
-1167.0
-990.0
258.0
413.0
717.0
723.0
338.0
334.0
519.0
590.0
565.0
726.0
439.0
-3.0
681.0
653.0
542.0
396.0
689.0
377.0
229.0
521.0
117.0
556.0
639.0
622.0
-108.0
532.0
617.0
552.0
546.0
705.0
697.0
698.0
419.0
253.0
720.0
647.0
417.0
-9.0
-516.0
651.0
618.0
513.0
482.0
350.0
227.0
454.0
-605.0
399.0
-279.0
596.0
427.0
451.0
703.0
696.0
469.0
278.0
625.0
638.0
655.0
689.0
360.0
479.0
686.0
684.0
519.0
465.0
511.0
405.0
314.0
454.0
-470.0
4.0
635.0
309.0
-86.0
595.0
665.0
539.0
250.0
671.0
702.0
648.0
494.0
244.0
721.0
714.0
255.0
-74.0
132.0
660.0
422.0
447.0
543.0
268.0
397.0
581.0
-40.0
-460.0
-628.0
446.0
-1118.0
554.0
694.0
644.0
266.0
198.0
318.0
595.0
318.0
732.0
-221.0
89.0
291.0
671.0
584.0
470.0
724.0
569.0
-126.0
279.0
-71.0
327.0
685.0
577.0
-370.0
402.0
648.0
646.0
375.0
658.0
556.0
693.0
442.0
190.0
718.0
601.0
465.0
51.0
-51.0
624.0
578.0
475.0
473.0
348.0
318.0
444.0
-240.0
503.0
74.0
316.0
231.0
102.0
723.0
633.0
561.0
336.0
623.0
659.0
614.0
725.0
282.0
247.0
733.0
663.0
527.0
588.0
699.0
517.0
297.0
409.0
181.0
595.0
714.0
614.0
-215.0
621.0
678.0
514.0
190.0
639.0
724.0
733.0
312.0
119.0
701.0
666.0
356.0
-115.0
-131.0
591.0
451.0
301.0
376.0
98.0
-335.0
530.0
-66.0
428.0
-96.0
522.0
471.0
570.0
719.0
685.0
484.0
-81.0
549.0
484.0
642.0
690.0
340.0
360.0
733.0
617.0
264.0
462.0
642.0
514.0
378.0
540.0
-98.0
615.0
611.0
608.0
-243.0
504.0
635.0
558.0
215.0
606.0
689.0
588.0
441.0
80.0
553.0
641.0
273.0
150.0
21.0
580.0
386.0
394.0
488.0
96.0
376.0
485.0
193.0
435.0
-139.0
369.0
88.0
387.0
682.0
704.0
446.0
387.0
541.0
459.0
687.0
707.0
350.0
-2160.0
402.0
675.0
-154.0
-570.0
708.0
60.0
279.0
518.0
44.0
585.0
618.0
188.0
-83.0
512.0
694.0
600.0
46.0
576.0
536.0
561.0
182.0
238.0
743.0
-740.0
329.0
-212.0
-552.0
650.0
529.0
259.0
-330.0
-289.0
-537.0
426.0
-182.0
362.0
-73.0
481.0
293.0
570.0
726.0
653.0
478.0
372.0
514.0
535.0
576.0
704.0
335.0
390.0
684.0
735.0
463.0
465.0
653.0
450.0
371.0
416.0
13.0
537.0
598.0
583.0
-82.0
549.0
656.0
627.0
343.0
421.0
677.0
652.0
290.0
211.0
743.0
588.0
451.0
48.0
29.0
583.0
556.0
404.0
238.0
328.0
506.0
553.0
-60.0
414.0
43.0
150.0
271.0
536.0
700.0
659.0
473.0
-224.0
619.0
588.0
571.0
735.0
531.0
327.0
657.0
675.0
495.0
508.0
612.0
229.0
488.0
402.0
-10.0
560.0
528.0
624.0
7.0
580.0
720.0
617.0
271.0
662.0
532.0
674.0
143.0
-230.0
696.0
715.0
215.0
-250.0
-193.0
307.0
571.0
335.0
567.0
543.0
304.0
470.0
37.0
277.0
-301.0
208.0
438.0
390.0
700.0
597.0
434.0
-362.0
404.0
346.0
644.0
732.0
388.0
398.0
691.0
697.0
358.0
503.0
710.0
451.0
381.0
480.0
161.0
514.0
685.0
663.0
-75.0
634.0
672.0
643.0
302.0
695.0
678.0
632.0
286.0
192.0
705.0
658.0
453.0
-78.0
121.0
640.0
414.0
440.0
548.0
408.0
399.0
543.0
215.0
244.0
73.0
399.0
451.0
366.0
675.0
698.0
484.0
342.0
583.0
603.0
646.0
738.0
287.0
500.0
700.0
700.0
567.0
550.0
527.0
508.0
-1690.0
252.0
-87.0
517.0
644.0
581.0
-153.0
578.0
610.0
602.0
282.0
653.0
729.0
614.0
359.0
456.0
642.0
723.0
441.0
-100.0
-325.0
311.0
364.0
274.0
255.0
-6.0
259.0
426.0
-854.0
481.0
-386.0
473.0
421.0
212.0
737.0
199.0
562.0
-66.0
563.0
652.0
394.0
734.0
302.0
455.0
690.0
362.0
-532.0
519.0
521.0
524.0
-4.0
367.0
-53.0
526.0
591.0
388.0
21.0
503.0
386.0
658.0
329.0
639.0
629.0
731.0
239.0
438.0
707.0
711.0
548.0
63.0
-376.0
622.0
640.0
337.0
464.0
430.0
278.0
561.0
178.0
304.0
-32.0
521.0
479.0
500.0
351.0
618.0
262.0
300.0
470.0
652.0
649.0
691.0
218.0
56.0
650.0
721.0
406.0
489.0
377.0
612.0
-393.0
432.0
-1049.0
528.0
724.0
489.0
-723.0
550.0
686.0
613.0
282.0
711.0
638.0
695.0
317.0
210.0
448.0
693.0
440.0
-87.0
150.0
642.0
632.0
230.0
531.0
528.0
391.0
327.0
43.0
185.0
-188.0
526.0
315.0
508.0
710.0
684.0
427.0
312.0
454.0
607.0
607.0
727.0
318.0
475.0
735.0
709.0
386.0
489.0
231.0
273.0
378.0
439.0
-644.0
-339.0
657.0
566.0
-63.0
562.0
579.0
648.0
264.0
685.0
613.0
543.0
327.0
354.0
663.0
674.0
381.0
-340.0
-70.0
459.0
478.0
355.0
415.0
432.0
259.0
370.0
121.0
-78.0
-137.0
483.0
491.0
365.0
658.0
692.0
527.0
-2.0
567.0
547.0
627.0
707.0
272.0
488.0
449.0
688.0
462.0
186.0
543.0
441.0
372.0
313.0
174.0
580.0
385.0
473.0
-51.0
402.0
649.0
624.0
346.0
693.0
712.0
622.0
285.0
188.0
688.0
717.0
304.0
164.0
63.0
643.0
407.0
304.0
442.0
370.0
369.0
497.0
82.0
460.0
81.0
387.0
272.0
511.0
723.0
672.0
371.0
342.0
629.0
586.0
587.0
741.0
365.0
368.0
662.0
479.0
560.0
441.0
665.0
505.0
402.0
547.0
231.0
403.0
439.0
126.0
-650.0
175.0
603.0
538.0
341.0
594.0
721.0
701.0
324.0
255.0
693.0
469.0
428.0
162.0
116.0
622.0
255.0
428.0
391.0
278.0
442.0
450.0
-149.0
423.0
-120.0
413.0
430.0
640.0
663.0
652.0
440.0
258.0
574.0
506.0
694.0
734.0
202.0
278.0
540.0
709.0
445.0
565.0
-145.0
-452.0
198.0
112.0
-252.0
240.0
384.0
265.0
-85.0
531.0
511.0
429.0
148.0
562.0
517.0
630.0
440.0
184.0
732.0
559.0
366.0
87.0
-23.0
596.0
395.0
180.0
449.0
325.0
332.0
432.0
-197.0
428.0
4.0
566.0
402.0
587.0
728.0
654.0
416.0
133.0
417.0
717.0
551.0
694.0
134.0
499.0
698.0
647.0
493.0
488.0
671.0
478.0
531.0
338.0
-39.0
358.0
374.0
458.0
-181.0
-114.0
648.0
613.0
347.0
545.0
709.0
621.0
344.0
-40.0
594.0
708.0
330.0
-85.0
-11.0
494.0
386.0
426.0
526.0
288.0
177.0
572.0
-354.0
595.0
85.0
470.0
372.0
508.0
562.0
664.0
466.0
318.0
537.0
357.0
606.0
628.0
-21.0
497.0
658.0
716.0
336.0
436.0
647.0
356.0
516.0
503.0
-142.0
349.0
614.0
610.0
-539.0
432.0
603.0
540.0
86.0
649.0
665.0
595.0
418.0
404.0
630.0
705.0
422.0
80.0
-383.0
622.0
432.0
472.0
292.0
152.0
332.0
588.0
-27.0
357.0
-45.0
513.0
430.0
569.0
661.0
604.0
338.0
420.0
625.0
632.0
594.0
658.0
336.0
610.0
677.0
641.0
504.0
344.0
691.0
506.0
533.0
664.0
232.0
597.0
630.0
618.0
-559.0
587.0
558.0
619.0
345.0
640.0
700.0
668.0
421.0
333.0
569.0
700.0
388.0
-78.0
-97.0
678.0
484.0
387.0
406.0
459.0
250.0
441.0
-67.0
330.0
-138.0
636.0
323.0
373.0
697.0
596.0
-109.0
315.0
490.0
540.0
452.0
707.0
289.0
504.0
712.0
720.0
538.0
509.0
642.0
498.0
257.0
389.0
-112.0
445.0
533.0
561.0
-306.0
481.0
695.0
607.0
292.0
702.0
556.0
697.0
412.0
268.0
746.0
639.0
338.0
-152.0
9.0
487.0
580.0
343.0
504.0
21.0
236.0
536.0
61.0
212.0
76.0
338.0
525.0
410.0
678.0
547.0
490.0
323.0
621.0
-4.0
604.0
705.0
-204.0
371.0
642.0
727.0
540.0
397.0
689.0
80.0
390.0
251.0
134.0
465.0
560.0
572.0
-180.0
528.0
691.0
611.0
511.0
666.0
695.0
661.0
276.0
325.0
708.0
689.0
397.0
175.0
0.0
533.0
486.0
416.0
557.0
391.0
294.0
549.0
-407.0
512.0
-16.0
549.0
325.0
597.0
719.0
681.0
379.0
408.0
520.0
393.0
689.0
745.0
242.0
382.0
720.0
544.0
562.0
301.0
613.0
531.0
394.0
247.0
143.0
543.0
511.0
488.0
-42.0
565.0
479.0
646.0
271.0
688.0
712.0
656.0
490.0
360.0
708.0
653.0
493.0
139.0
24.0
625.0
471.0
439.0
238.0
373.0
467.0
431.0
209.0
486.0
-100.0
485.0
314.0
555.0
701.0
615.0
369.0
384.0
453.0
422.0
307.0
597.0
193.0
402.0
680.0
432.0
603.0
484.0
437.0
525.0
353.0
625.0
244.0
462.0
557.0
414.0
-22.0
16.0
678.0
400.0
0.0
696.0
531.0
692.0
480.0
-309.0
659.0
678.0
368.0
25.0
-277.0
650.0
378.0
468.0
35.0
168.0
274.0
544.0
-94.0
256.0
99.0
465.0
388.0
517.0
695.0
585.0
460.0
372.0
519.0
573.0
471.0
744.0
275.0
419.0
583.0
718.0
444.0
176.0
450.0
575.0
262.0
413.0
225.0
666.0
557.0
599.0
33.0
620.0
653.0
640.0
353.0
674.0
650.0
646.0
325.0
182.0
741.0
674.0
422.0
166.0
101.0
665.0
544.0
368.0
449.0
32.0
341.0
559.0
26.0
407.0
-177.0
530.0
519.0
323.0
711.0
587.0
346.0
413.0
474.0
491.0
614.0
699.0
317.0
524.0
677.0
657.0
445.0
542.0
690.0
421.0
337.0
529.0
-343.0
620.0
563.0
587.0
-110.0
557.0
538.0
578.0
135.0
663.0
661.0
541.0
516.0
469.0
729.0
719.0
318.0
119.0
158.0
628.0
429.0
505.0
569.0
453.0
512.0
603.0
214.0
489.0
-33.0
557.0
318.0
534.0
689.0
659.0
465.0
417.0
461.0
533.0
588.0
743.0
-43.0
345.0
676.0
710.0
429.0
541.0
628.0
435.0
544.0
396.0
253.0
628.0
686.0
613.0
-125.0
613.0
662.0
617.0
301.0
632.0
682.0
661.0
470.0
375.0
670.0
439.0
402.0
162.0
-152.0
688.0
517.0
435.0
547.0
-1078.0
160.0
471.0
137.0
369.0
202.0
653.0
343.0
518.0
442.0
85.0
365.0
369.0
609.0
490.0
646.0
707.0
353.0
543.0
672.0
735.0
543.0
376.0
683.0
526.0
434.0
381.0
122.0
537.0
631.0
481.0
-4.0
596.0
686.0
512.0
396.0
694.0
602.0
652.0
263.0
90.0
728.0
-1868.0
415.0
133.0
30.0
534.0
547.0
495.0
555.0
408.0
376.0
541.0
-46.0
466.0
80.0
433.0
236.0
307.0
608.0
627.0
541.0
40.0
572.0
574.0
509.0
745.0
416.0
460.0
675.0
641.0
547.0
449.0
669.0
448.0
164.0
344.0
67.0
360.0
544.0
643.0
-126.0
608.0
529.0
51.0
452.0
679.0
705.0
600.0
331.0
347.0
703.0
643.0
445.0
126.0
-214.0
627.0
564.0
430.0
443.0
352.0
261.0
566.0
150.0
568.0
-146.0
644.0
448.0
398.0
735.0
561.0
509.0
-290.0
526.0
372.0
682.0
746.0
233.0
381.0
704.0
657.0
540.0
477.0
670.0
560.0
195.0
481.0
-201.0
463.0
662.0
486.0
-210.0
576.0
661.0
623.0
336.0
632.0
660.0
661.0
471.0
128.0
545.0
620.0
357.0
191.0
-254.0
423.0
553.0
229.0
510.0
173.0
209.0
528.0
-193.0
465.0
-145.0
562.0
312.0
534.0
658.0
535.0
486.0
483.0
650.0
471.0
556.0
738.0
304.0
467.0
691.0
696.0
228.0
518.0
669.0
491.0
