-24168.0
-24400.0
-26997.0
-27123.0
-19599.0
-17421.0
-17238.0
-11660.0
-24265.0
-19592.0
-19180.0
-20727.0
-19263.0
-22103.0
-25751.0
-27086.0
-14809.0
-14876.0
-19144.0
-19996.0
-24038.0
-19319.0
-17781.0
-20730.0
-15922.0
-25402.0
-19112.0
-19504.0
-18741.0
-24003.0
-18480.0
-21038.0
-21255.0
-11849.0
-16786.0
-14641.0
-26175.0
-16269.0
-17229.0
-18977.0
-18783.0
-8189.0
-16778.0
-25643.0
-19912.0
-15229.0
-23073.0
-15551.0
-26320.0
-22657.0
-18993.0
-20314.0
-15338.0
-20084.0
-6980.0
-14635.0
-14815.0
-14963.0
-12276.0
-22474.0
-18736.0
-12323.0
-11884.0
-7379.0
-18771.0
-16116.0
-12981.0
-9420.0
-12607.0
-27980.0
-23930.0
-11948.0
-11589.0
-18074.0
-14963.0
-15321.0
-12938.0
-13440.0
-17333.0
-12980.0
-15803.0
-16106.0
-20176.0
-13455.0
-11267.0
-18119.0
-20447.0
-19167.0
-9880.0
-12754.0
-12799.0
-8552.0
-14123.0
-25052.0
-12467.0
-15010.0
-13739.0
-22811.0
-16184.0
-19697.0
-25674.0
-24588.0
-27243.0
-15982.0
-16476.0
-13594.0
-13857.0
-19619.0
-18078.0
-17042.0
-13732.0
-17733.0
-10435.0
-16671.0
-18546.0
-18030.0
-10878.0
-7938.0
-25506.0
-22766.0
-21192.0
-17042.0
-17588.0
-13507.0
-10935.0
-18779.0
-14153.0
-17733.0
-22477.0
-13571.0
-17194.0
-20887.0
-26429.0
-15629.0
-9870.0
-11608.0
-17297.0
-8158.0
-12492.0
-21622.0
-10071.0
-11224.0
-24875.0
-19611.0
-15851.0
-10293.0
-22113.0
-23712.0
-11494.0
-16817.0
-23838.0
-15104.0
-24451.0
-12026.0
-11349.0
-11537.0
-14669.0
-12347.0
-11057.0
-13847.0
-17818.0
-17891.0
-11583.0
-12101.0
-9284.0
-17875.0
-10990.0
-11565.0
-13064.0
-13996.0
-19021.0
-11106.0
-8250.0
-6808.0
-7925.0
-18796.0
-14954.0
-14611.0
-18939.0
-12690.0
-15976.0
-12743.0
-15220.0
-6837.0
-7507.0
-6827.0
-22971.0
-9156.0
-15624.0
-9715.0
-11137.0
-10364.0
-8031.0
-20326.0
-9790.0
-14648.0
-23198.0
-8290.0
-7720.0
-9388.0
-12838.0
-16062.0
-21015.0
-15835.0
-7308.0
-19576.0
-16617.0
-12514.0
-6923.0
-13541.0
-16531.0
-7497.0
-8727.0
-10135.0
-15168.0
-23252.0
-8030.0
-7145.0
-16521.0
-19321.0
-10747.0
-6644.0
-8439.0
-10135.0
-7289.0
-9502.0
-8474.0
-9915.0
-12080.0
-9808.0
-13312.0
-8492.0
-7553.0
-7423.0
-6961.0
-7716.0
-11563.0
-9680.0
-7607.0
-8659.0
-7378.0
-9099.0
-9284.0
-7854.0
-4579.0
-6527.0
-7741.0
-12338.0
-2805.0
-7488.0
-8590.0
-9366.0
-17343.0
-5729.0
-3783.0
-3775.0
-14395.0
-5594.0
-6318.0
-7924.0
-14691.0
-4126.0
-7058.0
-4629.0
-6903.0
-12916.0
-12094.0
-7415.0
-19984.0
-12883.0
-9261.0
-8700.0
-10897.0
-6539.0
-5827.0
-7599.0
-6148.0
-5497.0
-9455.0
-11504.0
-16896.0
-8325.0
-7896.0
-3798.0
-4992.0
-5466.0
-4920.0
-11826.0
-8357.0
-6793.0
-4619.0
-4212.0
-7287.0
-8021.0
-4045.0
-2147.0
-9447.0
-6284.0
-7457.0
-8040.0
-10650.0
-9857.0
-15444.0
-6741.0
-5255.0
-6894.0
-10236.0
-11289.0
-5495.0
-4989.0
-9876.0
-2249.0
-4018.0
-5746.0
-4223.0
-11579.0
-4255.0
-2588.0
-12123.0
-13339.0
-6977.0
-10553.0
-5217.0
-4016.0
-3473.0
-3236.0
-8229.0
-5220.0
-8109.0
-13970.0
-12912.0
-6591.0
-10144.0
-4416.0
-6530.0
-8574.0
-9761.0
-5181.0
-5893.0
-5550.0
-4319.0
-6603.0
-3526.0
-8132.0
-3783.0
-6236.0
-6597.0
-5337.0
-5946.0
-6348.0
-7603.0
-4344.0
-13556.0
-5381.0
-2040.0
-2350.0
-5775.0
-4077.0
-1869.0
-10142.0
-4747.0
-1760.0
-6030.0
-5109.0
-6314.0
-7313.0
-2782.0
-7918.0
-3821.0
-5474.0
-7320.0
-2572.0
-2859.0
-4336.0
-2402.0
-3054.0
-3427.0
-5883.0
-6118.0
-6173.0
-5903.0
-8864.0
-4334.0
-3070.0
-5716.0
-1438.0
-5234.0
-7107.0
-4761.0
-2663.0
-1960.0
-1612.0
-5418.0
-5090.0
-4714.0
-3906.0
-4271.0
-8111.0
-2668.0
-6054.0
-8506.0
-2829.0
-10304.0
-10420.0
-3627.0
-3208.0
-3220.0
-1328.0
-5837.0
-2529.0
-3685.0
-3102.0
-1270.0
-3312.0
-7059.0
-12193.0
-4024.0
-1390.0
-2378.0
-9314.0
-6887.0
-3724.0
-3447.0
-4268.0
-2114.0
-5100.0
-7151.0
-3209.0
-5578.0
-1180.0
-8219.0
-3115.0
-5608.0
-2974.0
-1991.0
-5296.0
-3204.0
-3247.0
-3949.0
-500.0
-1058.0
-3959.0
-2236.0
-2850.0
-615.0
-3175.0
-4228.0
-2059.0
-1477.0
-1984.0
-1474.0
-3412.0
-6421.0
-3677.0
-1739.0
-1682.0
-4606.0
-2136.0
-2312.0
-92.0
-2404.0
-2691.0
-884.0
-995.0
-1909.0
-7376.0
286.0
-2241.0
-5590.0
-5359.0
-3583.0
-1582.0
-707.0
-2135.0
-4163.0
-2391.0
-2120.0
-3529.0
-6080.0
-5075.0
-3443.0
-1953.0
-3256.0
-446.0
-733.0
-843.0
-3075.0
-4044.0
-2162.0
-1521.0
-574.0
-420.0
-4169.0
-2953.0
-778.0
-1689.0
-1133.0
-1317.0
-1418.0
-3087.0
-4845.0
-1558.0
-4668.0
-4095.0
-1148.0
-566.0
-3889.0
-1257.0
-1902.0
-644.0
-3567.0
-569.0
-137.0
-2027.0
-2189.0
-3400.0
33.0
-2223.0
-3774.0
-3011.0
-2781.0
-1032.0
-2149.0
-1998.0
-1972.0
-1842.0
-989.0
-1000.0
-6388.0
-752.0
-3754.0
-1273.0
-4845.0
-2169.0
-1991.0
-2572.0
-5442.0
-1706.0
-2571.0
-1505.0
-3085.0
-887.0
-2750.0
-2614.0
-1258.0
-1435.0
-2471.0
-6290.0
-1204.0
-2301.0
-2893.0
-3794.0
-3087.0
-909.0
-1925.0
-1051.0
-3653.0
-367.0
-2261.0
-4588.0
-2899.0
-1411.0
-495.0
-2209.0
-1700.0
-2526.0
-601.0
-2535.0
-1267.0
-2844.0
-2470.0
-1953.0
-1355.0
-3525.0
-1354.0
-3542.0
-4453.0
-2004.0
-4659.0
-1870.0
-3308.0
-3058.0
-3340.0
-1467.0
-1787.0
-2667.0
-2508.0
-3316.0
-1113.0
-2583.0
-1929.0
-3176.0
-3229.0
-4063.0
-2113.0
-1003.0
-1256.0
-2971.0
-198.0
-783.0
-4875.0
-3788.0
-1733.0
-1134.0
-2123.0
-1134.0
-4727.0
-3471.0
-681.0
-478.0
-2785.0
-526.0
-374.0
-1824.0
-1836.0
-2922.0
221.0
-84.0
-2516.0
-1989.0
-673.0
-22.0
-634.0
-1075.0
380.0
-1531.0
-895.0
-452.0
-2252.0
-587.0
-3090.0
-368.0
-2088.0
-1527.0
-386.0
-165.0
-291.0
-1221.0
-374.0
-1122.0
-1750.0
-634.0
-811.0
-2060.0
263.0
-572.0
-1851.0
-365.0
223.0
-1069.0
-716.0
-2243.0
-6321.0
-188.0
-803.0
-1364.0
-3925.0
-3086.0
-1670.0
-1841.0
-1790.0
-1703.0
-1648.0
-37.0
-1349.0
-4711.0
-24.0
161.0
-337.0
-2346.0
-502.0
229.0
-1739.0
-1532.0
-1914.0
-2075.0
-385.0
-126.0
-2500.0
-726.0
-1688.0
-3549.0
-3647.0
-919.0
-313.0
291.0
-1735.0
-990.0
98.0
169.0
526.0
-117.0
-987.0
-2331.0
228.0
190.0
-384.0
-873.0
-453.0
-631.0
-439.0
-77.0
-2515.0
423.0
-562.0
234.0
-530.0
327.0
-328.0
418.0
-1684.0
366.0
486.0
-36.0
-117.0
-1426.0
-300.0
252.0
-700.0
-781.0
-1634.0
-558.0
-1342.0
-307.0
-929.0
-1332.0
-525.0
-870.0
-2989.0
-2031.0
-2976.0
-3080.0
-3098.0
-245.0
-1031.0
-1630.0
-933.0
-285.0
66.0
-1573.0
383.0
-344.0
-81.0
-1239.0
600.0
-97.0
-2540.0
373.0
-327.0
-644.0
-370.0
-578.0
-1575.0
-976.0
-96.0
-1345.0
-1213.0
-1936.0
-187.0
-243.0
-339.0
110.0
-740.0
-640.0
-1082.0
-2616.0
-1013.0
-145.0
-1644.0
-2257.0
-768.0
-953.0
-752.0
-1160.0
-783.0
-1669.0
-891.0
569.0
-1269.0
-834.0
-1564.0
-2620.0
-1420.0
-447.0
-217.0
-1027.0
-2517.0
-393.0
-1873.0
-2650.0
-809.0
-649.0
-1208.0
-1229.0
398.0
227.0
-646.0
-883.0
-670.0
-304.0
-960.0
-2545.0
-2350.0
-260.0
125.0
31.0
-2384.0
-347.0
251.0
-456.0
51.0
-82.0
-11.0
226.0
-623.0
-2471.0
218.0
604.0
-745.0
-783.0
-1360.0
-1017.0
-671.0
105.0
281.0
-1277.0
-157.0
-1687.0
-2180.0
-4023.0
-2525.0
-2648.0
-4721.0
-40.0
545.0
-35.0
-3440.0
-564.0
505.0
-949.0
258.0
30.0
-2147.0
-774.0
694.0
-281.0
-82.0
-1363.0
-257.0
-337.0
-175.0
-1312.0
-1318.0
-1015.0
-570.0
-201.0
-1418.0
-63.0
170.0
-306.0
-500.0
-864.0
689.0
679.0
-1247.0
-1640.0
282.0
189.0
-1448.0
-3338.0
-904.0
-1140.0
-55.0
-136.0
-1016.0
-510.0
-2418.0
22.0
-1111.0
-2501.0
-4430.0
-1747.0
-4706.0
-19.0
-1726.0
-1102.0
-645.0
-3251.0
242.0
-289.0
404.0
-189.0
-4683.0
-3127.0
553.0
-1189.0
-1128.0
156.0
271.0
-1149.0
-3915.0
-2189.0
-3754.0
-2719.0
-852.0
-1808.0
-1113.0
-10.0
-678.0
-951.0
-1071.0
277.0
-617.0
-578.0
-1744.0
-1717.0
-36.0
-151.0
-2532.0
-4029.0
-1668.0
-458.0
-1903.0
-1056.0
-501.0
-1538.0
-2265.0
-475.0
-5539.0
-2035.0
-2116.0
-2741.0
-7016.0
-1949.0
-3359.0
-1067.0
-1216.0
-3677.0
-5445.0
-554.0
-843.0
720.0
-5611.0
-2841.0
-1301.0
-1668.0
-2982.0
-5765.0
-1146.0
-1379.0
-1358.0
-1755.0
-4009.0
-1454.0
-1359.0
33.0
-974.0
-348.0
-1325.0
156.0
-231.0
-383.0
-1619.0
-68.0
-468.0
-2316.0
-216.0
460.0
-266.0
66.0
-709.0
31.0
-206.0
-124.0
217.0
-493.0
-1056.0
273.0
-1004.0
-96.0
-960.0
-597.0
-580.0
-879.0
439.0
-421.0
-365.0
-268.0
255.0
155.0
90.0
41.0
-1131.0
-432.0
-222.0
-1063.0
-3174.0
-1566.0
-310.0
-2351.0
-2764.0
-1183.0
-1891.0
-379.0
-8.0
-106.0
-1659.0
-1895.0
-522.0
-123.0
53.0
-561.0
500.0
513.0
-15.0
-869.0
-290.0
258.0
249.0
-471.0
-905.0
600.0
352.0
-45.0
352.0
172.0
-13.0
140.0
-281.0
-7.0
-1337.0
-898.0
-644.0
355.0
511.0
639.0
70.0
-171.0
183.0
163.0
-52.0
-842.0
26.0
-1196.0
-362.0
-2682.0
-1399.0
-467.0
183.0
-311.0
-467.0
-1315.0
-533.0
268.0
450.0
-1153.0
-1434.0
-564.0
-164.0
-514.0
-6.0
471.0
703.0
-526.0
-1151.0
-926.0
596.0
-469.0
-1695.0
-265.0
-1098.0
482.0
564.0
-101.0
344.0
-349.0
-825.0
150.0
-1541.0
386.0
-492.0
-993.0
-396.0
-91.0
577.0
-672.0
308.0
-269.0
554.0
4.0
422.0
342.0
-77.0
-828.0
626.0
366.0
251.0
-30.0
589.0
138.0
-1025.0
320.0
-2149.0
-652.0
311.0
370.0
-676.0
-1132.0
480.0
422.0
27.0
696.0
219.0
710.0
-443.0
-636.0
-1323.0
-1487.0
-944.0
-2494.0
-1079.0
-184.0
-1348.0
-754.0
-1943.0
-1601.0
-1198.0
-993.0
-1645.0
97.0
-1860.0
-1309.0
-297.0
-1229.0
128.0
-539.0
78.0
-498.0
425.0
428.0
492.0
195.0
85.0
-564.0
632.0
-23.0
19.0
-427.0
-399.0
-1400.0
-74.0
-355.0
-618.0
455.0
-600.0
-504.0
-108.0
496.0
535.0
76.0
-558.0
2.0
217.0
353.0
-708.0
-1776.0
575.0
-453.0
-994.0
-593.0
-1154.0
-1185.0
-1779.0
-1709.0
-392.0
-665.0
-30.0
155.0
-1111.0
146.0
-694.0
-2086.0
-635.0
172.0
105.0
363.0
126.0
-366.0
333.0
204.0
566.0
567.0
-34.0
-403.0
328.0
662.0
-176.0
241.0
10.0
301.0
148.0
20.0
-460.0
288.0
440.0
368.0
-322.0
428.0
653.0
109.0
-502.0
409.0
13.0
-230.0
-1034.0
-1054.0
684.0
-140.0
-80.0
-155.0
-864.0
-14.0
-826.0
-553.0
-268.0
48.0
-294.0
30.0
-997.0
-563.0
-749.0
-439.0
-216.0
412.0
-266.0
653.0
-76.0
32.0
561.0
517.0
509.0
653.0
-47.0
-26.0
597.0
713.0
-74.0
138.0
566.0
239.0
-34.0
-51.0
-421.0
190.0
551.0
508.0
-263.0
153.0
127.0
-12.0
416.0
356.0
575.0
480.0
-300.0
-631.0
-65.0
714.0
212.0
166.0
-209.0
577.0
-689.0
257.0
27.0
109.0
-619.0
97.0
-1118.0
119.0
-698.0
-1694.0
-20.0
358.0
651.0
718.0
-135.0
111.0
607.0
525.0
610.0
630.0
105.0
197.0
578.0
680.0
126.0
347.0
604.0
63.0
29.0
348.0
-954.0
369.0
651.0
514.0
-328.0
91.0
662.0
-123.0
-39.0
633.0
703.0
131.0
-313.0
-356.0
554.0
678.0
-505.0
-72.0
-1330.0
-139.0
156.0
-176.0
-8.0
-360.0
-549.0
-635.0
-937.0
119.0
-1113.0
-1117.0
-1244.0
-586.0
730.0
321.0
288.0
38.0
504.0
14.0
148.0
619.0
-93.0
283.0
547.0
289.0
25.0
-7.0
558.0
-327.0
-270.0
291.0
-82.0
-80.0
683.0
294.0
-905.0
506.0
700.0
287.0
45.0
411.0
605.0
632.0
-173.0
30.0
690.0
642.0
191.0
-723.0
-70.0
27.0
356.0
-47.0
365.0
39.0
82.0
130.0
-95.0
300.0
-517.0
212.0
375.0
468.0
476.0
620.0
-202.0
189.0
382.0
565.0
551.0
531.0
-56.0
221.0
721.0
623.0
263.0
458.0
671.0
434.0
331.0
313.0
-463.0
606.0
483.0
441.0
-201.0
511.0
706.0
576.0
213.0
699.0
522.0
539.0
142.0
-117.0
724.0
721.0
168.0
-195.0
-90.0
621.0
377.0
-1.0
298.0
196.0
172.0
537.0
-210.0
-22.0
-494.0
338.0
409.0
522.0
638.0
319.0
199.0
73.0
410.0
424.0
557.0
696.0
-6.0
392.0
638.0
711.0
293.0
416.0
661.0
204.0
87.0
251.0
-88.0
539.0
630.0
299.0
-500.0
-332.0
676.0
497.0
11.0
621.0
565.0
481.0
-100.0
-122.0
678.0
638.0
-478.0
9.0
-96.0
337.0
371.0
55.0
406.0
-487.0
-461.0
347.0
-1001.0
-254.0
-355.0
165.0
285.0
81.0
687.0
663.0
196.0
362.0
594.0
638.0
500.0
746.0
333.0
18.0
732.0
559.0
-57.0
383.0
666.0
-53.0
-278.0
347.0
-199.0
522.0
654.0
181.0
-192.0
-436.0
334.0
556.0
-332.0
702.0
712.0
548.0
243.0
79.0
615.0
374.0
158.0
-176.0
-434.0
239.0
578.0
-60.0
-19.0
-32.0
73.0
499.0
-146.0
198.0
-571.0
-146.0
-32.0
446.0
659.0
668.0
208.0
285.0
540.0
637.0
662.0
680.0
246.0
132.0
706.0
672.0
344.0
311.0
691.0
363.0
237.0
432.0
-232.0
632.0
637.0
410.0
-449.0
259.0
642.0
507.0
243.0
566.0
679.0
577.0
339.0
-260.0
643.0
698.0
-80.0
12.0
-395.0
572.0
397.0
205.0
408.0
382.0
104.0
585.0
-1276.0
133.0
-884.0
159.0
103.0
522.0
696.0
225.0
131.0
380.0
400.0
570.0
647.0
619.0
147.0
247.0
709.0
656.0
236.0
389.0
604.0
359.0
-402.0
427.0
-556.0
412.0
675.0
480.0
-394.0
402.0
688.0
513.0
-319.0
452.0
744.0
670.0
-101.0
-303.0
705.0
682.0
109.0
106.0
-62.0
335.0
524.0
-431.0
391.0
67.0
216.0
490.0
-558.0
239.0
-402.0
-318.0
-350.0
284.0
450.0
497.0
-85.0
383.0
514.0
655.0
624.0
687.0
85.0
345.0
560.0
655.0
-482.0
351.0
202.0
-121.0
-375.0
361.0
-820.0
309.0
588.0
425.0
-286.0
124.0
519.0
433.0
270.0
520.0
721.0
607.0
-642.0
-253.0
508.0
710.0
-135.0
-1.0
-90.0
475.0
594.0
154.0
364.0
-701.0
47.0
398.0
-7.0
457.0
-845.0
-115.0
388.0
546.0
520.0
681.0
174.0
173.0
580.0
625.0
526.0
745.0
352.0
377.0
667.0
573.0
59.0
165.0
601.0
395.0
-37.0
368.0
-394.0
596.0
529.0
626.0
-348.0
473.0
610.0
532.0
54.0
540.0
677.0
680.0
164.0
-120.0
684.0
697.0
86.0
-902.0
-344.0
319.0
534.0
-3.0
267.0
178.0
-3.0
397.0
-30.0
342.0
-477.0
6.0
270.0
305.0
615.0
630.0
-165.0
278.0
577.0
636.0
697.0
381.0
-7.0
-279.0
670.0
598.0
-23.0
307.0
402.0
-414.0
223.0
514.0
-310.0
592.0
694.0
499.0
138.0
437.0
396.0
538.0
249.0
588.0
553.0
699.0
-1066.0
-685.0
543.0
617.0
232.0
-603.0
-559.0
644.0
421.0
-747.0
48.0
12.0
-59.0
-676.0
-47.0
415.0
-1361.0
-622.0
135.0
194.0
433.0
409.0
-1203.0
-426.0
566.0
324.0
426.0
724.0
-776.0
280.0
675.0
692.0
-547.0
-108.0
234.0
152.0
-89.0
439.0
21.0
615.0
672.0
585.0
-632.0
612.0
511.0
-9.0
397.0
-175.0
659.0
704.0
118.0
-58.0
713.0
714.0
-582.0
-9.0
-295.0
554.0
497.0
-5.0
-121.0
185.0
-160.0
628.0
-59.0
343.0
-576.0
2.0
196.0
300.0
733.0
6.0
11.0
-555.0
337.0
78.0
472.0
740.0
-26.0
-258.0
470.0
543.0
90.0
217.0
516.0
211.0
-242.0
419.0
52.0
646.0
428.0
525.0
-296.0
415.0
681.0
549.0
211.0
517.0
509.0
476.0
97.0
129.0
674.0
697.0
165.0
-184.0
-109.0
616.0
510.0
37.0
216.0
123.0
-19.0
7.0
-79.0
397.0
-1024.0
48.0
457.0
555.0
709.0
683.0
-560.0
-460.0
-26.0
647.0
544.0
734.0
-161.0
329.0
740.0
732.0
143.0
328.0
643.0
271.0
-221.0
205.0
68.0
71.0
689.0
589.0
-477.0
22.0
632.0
492.0
288.0
683.0
597.0
671.0
124.0
-101.0
329.0
721.0
224.0
-91.0
10.0
412.0
413.0
-102.0
133.0
-289.0
9.0
169.0
-227.0
184.0
-815.0
86.0
28.0
459.0
614.0
606.0
122.0
374.0
-159.0
667.0
404.0
649.0
-671.0
384.0
709.0
680.0
-49.0
429.0
607.0
446.0
336.0
472.0
-92.0
243.0
477.0
4.0
112.0
478.0
658.0
625.0
16.0
684.0
498.0
521.0
163.0
-103.0
708.0
744.0
168.0
53.0
-283.0
521.0
511.0
127.0
494.0
296.0
100.0
566.0
-478.0
422.0
-625.0
-122.0
366.0
586.0
700.0
696.0
89.0
359.0
620.0
590.0
561.0
740.0
-119.0
426.0
686.0
605.0
439.0
304.0
532.0
464.0
-248.0
341.0
-161.0
421.0
645.0
457.0
99.0
300.0
701.0
596.0
140.0
683.0
514.0
530.0
344.0
-294.0
675.0
460.0
-498.0
-204.0
-33.0
539.0
441.0
-105.0
268.0
165.0
88.0
593.0
-279.0
391.0
-597.0
-64.0
367.0
496.0
622.0
717.0
-24.0
179.0
436.0
431.0
622.0
347.0
-225.0
409.0
664.0
723.0
280.0
303.0
587.0
108.0
-403.0
453.0
-147.0
631.0
586.0
527.0
-104.0
507.0
696.0
469.0
273.0
622.0
634.0
704.0
288.0
-34.0
739.0
673.0
-53.0
72.0
-707.0
517.0
562.0
-634.0
306.0
362.0
209.0
625.0
178.0
157.0
-1268.0
78.0
282.0
459.0
708.0
320.0
91.0
297.0
479.0
666.0
468.0
729.0
341.0
144.0
696.0
593.0
452.0
359.0
642.0
465.0
-411.0
496.0
-95.0
615.0
689.0
382.0
-79.0
329.0
686.0
335.0
163.0
641.0
628.0
587.0
388.0
-411.0
744.0
708.0
194.0
-88.0
-563.0
601.0
590.0
277.0
193.0
-59.0
-455.0
52.0
-244.0
293.0
-952.0
72.0
-294.0
581.0
526.0
442.0
46.0
317.0
598.0
547.0
389.0
707.0
-229.0
-684.0
715.0
701.0
332.0
83.0
668.0
332.0
-1050.0
-602.0
-369.0
481.0
363.0
-168.0
-92.0
391.0
534.0
629.0
281.0
676.0
458.0
648.0
339.0
-124.0
719.0
719.0
269.0
-249.0
-171.0
597.0
502.0
52.0
57.0
177.0
-431.0
516.0
14.0
456.0
-391.0
-189.0
427.0
483.0
657.0
685.0
-420.0
440.0
608.0
650.0
421.0
736.0
295.0
418.0
693.0
642.0
333.0
244.0
566.0
330.0
305.0
510.0
-386.0
622.0
692.0
499.0
-129.0
567.0
684.0
364.0
255.0
635.0
730.0
701.0
127.0
-217.0
714.0
536.0
-11.0
84.0
-754.0
190.0
561.0
-69.0
231.0
119.0
-194.0
529.0
-227.0
348.0
-762.0
-122.0
188.0
571.0
724.0
604.0
245.0
-80.0
128.0
307.0
590.0
726.0
-150.0
33.0
446.0
714.0
337.0
79.0
409.0
-519.0
35.0
279.0
-1135.0
574.0
700.0
36.0
-841.0
509.0
476.0
590.0
235.0
350.0
343.0
707.0
-320.0
-302.0
593.0
350.0
49.0
-152.0
-109.0
544.0
368.0
-835.0
213.0
-22.0
288.0
116.0
-129.0
302.0
-804.0
-34.0
247.0
440.0
35.0
647.0
219.0
347.0
561.0
573.0
512.0
704.0
130.0
347.0
640.0
355.0
332.0
368.0
676.0
480.0
191.0
440.0
-12.0
-232.0
650.0
459.0
-440.0
397.0
118.0
395.0
329.0
586.0
713.0
644.0
205.0
106.0
695.0
726.0
-133.0
-408.0
-280.0
536.0
551.0
-146.0
-146.0
-642.0
-465.0
584.0
-205.0
357.0
-1102.0
-18.0
-188.0
526.0
729.0
642.0
222.0
-383.0
-208.0
621.0
472.0
741.0
-331.0
382.0
721.0
674.0
164.0
-15.0
153.0
445.0
-785.0
487.0
-788.0
162.0
399.0
-234.0
-683.0
106.0
435.0
424.0
-4.0
66.0
435.0
387.0
300.0
-126.0
733.0
-391.0
-176.0
-305.0
-924.0
270.0
202.0
-211.0
54.0
72.0
-452.0
581.0
-276.0
494.0
-1324.0
75.0
261.0
594.0
473.0
535.0
201.0
375.0
13.0
326.0
484.0
671.0
114.0
248.0
723.0
218.0
-276.0
80.0
418.0
375.0
126.0
522.0
-870.0
530.0
686.0
349.0
-410.0
-327.0
600.0
570.0
115.0
680.0
427.0
72.0
232.0
-526.0
705.0
557.0
169.0
-90.0
31.0
572.0
576.0
-144.0
323.0
-33.0
-486.0
551.0
-2.0
490.0
-1381.0
243.0
337.0
155.0
699.0
398.0
-123.0
450.0
594.0
626.0
531.0
730.0
415.0
303.0
741.0
584.0
376.0
148.0
680.0
374.0
-133.0
299.0
-240.0
556.0
654.0
484.0
-304.0
-435.0
684.0
604.0
231.0
684.0
671.0
681.0
285.0
-250.0
722.0
667.0
-24.0
-57.0
-55.0
633.0
554.0
-539.0
182.0
-66.0
-296.0
425.0
-42.0
438.0
-754.0
-753.0
-267.0
106.0
736.0
652.0
341.0
197.0
367.0
578.0
582.0
666.0
-241.0
358.0
706.0
714.0
412.0
256.0
565.0
360.0
8.0
400.0
-109.0
618.0
666.0
51.0
-960.0
-494.0
665.0
521.0
-408.0
674.0
608.0
636.0
299.0
-280.0
738.0
374.0
12.0
-189.0
-1287.0
582.0
521.0
116.0
164.0
275.0
86.0
421.0
128.0
241.0
-730.0
-435.0
358.0
456.0
707.0
653.0
411.0
430.0
629.0
629.0
608.0
731.0
378.0
233.0
714.0
704.0
87.0
305.0
627.0
255.0
225.0
265.0
-172.0
502.0
680.0
322.0
-153.0
535.0
673.0
574.0
177.0
664.0
619.0
724.0
-328.0
-288.0
553.0
662.0
175.0
-255.0
72.0
430.0
554.0
-1102.0
148.0
292.0
196.0
546.0
-146.0
407.0
-771.0
-180.0
465.0
508.0
636.0
698.0
-245.0
365.0
516.0
664.0
512.0
635.0
60.0
209.0
522.0
706.0
72.0
314.0
590.0
159.0
93.0
432.0
-129.0
536.0
658.0
446.0
-45.0
382.0
686.0
476.0
385.0
680.0
694.0
714.0
230.0
-1132.0
628.0
515.0
203.0
45.0
-248.0
583.0
534.0
-138.0
179.0
-358.0
331.0
555.0
-217.0
307.0
-835.0
-402.0
421.0
608.0
719.0
670.0
-45.0
276.0
362.0
548.0
524.0
736.0
62.0
504.0
676.0
527.0
386.0
-139.0
-334.0
-16.0
11.0
46.0
-704.0
519.0
696.0
-362.0
-1160.0
533.0
700.0
-161.0
-359.0
640.0
702.0
483.0
183.0
83.0
719.0
705.0
105.0
-96.0
-251.0
438.0
517.0
-641.0
300.0
-312.0
-348.0
543.0
-424.0
503.0
-1084.0
-99.0
429.0
514.0
725.0
660.0
215.0
327.0
583.0
581.0
660.0
739.0
300.0
459.0
716.0
721.0
326.0
325.0
656.0
405.0
250.0
422.0
-339.0
600.0
702.0
565.0
-367.0
510.0
656.0
611.0
301.0
678.0
574.0
729.0
269.0
-238.0
674.0
718.0
-206.0
-24.0
206.0
584.0
576.0
-69.0
295.0
-443.0
-165.0
509.0
-72.0
490.0
-292.0
122.0
409.0
320.0
498.0
625.0
306.0
317.0
312.0
361.0
660.0
477.0
12.0
85.0
743.0
649.0
212.0
319.0
563.0
169.0
45.0
378.0
-646.0
652.0
572.0
354.0
-49.0
554.0
632.0
589.0
380.0
717.0
704.0
660.0
111.0
60.0
728.0
724.0
280.0
-83.0
63.0
492.0
536.0
38.0
302.0
351.0
198.0
539.0
53.0
456.0
-842.0
14.0
178.0
356.0
603.0
249.0
58.0
232.0
495.0
618.0
674.0
642.0
262.0
331.0
675.0
705.0
466.0
150.0
649.0
378.0
365.0
480.0
-121.0
514.0
652.0
504.0
-83.0
518.0
631.0
644.0
369.0
711.0
726.0
704.0
198.0
87.0
682.0
704.0
237.0
-84.0
-116.0
610.0
466.0
133.0
453.0
46.0
135.0
572.0
0.0
380.0
-886.0
73.0
436.0
402.0
606.0
459.0
359.0
183.0
313.0
586.0
403.0
724.0
-68.0
404.0
704.0
708.0
439.0
9.0
557.0
485.0
-471.0
232.0
-224.0
590.0
694.0
-73.0
-465.0
475.0
726.0
567.0
143.0
654.0
478.0
544.0
222.0
-73.0
716.0
725.0
487.0
-237.0
-151.0
398.0
584.0
-508.0
152.0
-305.0
-72.0
434.0
-2.0
419.0
-588.0
15.0
480.0
16.0
629.0
574.0
370.0
11.0
196.0
649.0
655.0
735.0
169.0
421.0
728.0
567.0
360.0
10.0
590.0
408.0
212.0
511.0
-151.0
650.0
669.0
-181.0
-747.0
481.0
702.0
574.0
294.0
58.0
99.0
728.0
145.0
-188.0
708.0
712.0
-360.0
-403.0
-410.0
629.0
554.0
157.0
257.0
-843.0
173.0
604.0
-206.0
495.0
-902.0
11.0
393.0
522.0
721.0
537.0
19.0
301.0
172.0
577.0
663.0
443.0
-16.0
-123.0
702.0
717.0
416.0
270.0
602.0
370.0
-151.0
522.0
119.0
634.0
700.0
371.0
-231.0
402.0
671.0
251.0
121.0
468.0
729.0
716.0
310.0
240.0
681.0
671.0
74.0
-57.0
-97.0
396.0
540.0
-509.0
64.0
314.0
-237.0
167.0
-49.0
385.0
-669.0
-255.0
388.0
305.0
521.0
642.0
184.0
254.0
487.0
656.0
405.0
708.0
205.0
293.0
708.0
736.0
142.0
123.0
697.0
316.0
-67.0
479.0
-184.0
481.0
622.0
559.0
-193.0
397.0
686.0
527.0
93.0
457.0
728.0
713.0
328.0
-106.0
716.0
724.0
-165.0
-445.0
-147.0
564.0
579.0
-341.0
75.0
42.0
-835.0
32.0
-28.0
461.0
-1259.0
7.0
422.0
243.0
707.0
596.0
-393.0
-755.0
152.0
621.0
645.0
733.0
128.0
248.0
732.0
707.0
499.0
216.0
600.0
-517.0
-460.0
342.0
129.0
557.0
698.0
343.0
-716.0
544.0
282.0
515.0
45.0
619.0
377.0
702.0
141.0
-631.0
669.0
575.0
83.0
-33.0
19.0
567.0
567.0
-97.0
324.0
-119.0
-159.0
458.0
45.0
271.0
-487.0
290.0
426.0
-521.0
730.0
-1673.0
-1068.0
-253.0
-1066.0
598.0
-885.0
724.0
357.0
371.0
723.0
724.0
278.0
84.0
280.0
428.0
141.0
467.0
-188.0
619.0
606.0
177.0
-1132.0
446.0
694.0
392.0
68.0
688.0
618.0
717.0
-47.0
-31.0
722.0
722.0
35.0
-296.0
-102.0
588.0
116.0
-444.0
-159.0
-41.0
-797.0
494.0
98.0
374.0
-514.0
-252.0
360.0
440.0
681.0
204.0
-473.0
41.0
412.0
626.0
517.0
303.0
127.0
325.0
487.0
703.0
490.0
409.0
516.0
16.0
-285.0
291.0
-76.0
433.0
718.0
-38.0
-869.0
560.0
676.0
556.0
151.0
573.0
661.0
724.0
355.0
-96.0
710.0
633.0
203.0
76.0
130.0
570.0
612.0
-460.0
160.0
160.0
-269.0
533.0
68.0
419.0
-274.0
60.0
323.0
307.0
691.0
301.0
281.0
368.0
-31.0
563.0
583.0
733.0
206.0
331.0
609.0
710.0
142.0
87.0
601.0
266.0
-390.0
514.0
-790.0
578.0
694.0
474.0
-14.0
607.0
668.0
483.0
394.0
560.0
694.0
732.0
336.0
78.0
729.0
616.0
52.0
-760.0
-426.0
435.0
197.0
-265.0
119.0
-240.0
-423.0
626.0
41.0
-34.0
-690.0
241.0
395.0
-512.0
243.0
368.0
-60.0
188.0
-849.0
634.0
592.0
734.0
249.0
498.0
721.0
713.0
235.0
273.0
647.0
368.0
43.0
467.0
-36.0
516.0
579.0
418.0
-175.0
29.0
680.0
465.0
433.0
650.0
660.0
706.0
79.0
-76.0
700.0
659.0
214.0
-45.0
-38.0
537.0
510.0
-6.0
144.0
-209.0
-99.0
553.0
-47.0
256.0
-750.0
193.0
230.0
582.0
716.0
697.0
289.0
321.0
633.0
594.0
541.0
732.0
208.0
373.0
567.0
593.0
194.0
320.0
402.0
430.0
-207.0
316.0
-165.0
538.0
695.0
355.0
-357.0
301.0
682.0
612.0
372.0
344.0
727.0
541.0
78.0
-562.0
723.0
725.0
-263.0
-626.0
-252.0
9.0
571.0
-130.0
-239.0
264.0
76.0
180.0
-131.0
311.0
-783.0
66.0
424.0
-200.0
120.0
672.0
-172.0
245.0
427.0
620.0
352.0
354.0
141.0
377.0
252.0
680.0
516.0
154.0
647.0
14.0
-405.0
-72.0
-1056.0
546.0
644.0
537.0
-147.0
574.0
658.0
612.0
230.0
532.0
704.0
693.0
-51.0
-257.0
590.0
670.0
82.0
-445.0
149.0
598.0
531.0
-159.0
165.0
297.0
-292.0
515.0
183.0
346.0
-415.0
155.0
369.0
401.0
702.0
634.0
281.0
322.0
147.0
611.0
585.0
708.0
220.0
41.0
532.0
678.0
488.0
297.0
495.0
433.0
230.0
552.0
-613.0
610.0
668.0
323.0
-289.0
430.0
698.0
614.0
256.0
494.0
717.0
689.0
322.0
-490.0
713.0
257.0
177.0
-357.0
8.0
597.0
389.0
-1094.0
-131.0
29.0
-318.0
449.0
-28.0
268.0
-404.0
139.0
113.0
417.0
564.0
509.0
-31.0
469.0
353.0
498.0
516.0
426.0
99.0
-18.0
688.0
588.0
256.0
317.0
597.0
169.0
401.0
284.0
-434.0
556.0
691.0
465.0
-190.0
617.0
674.0
626.0
-51.0
684.0
706.0
727.0
280.0
46.0
596.0
723.0
81.0
-266.0
96.0
509.0
455.0
-460.0
238.0
-328.0
302.0
514.0
-708.0
446.0
-730.0
97.0
432.0
528.0
726.0
674.0
86.0
165.0
514.0
654.0
-511.0
748.0
424.0
538.0
688.0
728.0
460.0
464.0
637.0
482.0
122.0
278.0
177.0
628.0
695.0
532.0
-1161.0
600.0
614.0
569.0
270.0
640.0
704.0
738.0
273.0
-100.0
645.0
561.0
301.0
82.0
-37.0
467.0
604.0
8.0
72.0
25.0
-583.0
463.0
-134.0
484.0
-338.0
315.0
351.0
495.0
623.0
630.0
-42.0
429.0
586.0
587.0
626.0
738.0
43.0
489.0
711.0
730.0
518.0
370.0
680.0
356.0
-139.0
346.0
-512.0
584.0
691.0
528.0
-111.0
570.0
592.0
564.0
398.0
496.0
637.0
695.0
239.0
-456.0
668.0
634.0
320.0
-14.0
-37.0
627.0
558.0
7.0
170.0
258.0
-793.0
353.0
70.0
242.0
-292.0
390.0
322.0
298.0
659.0
634.0
-208.0
303.0
584.0
642.0
664.0
729.0
74.0
457.0
708.0
715.0
481.0
355.0
688.0
513.0
294.0
531.0
-175.0
563.0
672.0
427.0
-582.0
626.0
670.0
472.0
208.0
446.0
583.0
686.0
137.0
77.0
707.0
471.0
393.0
-135.0
17.0
493.0
556.0
-486.0
-176.0
106.0
-596.0
390.0
-277.0
390.0
-678.0
374.0
252.0
402.0
705.0
531.0
13.0
63.0
362.0
682.0
242.0
736.0
287.0
377.0
726.0
710.0
479.0
-435.0
593.0
399.0
-9.0
572.0
123.0
613.0
662.0
444.0
-206.0
416.0
702.0
592.0
331.0
608.0
710.0
686.0
153.0
-362.0
719.0
694.0
44.0
-324.0
-299.0
596.0
548.0
-326.0
243.0
157.0
-468.0
337.0
-90.0
500.0
-195.0
300.0
129.0
573.0
674.0
569.0
-219.0
322.0
469.0
600.0
522.0
586.0
453.0
412.0
714.0
714.0
407.0
275.0
649.0
468.0
242.0
401.0
-23.0
553.0
713.0
502.0
-348.0
521.0
659.0
514.0
223.0
698.0
729.0
720.0
123.0
49.0
638.0
621.0
319.0
-64.0
-685.0
577.0
588.0
-503.0
-221.0
-305.0
-229.0
25.0
-1052.0
422.0
-1259.0
-629.0
295.0
466.0
722.0
-16.0
-131.0
259.0
394.0
513.0
574.0
705.0
394.0
316.0
724.0
713.0
413.0
210.0
637.0
409.0
299.0
437.0
-29.0
490.0
561.0
551.0
-442.0
470.0
686.0
464.0
300.0
486.0
709.0
706.0
269.0
-268.0
642.0
692.0
206.0
-131.0
-164.0
552.0
588.0
-730.0
122.0
51.0
-1270.0
373.0
-202.0
329.0
-516.0
154.0
481.0
445.0
580.0
589.0
55.0
203.0
437.0
590.0
545.0
744.0
292.0
525.0
722.0
690.0
419.0
66.0
582.0
518.0
331.0
464.0
-21.0
584.0
691.0
424.0
-169.0
562.0
698.0
490.0
316.0
678.0
726.0
608.0
295.0
-30.0
733.0
711.0
188.0
235.0
39.0
592.0
540.0
100.0
213.0
345.0
20.0
540.0
95.0
267.0
-43.0
139.0
378.0
569.0
661.0
676.0
402.0
343.0
394.0
677.0
614.0
724.0
-149.0
505.0
644.0
482.0
229.0
99.0
431.0
519.0
224.0
522.0
-273.0
536.0
700.0
448.0
-34.0
515.0
681.0
606.0
280.0
688.0
669.0
694.0
209.0
-23.0
645.0
613.0
1.0
-16.0
52.0
622.0
543.0
35.0
67.0
114.0
14.0
499.0
-133.0
363.0
-193.0
103.0
133.0
345.0
730.0
696.0
56.0
451.0
532.0
595.0
616.0
750.0
350.0
422.0
718.0
721.0
432.0
302.0
703.0
531.0
-179.0
511.0
-664.0
632.0
647.0
398.0
-181.0
502.0
720.0
525.0
322.0
555.0
735.0
726.0
270.0
28.0
728.0
664.0
342.0
80.0
84.0
580.0
565.0
-401.0
195.0
-689.0
-340.0
166.0
-124.0
424.0
-808.0
329.0
428.0
362.0
627.0
654.0
-126.0
355.0
483.0
642.0
553.0
728.0
202.0
381.0
300.0
724.0
478.0
234.0
638.0
494.0
-19.0
528.0
113.0
616.0
663.0
579.0
-263.0
239.0
618.0
488.0
165.0
480.0
665.0
689.0
282.0
71.0
636.0
683.0
-235.0
-144.0
-302.0
623.0
496.0
104.0
456.0
278.0
13.0
535.0
2.0
398.0
-106.0
363.0
352.0
426.0
704.0
590.0
-231.0
308.0
295.0
520.0
-342.0
706.0
350.0
435.0
716.0
722.0
311.0
224.0
674.0
364.0
88.0
501.0
-111.0
570.0
672.0
608.0
-270.0
530.0
643.0
600.0
276.0
688.0
722.0
591.0
338.0
16.0
732.0
657.0
377.0
-47.0
82.0
618.0
426.0
55.0
311.0
-315.0
395.0
617.0
-132.0
499.0
-512.0
164.0
361.0
496.0
726.0
693.0
342.0
385.0
567.0
648.0
527.0
735.0
329.0
488.0
710.0
631.0
371.0
365.0
642.0
447.0
11.0
449.0
-273.0
658.0
725.0
149.0
-206.0
425.0
729.0
530.0
302.0
636.0
692.0
723.0
385.0
-98.0
736.0
693.0
234.0
-245.0
-18.0
576.0
544.0
-889.0
-297.0
284.0
-114.0
458.0
-21.0
450.0
-108.0
-10.0
318.0
449.0
639.0
450.0
-4.0
381.0
500.0
589.0
611.0
608.0
366.0
358.0
674.0
561.0
233.0
405.0
667.0
484.0
-50.0
448.0
-95.0
545.0
670.0
528.0
-174.0
562.0
697.0
578.0
300.0
686.0
728.0
714.0
-122.0
-132.0
664.0
721.0
348.0
54.0
24.0
578.0
430.0
227.0
291.0
115.0
114.0
596.0
25.0
480.0
-784.0
-148.0
433.0
532.0
670.0
612.0
165.0
406.0
357.0
638.0
619.0
716.0
368.0
521.0
521.0
634.0
347.0
405.0
589.0
475.0
323.0
452.0
-293.0
342.0
672.0
361.0
-51.0
452.0
671.0
618.0
341.0
657.0
699.0
719.0
443.0
-238.0
716.0
639.0
282.0
-74.0
36.0
618.0
557.0
-191.0
272.0
-67.0
119.0
533.0
183.0
293.0
-534.0
10.0
427.0
430.0
577.0
572.0
-6.0
-115.0
289.0
602.0
381.0
724.0
178.0
512.0
651.0
739.0
479.0
399.0
580.0
527.0
107.0
435.0
148.0
590.0
719.0
92.0
-288.0
621.0
644.0
560.0
248.0
680.0
579.0
591.0
322.0
-332.0
619.0
604.0
237.0
125.0
43.0
568.0
527.0
-202.0
177.0
-306.0
123.0
612.0
-57.0
422.0
-272.0
33.0
376.0
572.0
615.0
532.0
309.0
328.0
526.0
623.0
587.0
748.0
323.0
456.0
646.0
720.0
433.0
230.0
673.0
438.0
367.0
506.0
-19.0
572.0
691.0
530.0
-179.0
486.0
672.0
578.0
331.0
674.0
705.0
704.0
296.0
279.0
718.0
670.0
260.0
44.0
162.0
616.0
599.0
-413.0
162.0
374.0
-630.0
388.0
3.0
183.0
-297.0
422.0
492.0
124.0
701.0
607.0
99.0
188.0
527.0
626.0
523.0
596.0
1.0
505.0
701.0
703.0
492.0
261.0
647.0
381.0
14.0
531.0
-116.0
564.0
656.0
480.0
-312.0
500.0
694.0
517.0
52.0
642.0
573.0
700.0
295.0
5.0
656.0
602.0
-36.0
47.0
-137.0
629.0
304.0
-387.0
182.0
201.0
-83.0
503.0
-364.0
314.0
-536.0
385.0
295.0
397.0
694.0
433.0
149.0
204.0
480.0
644.0
512.0
693.0
142.0
438.0
724.0
714.0
546.0
11.0
497.0
478.0
200.0
478.0
75.0
566.0
723.0
560.0
-203.0
292.0
703.0
518.0
263.0
618.0
714.0
728.0
173.0
-97.0
745.0
366.0
238.0
-56.0
-718.0
463.0
563.0
-681.0
32.0
243.0
-687.0
297.0
196.0
527.0
-649.0
-101.0
471.0
482.0
607.0
654.0
290.0
301.0
588.0
643.0
689.0
749.0
341.0
517.0
680.0
724.0
432.0
61.0
697.0
313.0
-242.0
486.0
-353.0
590.0
653.0
190.0
-247.0
498.0
689.0
347.0
-86.0
710.0
650.0
720.0
-809.0
-1919.0
491.0
-210.0
-449.0
-1074.0
-1067.0
556.0
352.0
-874.0
-338.0
47.0
-612.0
-71.0
-387.0
173.0
-567.0
346.0
365.0
418.0
64.0
597.0
247.0
242.0
486.0
561.0
445.0
740.0
294.0
355.0
682.0
732.0
348.0
-1.0
680.0
444.0
-43.0
492.0
-562.0
559.0
688.0
642.0
-27.0
302.0
676.0
608.0
239.0
671.0
732.0
639.0
382.0
-815.0
708.0
697.0
75.0
-269.0
158.0
629.0
543.0
-122.0
341.0
238.0
-222.0
594.0
259.0
307.0
-256.0
302.0
399.0
338.0
651.0
605.0
-138.0
309.0
325.0
634.0
646.0
738.0
137.0
397.0
745.0
718.0
264.0
359.0
581.0
490.0
218.0
490.0
-138.0
622.0
681.0
389.0
-207.0
519.0
684.0
574.0
179.0
665.0
647.0
702.0
367.0
-322.0
739.0
472.0
-116.0
-106.0
124.0
615.0
591.0
-148.0
119.0
333.0
-58.0
497.0
65.0
455.0
-301.0
247.0
485.0
522.0
724.0
543.0
206.0
243.0
567.0
694.0
537.0
746.0
263.0
505.0
467.0
726.0
459.0
-178.0
644.0
241.0
-327.0
339.0
167.0
485.0
718.0
251.0
-637.0
557.0
642.0
598.0
256.0
640.0
694.0
693.0
134.0
144.0
563.0
688.0
332.0
-306.0
-98.0
568.0
600.0
-604.0
47.0
291.0
-53.0
525.0
-17.0
-517.0
-458.0
85.0
314.0
473.0
665.0
539.0
162.0
66.0
459.0
602.0
520.0
632.0
244.0
500.0
426.0
636.0
217.0
142.0
245.0
390.0
225.0
47.0
37.0
407.0
730.0
286.0
-348.0
586.0
710.0
438.0
90.0
662.0
710.0
694.0
254.0
-68.0
463.0
673.0
486.0
-320.0
46.0
570.0
625.0
-300.0
93.0
313.0
-506.0
566.0
53.0
296.0
-802.0
102.0
82.0
91.0
549.0
546.0
493.0
346.0
446.0
624.0
608.0
719.0
-121.0
456.0
714.0
694.0
373.0
444.0
652.0
495.0
198.0
457.0
75.0
579.0
702.0
83.0
-297.0
634.0
691.0
616.0
363.0
660.0
715.0
728.0
264.0
-216.0
739.0
720.0
314.0
-6.0
-17.0
614.0
509.0
102.0
474.0
180.0
281.0
546.0
-74.0
529.0
-414.0
425.0
440.0
408.0
722.0
576.0
-174.0
253.0
588.0
614.0
607.0
722.0
407.0
482.0
726.0
726.0
534.0
389.0
648.0
337.0
-50.0
548.0
-59.0
604.0
682.0
453.0
88.0
536.0
693.0
618.0
247.0
682.0
724.0
680.0
390.0
-34.0
711.0
682.0
80.0
25.0
148.0
576.0
231.0
69.0
242.0
-357.0
64.0
256.0
-180.0
287.0
-537.0
181.0
335.0
373.0
663.0
608.0
192.0
380.0
493.0
640.0
561.0
700.0
404.0
544.0
632.0
736.0
435.0
390.0
719.0
506.0
256.0
501.0
-578.0
580.0
690.0
616.0
5.0
511.0
679.0
530.0
319.0
645.0
700.0
609.0
396.0
-259.0
723.0
575.0
142.0
150.0
115.0
576.0
558.0
121.0
-90.0
274.0
-127.0
536.0
-452.0
431.0
-776.0
254.0
414.0
373.0
585.0
666.0
-13.0
157.0
489.0
654.0
645.0
742.0
244.0
483.0
674.0
739.0
424.0
304.0
685.0
433.0
119.0
506.0
159.0
632.0
583.0
554.0
-179.0
503.0
707.0
560.0
498.0
662.0
728.0
736.0
423.0
-48.0
735.0
693.0
392.0
173.0
110.0
586.0
571.0
-327.0
134.0
81.0
-381.0
600.0
191.0
505.0
-770.0
296.0
363.0
279.0
690.0
604.0
135.0
276.0
416.0
687.0
430.0
740.0
-256.0
500.0
627.0
596.0
171.0
187.0
593.0
492.0
194.0
544.0
-232.0
639.0
649.0
80.0
-343.0
553.0
686.0
547.0
338.0
653.0
720.0
699.0
319.0
-65.0
726.0
723.0
310.0
-29.0
143.0
617.0
580.0
-154.0
360.0
229.0
-703.0
591.0
-115.0
466.0
-477.0
141.0
330.0
448.0
683.0
617.0
223.0
382.0
510.0
660.0
652.0
718.0
210.0
500.0
716.0
626.0
465.0
-96.0
567.0
497.0
234.0
532.0
-298.0
540.0
695.0
44.0
-310.0
539.0
681.0
588.0
395.0
632.0
558.0
737.0
319.0
331.0
712.0
683.0
282.0
-57.0
141.0
542.0
529.0
-562.0
-102.0
205.0
-392.0
542.0
-263.0
452.0
-308.0
-263.0
506.0
394.0
688.0
608.0
480.0
362.0
522.0
631.0
581.0
743.0
355.0
-765.0
556.0
704.0
458.0
540.0
566.0
436.0
316.0
485.0
109.0
596.0
700.0
552.0
-124.0
468.0
727.0
576.0
482.0
649.0
702.0
734.0
274.0
72.0
752.0
665.0
293.0
-25.0
20.0
662.0
575.0
40.0
254.0
182.0
-255.0
527.0
171.0
508.0
-250.0
156.0
361.0
622.0
601.0
590.0
207.0
284.0
498.0
677.0
559.0
750.0
329.0
553.0
634.0
589.0
426.0
313.0
587.0
409.0
