-6825.899999999999
3091.699999999997
-6598.399999999995
-217.69999999999993
-312.999999999999
-8611.199999999999
-4922.299999999999
-3135.8999999999987
-4241.999999999999
-1553.8000000000002
-8190.500000000005
-1332.9000000000005
-4299.600000000001
-3047.8
2295.900000000001
-5052.400000000003
548.3000000000002
-3465.099999999999
-4074.199999999999
-8877.600000000008
-1152.4999999999995
-2775.0
-2760.2999999999975
-4736.3
-4775.400000000002
879.8000000000037
-9037.600000000006
-3096.0999999999976
470.30000000000086
-528.6000000000003
-1611.9999999999995
-4353.0999999999985
-1211.3999999999996
-453.7999999999988
-1703.6999999999987
-3392.199999999997
-4910.500000000004
-979.2999999999972
789.1999999999925
-446.5000000000007
-714.299999999998
-1688.2
-5560.800000000004
-2798.4999999999995
90.89999999999989
-718.2999999999967
-1451.0999999999985
-897.6000000000006
-532.1999999999994
-5415.900000000001
-564.0999999999998
148.5000000000031
-4211.899999999998
-1399.199999999998
-244.69999999999925
-1050.0999999999963
-1996.9999999999964
127.00000000000122
480.60000000000343
-1060.6000000000042
-1433.0000000000014
588.4000000000055
2522.100000000001
662.9000000000002
-928.6999999999995
210.50000000000074
3093.999999999997
241.0999999999962
-1288.6999999999998
-4608.799999999999
954.5000000000051
-3146.2999999999956
509.70000000000255
-3499.999999999997
1376.400000000005
2394.099999999996
-1297.9999999999982
1262.1000000000004
-830.4999999999997
3113.099999999999
-1165.8
229.3000000000002
-2406.1000000000004
-2525.499999999996
786.5000000000016
1457.5000000000007
2195.000000000004
2328.9999999999995
855.0999999999972
2315.000000000003
3606.69999999998
4601.399999999976
-359.79999999999825
-5751.200000000005
3280.0
1623.800000000001
-280.1999999999991
1718.5000000000025
3988.599999999983
3773.1000000000026
3242.6999999999907
3289.7999999999815
1263.1000000000045
4239.499999999989
3510.699999999985
1663.2000000000023
3265.9999999999986
1018.1999999999998
3986.0999999999945
3832.199999999982
-2445.6000000000013
4202.499999999989
3883.099999999992
4495.399999999988
3432.5999999999995
-1404.5999999999992
2284.9999999999936
2521.499999999995
3263.700000000003
993.6999999999997
2942.700000000004
2595.9999999999914
4174.099999999993
-51.69999999999827
4167.399999999993
4157.1
2710.400000000001
4907.699999999978
3410.0999999999904
370.4000000000015
2807.700000000005
-1400.7999999999997
4695.699999999986
2701.3000000000047
4610.199999999979
1374.4000000000005
-651.100000000001
4733.899999999999
3482.2999999999934
3869.7999999999993
4902.199999999981
6167.199999999992
2860.899999999999
3209.500000000003
5959.599999999992
4915.499999999992
3881.7000000000007
2549.400000000002
4335.799999999978
4351.199999999994
4721.99999999999
4292.399999999999
2612.300000000004
4923.099999999998
5174.000000000004
3018.000000000005
409.9000000000045
3205.199999999997
5857.399999999996
5009.099999999981
386.80000000000075
5087.699999999992
687.3999999999972
3743.699999999994
4953.700000000001
-1400.699999999997
5599.899999999994
883.5999999999957
1932.800000000002
2011.8999999999987
4559.700000000002
5571.299999999994
4816.300000000001
3190.5000000000014
4621.299999999998
3868.4999999999977
2602.5000000000023
3849.8999999999905
1277.3999999999971
3719.5999999999967
4028.5999999999826
4264.299999999988
5091.399999999993
3910.5999999999985
3906.7999999999993
6241.499999999997
5210.000000000002
2954.4000000000015
4389.399999999986
4752.599999999992
3759.3999999999855
4565.299999999988
4255.399999999999
4097.799999999992
5718.999999999995
5989.199999999996
2881.8999999999983
3555.0999999999894
5045.5999999999885
4500.699999999993
3007.0000000000014
4108.699999999991
1091.6000000000001
4984.999999999995
4158.899999999999
2935.900000000003
4778.599999999992
4000.100000000003
4564.199999999996
5002.999999999988
4091.400000000002
4957.69999999997
5903.199999999995
4203.599999999991
2657.399999999999
4280.699999999989
4334.999999999993
5403.999999999984
4636.600000000001
2411.3000000000006
4946.199999999983
3506.2999999999984
4625.199999999995
4420.2999999999965
3463.5999999999913
2838.499999999998
4121.499999999999
4281.2999999999965
4780.299999999992
3627.7000000000044
3750.3000000000015
2052.9999999999995
5781.499999999985
3601.000000000002
3313.79999999999
4480.19999999999
5740.899999999999
6048.7999999999865
4732.799999999995
6197.399999999994
4686.599999999978
6392.299999999992
4040.1999999999975
1337.6000000000015
6320.599999999987
5512.0999999999985
3021.4000000000024
3290.0000000000027
6845.9999999999945
2846.800000000002
5773.599999999993
6082.499999999983
3004.9000000000024
4663.100000000001
4747.299999999994
5919.899999999994
4503.199999999991
4400.2
5333.799999999991
7010.599999999983
4280.300000000004
5470.599999999985
6829.700000000001
6937.899999999989
2969.2999999999943
5641.599999999994
5981.4999999999945
4700.499999999989
3755.5999999999976
4064.400000000004
4040.0999999999917
4187.199999999986
4582.199999999994
2872.4999999999977
2966.500000000001
3544.899999999983
2012.100000000001
3247.999999999989
4291.799999999993
2085.8000000000034
6104.199999999982
5998.199999999997
4394.899999999992
2370.2000000000044
4491.999999999983
3658.2999999999943
4968.299999999991
4061.199999999989
2362.2999999999965
3115.199999999986
4184.4999999999745
4442.599999999975
3005.800000000002
8304.399999999992
5114.699999999979
7836.199999999993
6585.199999999987
3425.899999999992
5711.699999999987
4444.499999999979
5778.1999999999825
5756.099999999989
2790.699999999998
3592.599999999986
4412.1999999999925
2035.7999999999986
3064.299999999993
3327.1999999999944
5693.099999999984
5007.5999999999785
5670.200000000005
5739.499999999985
5157.79999999999
5650.499999999983
5758.799999999994
4234.2
6021.699999999991
5598.199999999986
4602.199999999996
1886.400000000003
2685.299999999992
5052.499999999984
4640.199999999992
3453.3999999999915
7194.200000000003
4693.6
3761.3999999999987
5363.399999999979
4273.399999999999
4776.499999999995
3779.6999999999794
3747.099999999985
5931.299999999997
3831.799999999996
3892.4999999999754
4179.999999999983
4806.499999999983
2019.0999999999872
4563.399999999978
5989.099999999968
7502.4999999999745
6256.199999999974
4615.899999999984
7308.699999999997
5282.599999999968
5845.399999999995
4041.2999999999975
6709.999999999981
5545.899999999991
7071.899999999991
8573.89999999999
7333.299999999988
3466.700000000001
4697.699999999985
6446.499999999988
3388.8999999999955
2921.0000000000027
5382.800000000002
5830.09999999999
5251.4999999999645
3937.800000000003
4990.199999999984
1214.3999999999867
3304.2999999999893
5129.999999999998
3833.600000000002
4355.899999999971
5636.499999999984
2916.999999999993
1506.0000000000043
6163.099999999999
5458.599999999995
6497.999999999993
3371.0000000000023
3705.599999999991
4987.899999999983
2830.0000000000086
4997.299999999978
7637.89999999998
4029.500000000002
6085.699999999992
6082.799999999988
4295.2
5120.899999999991
6396.699999999983
6383.899999999983
7312.999999999975
5987.499999999975
6669.499999999987
5010.299999999997
5970.399999999983
5626.599999999987
2096.400000000003
5224.599999999982
6823.699999999987
4833.79999999999
6411.899999999988
7253.799999999996
5220.599999999987
4997.4999999999945
8077.49999999999
5761.199999999992
2231.2000000000044
6152.199999999992
4834.999999999995
3466.5999999999963
3348.900000000002
4277.9999999999945
4484.299999999997
6817.999999999994
1471.2000000000028
5936.999999999993
3490.7999999999915
3452.9999999999895
5736.499999999993
3023.2000000000003
4153.299999999986
3872.7999999999865
3042.6
1614.0000000000005
3536.4999999999945
5508.299999999984
4539.299999999998
2721.900000000003
3263.800000000001
7019.399999999982
2505.0000000000036
4978.8999999999905
5924.1
3204.6999999999944
4144.399999999995
7076.79999999999
5177.899999999995
2897.6999999999957
3735.299999999993
5018.500000000005
5075.999999999994
5665.299999999989
5687.299999999993
5466.799999999988
6021.9999999999945
5870.299999999983
5519.299999999999
7078.999999999999
6801.999999999982
7092.300000000002
6260.699999999996
4409.099999999999
6021.39999999999
5375.299999999996
7000.599999999992
6335.599999999994
6238.299999999995
6626.6999999999925
5932.79999999999
5512.2999999999865
6214.199999999985
6080.699999999991
7757.399999999992
7508.599999999984
6317.700000000002
5609.499999999989
7136.799999999992
7224.499999999997
5738.399999999989
5198.799999999995
7197.399999999986
7372.999999999983
5992.099999999999
5831.199999999988
4252.599999999997
7951.799999999978
7428.799999999999
5498.899999999993
5054.699999999994
7234.499999999976
6180.500000000001
6155.699999999985
6455.999999999986
5822.6999999999925
5916.399999999985
6998.799999999992
6909.799999999993
7686.899999999992
6259.599999999984
6422.000000000001
6898.999999999993
6144.699999999989
5458.399999999977
6323.89999999999
7048.799999999982
6674.5000000000055
4219.399999999988
8543.099999999995
7362.299999999979
8386.3
5921.599999999989
6466.899999999996
6483.6999999999925
6268.3999999999805
6751.099999999988
7578.399999999982
5166.999999999997
6233.899999999989
5638.799999999997
5202.899999999999
6113.900000000001
4793.599999999998
7086.699999999999
6211.100000000002
6894.800000000006
8065.899999999993
6080.599999999994
7489.700000000003
5896.499999999997
6342.599999999996
8691.399999999992
6333.499999999994
6336.6
6082.299999999999
5504.09999999999
7591.200000000001
6523.099999999991
6746.399999999992
6490.499999999998
6821.799999999994
5777.300000000003
5818.699999999994
4777.799999999992
5802.099999999999
5509.299999999995
8129.499999999993
6840.499999999995
6670.199999999994
7605.0999999999985
6415.69999999999
5850.900000000003
6611.499999999997
7894.699999999987
7658.699999999989
6798.799999999987
7176.499999999999
5866.000000000005
3884.8999999999983
6744.49999999999
7433.699999999978
7098.89999999999
7072.599999999995
6618.499999999991
6939.899999999997
6287.400000000001
7132.199999999992
7207.599999999991
7655.899999999988
7934.799999999981
6488.199999999985
5225.199999999985
7092.699999999988
7812.799999999975
6801.499999999982
6518.699999999998
7288.799999999986
7267.599999999985
7496.399999999995
8185.899999999993
6404.199999999984
8459.99999999998
7024.499999999996
6655.49999999999
4544.000000000008
7583.799999999993
8385.499999999989
5841.599999999996
5992.599999999992
6813.999999999999
6775.799999999983
6216.0999999999885
6534.599999999989
8219.099999999997
5495.999999999999
6451.299999999999
7610.199999999987
6336.699999999997
6264.299999999989
6745.699999999972
6060.099999999987
5782.299999999991
6535.29999999999
7312.099999999994
7797.29999999999
7344.999999999994
7951.899999999987
6398.999999999989
7118.999999999991
8998.999999999987
8801.799999999997
7442.000000000005
7122.999999999995
6870.89999999999
6482.699999999987
8426.099999999995
7880.59999999998
5571.399999999998
8226.599999999988
8278.49999999999
7302.900000000007
6753.300000000003
6777.299999999998
7002.999999999999
7985.799999999996
6793.599999999989
8750.299999999996
7814.199999999978
7036.89999999998
6026.200000000003
7730.799999999989
7501.6999999999825
7295.199999999981
6816.500000000001
6710.400000000001
6666.099999999992
5376.89999999999
8852.999999999989
5789.900000000002
6160.099999999984
6639.099999999998
7168.299999999996
6181.199999999991
4749.199999999998
5188.299999999992
8617.499999999987
6367.999999999987
6063.599999999993
6251.199999999997
6913.099999999979
7128.299999999982
6153.49999999999
7361.099999999979
7010.89999999998
8549.69999999998
5817.899999999993
8885.099999999988
7282.399999999982
7767.999999999998
7128.199999999979
7544.999999999981
7471.299999999978
7855.3999999999805
7213.49999999998
6425.099999999986
4647.799999999994
7558.899999999994
6335.499999999991
6260.599999999986
8213.099999999984
7426.099999999981
6860.199999999993
6062.499999999987
8145.9000000000015
7496.099999999985
6804.9999999999945
8127.199999999979
7219.899999999991
7605.099999999987
7251.499999999976
7316.199999999985
7967.999999999994
5468.899999999983
6648.799999999984
7656.899999999991
7331.399999999995
7768.0999999999885
8169.899999999982
6087.6999999999925
5677.49999999999
6235.3
7682.100000000001
6371.299999999996
5867.499999999991
7229.399999999991
5738.299999999989
6619.299999999992
8756.899999999987
6109.199999999978
6062.799999999967
6893.199999999982
7631.999999999982
5360.59999999999
5374.699999999979
8894.999999999984
8446.799999999994
7632.599999999973
6589.599999999983
7507.899999999982
7950.799999999989
7741.499999999984
8647.299999999976
8674.799999999981
5456.699999999975
8332.09999999999
6860.099999999991
7129.699999999975
6898.899999999987
5643.899999999983
6392.099999999991
7028.2999999999865
7131.7
7783.399999999985
7587.499999999993
7712.299999999998
5471.600000000001
7068.699999999989
6906.599999999982
7126.499999999991
7583.699999999992
6363.399999999996
7504.199999999992
7771.799999999983
7395.499999999998
8046.999999999999
6357.699999999988
7697.29999999999
6418.099999999989
7549.7999999999865
8499.099999999993
8020.599999999988
7471.800000000003
8426.999999999973
7939.900000000002
7670.599999999988
7529.799999999988
5614.799999999994
5771.099999999994
7405.299999999979
7816.499999999977
7231.399999999985
7708.599999999998
6432.099999999987
7693.999999999994
8562.799999999983
7073.199999999992
7425.89999999999
7180.699999999994
8848.799999999985
7951.899999999993
8521.399999999983
8152.199999999982
7618.399999999992
8359.699999999992
8460.899999999987
8252.499999999984
5641.400000000001
7066.999999999997
8089.399999999998
7163.799999999999
8153.899999999983
7164.299999999993
7203.899999999989
8160.899999999992
7705.099999999995
7438.799999999993
6387.199999999996
7642.000000000002
7284.799999999998
7396.199999999991
8126.200000000001
6986.199999999999
7955.6
6284.299999999987
6902.900000000003
5664.200000000001
7973.699999999992
7910.399999999991
7184.2999999999965
8933.500000000004
7809.299999999989
7288.099999999993
7298.899999999998
9292.99999999999
7597.699999999995
6017.799999999989
6415.899999999996
7409.699999999989
6180.2000000000035
6272.699999999979
8077.299999999996
5771.2999999999965
5027.399999999985
6664.199999999981
8067.999999999994
6121.89999999998
7503.099999999995
6251.199999999988
6053.199999999992
4407.399999999989
7064.19999999998
7060.69999999999
8318.099999999973
8481.599999999984
7069.599999999993
7767.5999999999985
9240.699999999993
5248.799999999993
9205.100000000006
6769.099999999984
8048.3999999999905
7997.9
6495.599999999982
8241.399999999996
6362.899999999988
6445.799999999987
8657.99999999999
8159.599999999995
9034.199999999992
5987.499999999995
5999.099999999994
8001.9000000000015
9041.699999999992
7139.399999999981
7107.399999999996
7116.499999999993
8790.499999999993
7527.099999999991
8513.399999999989
9178.299999999985
6522.199999999995
7713.999999999994
8180.899999999983
5953.499999999997
8028.799999999995
6308.799999999992
7873.599999999993
8530.499999999996
7462.399999999997
8003.499999999988
7153.59999999999
7670.99999999999
5839.499999999994
7510.399999999996
8643.099999999988
8057.699999999985
9041.199999999993
6867.600000000004
7844.099999999994
7788.699999999982
6736.299999999996
6425.599999999992
7613.19999999999
8018.599999999989
8420.299999999996
6568.19999999999
8518.19999999999
6981.699999999998
7405.7
8554.999999999995
7102.399999999993
7175.400000000001
8971.799999999985
8659.799999999996
6559.5999999999985
7283.499999999993
6662.29999999999
7030.099999999988
7682.799999999994
7902.8
7575.799999999991
8337.199999999992
8551.999999999985
7883.199999999999
7483.999999999996
7894.79999999999
7596.399999999994
9248.399999999992
8583.299999999994
7706.499999999979
8223.700000000004
6579.799999999993
7105.299999999988
7202.399999999996
8080.999999999988
6736.999999999997
7684.799999999992
6979.399999999995
7806.899999999978
8313.999999999982
7857.299999999976
7798.899999999994
8573.899999999983
9152.999999999985
8194.19999999998
8324.89999999999
8200.999999999985
7819.099999999984
7976.600000000002
7266.499999999994
7612.599999999987
7226.699999999998
7723.999999999994
8522.699999999995
9252.799999999987
7611.199999999994
7632.1999999999825
8929.099999999979
7055.499999999985
8136.599999999988
8149.299999999988
7562.0999999999885
7867.800000000003
8081.499999999976
7802.899999999981
8034.499999999983
7564.999999999993
7416.199999999981
9034.099999999982
7308.899999999987
6972.0999999999985
8555.399999999976
9296.399999999989
8218.399999999983
7458.399999999994
7339.999999999994
9105.999999999978
7509.499999999987
7184.399999999995
7180.699999999986
7713.79999999999
7427.69999999999
7880.799999999979
7575.499999999984
7677.099999999993
7645.79999999999
9143.899999999998
7718.699999999985
8164.999999999984
8327.399999999983
8003.899999999982
9543.000000000002
5896.699999999994
8046.699999999985
9322.49999999999
7565.8999999999905
7505.399999999981
7582.599999999996
8529.599999999988
8270.099999999986
8808.399999999987
9799.19999999999
7627.29999999999
7910.899999999994
7044.899999999992
8077.799999999996
9466.399999999987
4712.400000000003
8232.499999999987
7895.4999999999845
7208.399999999981
6352.399999999989
8408.799999999988
7728.5999999999885
7094.599999999986
7701.399999999997
8284.5
8169.499999999992
8409.09999999999
7178.399999999994
8432.29999999999
7994.299999999986
7910.199999999995
7310.199999999984
6450.199999999991
6914.49999999999
8591.299999999988
6707.499999999989
7801.399999999996
7688.099999999984
6887.799999999988
8719.599999999993
7882.500000000004
8321.999999999982
8077.49999999999
7464.599999999994
8743.900000000003
8590.999999999993
7698.799999999985
9074.39999999998
8593.199999999986
8510.099999999993
8464.999999999995
8360.399999999983
9682.799999999987
9065.19999999999
8105.599999999996
8101.899999999994
5116.800000000001
7535.299999999986
7783.300000000013
8069.299999999988
8745.599999999997
9343.199999999975
7169.199999999998
8560.29999999998
7859.79999999999
6645.9
7813.599999999993
7112.599999999989
7931.999999999991
8024.599999999975
7262.799999999989
9293.999999999989
8376.599999999993
7158.699999999985
8346.599999999986
8792.399999999978
8506.19999999998
8284.099999999986
8334.699999999986
8310.89999999999
8919.099999999977
8575.499999999987
7593.099999999977
8196.199999999988
9116.499999999978
8114.199999999984
8162.199999999982
9279.299999999983
8345.39999999998
7392.699999999989
9247.699999999983
8377.999999999989
8479.599999999984
8610.799999999981
7475.499999999992
4013.999999999999
8427.599999999982
7569.099999999996
7879.499999999994
8623.799999999988
8818.69999999999
9169.499999999987
7426.799999999991
9486.79999999999
8837.499999999987
8124.8999999999805
7566.499999999991
9765.299999999988
7528.899999999998
8241.899999999989
8860.899999999989
8623.199999999993
7215.899999999987
9569.099999999993
7673.499999999997
6423.8
8026.699999999986
8280.799999999987
8743.199999999973
6641.099999999984
8877.199999999992
8874.199999999979
8653.39999999999
7441.999999999997
8675.89999999998
9115.699999999986
7916.299999999988
7155.099999999992
7325.799999999993
9040.799999999983
8819.399999999989
7642.9999999999945
7017.399999999999
6500.499999999994
8696.599999999988
8759.999999999987
7568.399999999989
9180.89999999999
9075.399999999987
7692.999999999993
9001.199999999995
5202.900000000005
8071.299999999993
8213.699999999992
7262.099999999993
4838.700000000003
7652.499999999996
7198.500000000004
8763.299999999987
7431.9999999999845
8535.499999999995
8927.599999999984
6595.699999999998
9726.99999999999
7639.399999999999
7079.599999999992
7180.099999999998
9381.9
7702.499999999988
7352.199999999995
7361.099999999985
8412.799999999997
7868.599999999996
9963.499999999989
8692.199999999993
7750.599999999999
8226.299999999997
7231.899999999996
7011.899999999995
8088.199999999993
8420.399999999983
8018.399999999996
8587.699999999988
8280.999999999987
9647.79999999999
7171.199999999992
8169.6999999999825
6760.699999999994
7496.999999999996
9302.799999999983
9352.599999999991
7464.199999999996
7931.499999999989
5468.299999999988
8002.099999999994
7375.999999999988
7887.1999999999825
6580.499999999993
8058.099999999979
8075.899999999994
9165.099999999993
5989.699999999991
8228.999999999993
5751.599999999995
5231.100000000002
8119.099999999995
8732.899999999985
8793.400000000001
8178.799999999997
8016.799999999985
7636.799999999986
9647.599999999993
7310.200000000003
9780.099999999993
9431.800000000001
6659.499999999988
6914.999999999999
8677.8
8276.899999999985
9284.300000000003
7357.199999999997
8393.39999999999
6733.699999999995
7977.59999999999
8120.199999999984
6394.199999999994
9095.799999999988
9310.999999999996
6415.200000000001
6967.699999999989
9317.499999999993
7816.299999999997
9238.199999999986
6769.599999999986
8098.99999999999
8685.799999999992
6881.899999999995
7226.299999999996
7147.9
9376.099999999997
7181.999999999991
6976.4999999999945
7022.399999999988
7431.899999999995
8100.1999999999925
6956.9
7323.899999999996
7488.899999999989
9882.699999999993
7822.599999999987
7840.299999999989
9071.399999999994
7066.199999999994
8524.299999999992
8406.199999999999
7698.2000000000035
7369.799999999999
7518.599999999992
7400.300000000002
6331.299999999994
7629.999999999988
7712.499999999988
8420.000000000002
7887.399999999994
8062.2
6761.49999999999
7960.699999999996
8309.799999999996
8562.499999999982
8122.399999999999
7368.5
8109.299999999999
8537.099999999999
8668.399999999996
8226.900000000001
4350.700000000005
8716.599999999991
8623.299999999985
7329.999999999984
7997.299999999977
6509.699999999995
8404.8
8546.599999999988
7351.399999999994
9683.399999999989
7408.7999999999965
7810.399999999989
8229.59999999999
7555.599999999996
8411.199999999988
9797.999999999989
8078.499999999982
8306.499999999993
8055.5999999999885
9193.799999999994
8276.299999999997
8489.399999999981
8310.899999999992
8032.3999999999905
7568.799999999991
8509.699999999986
8127.999999999995
8276.799999999987
7781.699999999995
7890.199999999991
7655.599999999991
8525.199999999997
8490.099999999984
7880.999999999992
8203.699999999999
8804.09999999998
8132.399999999984
8558.599999999986
9732.399999999989
8887.599999999988
8330.399999999989
7800.499999999998
9827.899999999992
9315.299999999994
8523.999999999995
8064.399999999995
9367.799999999988
8301.999999999993
9274.299999999994
8877.499999999989
6925.899999999994
9104.199999999979
8526.499999999993
8609.699999999995
7516.799999999996
9193.199999999977
8661.399999999989
9159.399999999985
7986.499999999987
9163.499999999984
9347.999999999993
7595.199999999997
8328.99999999999
7850.799999999991
9221.799999999985
9513.499999999985
8704.399999999994
8763.499999999982
7754.799999999984
8641.599999999991
8949.69999999998
8623.199999999984
8771.999999999989
8985.499999999996
9004.299999999988
9081.69999999999
6880.199999999996
8580.800000000001
8647.999999999996
8826.699999999995
8357.39999999999
8628.89999999999
9542.799999999988
9166.69999999999
8242.19999999999
7760.399999999998
8777.399999999992
8105.399999999999
9568.499999999989
9358.59999999999
8221.49999999999
7919.099999999996
8488.499999999989
8647.399999999998
8285.599999999984
8275.199999999993
8440.899999999994
8074.499999999994
9162.899999999987
8857.89999999999
8311.199999999995
8595.899999999994
9473.299999999992
7796.199999999985
9246.199999999988
8825.8
8068.799999999984
9538.799999999996
8087.999999999986
9543.099999999999
8964.199999999983
8789.999999999989
8883.399999999996
7829.299999999988
9910.999999999987
8827.199999999999
8766.899999999981
8085.499999999997
8352.899999999987
8521.199999999984
8683.899999999985
8537.79999999998
8989.19999999999
8856.399999999996
8469.499999999984
8983.699999999988
9054.999999999993
8348.299999999981
8348.299999999985
8575.599999999993
8473.59999999999
8435.099999999977
9283.599999999997
9633.699999999986
9177.999999999989
9280.299999999994
8821.29999999999
9132.299999999985
9456.89999999999
9470.699999999983
8765.899999999989
7821.799999999995
9073.699999999988
9511.799999999997
7799.4
8575.799999999997
9176.19999999999
8522.799999999994
9842.099999999993
8052.500000000004
6551.699999999999
8986.199999999993
8051.399999999992
8484.800000000003
9216.199999999997
8149.09999999999
7871.49999999999
9805.999999999993
8811.199999999992
8518.699999999992
8594.299999999987
7603.199999999989
7810.099999999996
8474.599999999986
9171.9
9242.399999999996
9626.499999999989
8938.799999999994
9025.999999999989
9333.79999999999
7420.5999999999985
8116.4999999999845
7181.9000000000015
8052.4999999999945
8564.29999999999
8824.199999999992
8562.600000000002
8700.199999999986
8133.3999999999805
9013.899999999998
8889.099999999988
8110.699999999994
9584.999999999995
8241.900000000001
9172.299999999985
7938.2999999999965
8933.299999999992
8793.299999999997
9453.799999999997
8377.699999999992
8475.8
8617.599999999997
9659.199999999992
9170.999999999995
6691.399999999996
9129.2
8742.79999999998
8671.399999999992
9299.899999999985
7747.2999999999965
8078.599999999986
7891.09999999999
9009.09999999999
8884.400000000005
9161.799999999981
8267.699999999988
8124.799999999991
9054.999999999984
8114.999999999985
9193.699999999993
8647.899999999981
9360.799999999987
6798.199999999989
9217.999999999996
8404.59999999999
8229.899999999987
7149.699999999995
8675.599999999991
7559.199999999987
8509.199999999979
8598.499999999993
7907.599999999988
7898.099999999996
9340.699999999988
8279.89999999999
8149.399999999989
8253.399999999981
8201.099999999993
7334.5999999999885
6082.799999999998
8447.99999999999
8023.799999999988
8706.699999999979
8213.199999999999
8041.79999999999
8495.399999999996
8455.000000000002
8836.299999999987
8704.39999999998
9128.699999999977
8205.499999999993
8248.499999999995
8491.49999999998
9269.699999999983
8973.199999999986
7898.799999999988
8553.499999999998
8834.299999999994
9103.499999999985
9507.299999999985
8545.69999999999
9349.099999999991
9116.799999999987
7937.299999999995
8906.099999999982
8607.39999999999
8619.899999999989
9319.099999999986
9551.099999999988
9686.4
8907.399999999983
8898.199999999984
8792.099999999986
8352.299999999981
8514.999999999982
8352.599999999984
8391.999999999987
8808.099999999982
8431.299999999987
8813.899999999987
8585.899999999983
8545.899999999976
9073.399999999996
9498.49999999999
8098.9999999999845
9463.599999999988
9368.999999999984
8577.499999999967
8234.199999999973
8072.4999999999845
6882.599999999993
8273.199999999977
8937.299999999983
8910.599999999971
9344.799999999985
8454.899999999996
8957.19999999999
9496.099999999986
9837.599999999993
8475.999999999993
7054.899999999975
8295.699999999979
8450.299999999981
8855.099999999982
6572.199999999989
8635.499999999975
8463.19999999997
8157.899999999978
9429.999999999985
7322.099999999976
7945.099999999973
9573.899999999985
8353.599999999979
8065.399999999978
8032.599999999977
8977.699999999979
8230.499999999975
9126.499999999973
8275.899999999983
9128.799999999985
8645.199999999983
8732.899999999978
8788.999999999982
8869.099999999977
9498.599999999984
9242.1
7594.899999999981
7539.899999999982
8816.89999999998
9116.199999999984
8748.699999999979
8758.39999999998
8930.699999999995
9608.39999999997
8505.499999999976
9674.799999999994
8874.699999999975
8868.599999999975
8921.999999999976
8683.29999999999
9069.599999999977
7888.199999999982
9189.499999999978
8908.199999999977
9610.199999999992
8818.39999999999
9479.799999999996
8519.79999999999
8894.399999999983
9538.199999999997
7697.799999999985
7944.799999999983
9299.599999999982
9477.199999999992
8325.599999999986
8875.299999999987
8607.199999999988
8331.899999999994
9016.899999999996
9078.999999999978
8513.19999999998
9094.099999999982
9060.999999999989
8581.699999999984
8390.899999999998
8334.39999999999
9425.799999999994
9374.399999999987
7456.699999999992
9741.400000000001
9067.799999999994
9675.999999999995
8938.799999999987
7540.899999999987
8737.89999999999
8781.099999999986
8115.399999999993
9440.999999999989
9302.29999999999
8873.299999999983
8670.899999999985
8822.399999999992
8427.29999999999
8632.69999999998
8543.099999999982
8746.299999999981
5861.999999999992
8488.999999999998
9428.299999999996
6952.899999999997
7324.899999999998
8473.199999999984
7603.699999999991
7750.799999999986
8547.599999999988
9427.59999999999
9369.89999999999
6949.599999999993
7579.899999999986
8955.699999999986
7807.69999999999
8303.299999999985
9902.399999999992
7991.899999999993
7847.499999999989
8850.399999999981
8517.599999999991
8529.39999999999
8637.599999999982
7521.499999999985
7815.699999999991
8693.899999999998
8510.99999999999
8096.799999999988
9119.599999999979
8284.899999999985
8035.599999999984
8642.499999999989
8110.899999999988
7294.200000000004
8081.300000000006
8394.499999999984
8261.900000000003
7213.6
9429.499999999993
8957.79999999999
7848.199999999994
7631.999999999985
9094.899999999998
8060.2999999999865
7348.800000000002
8480.199999999983
9019.399999999998
8515.700000000004
6869.999999999994
7655.899999999999
6453.3999999999805
8083.899999999996
8106.599999999994
7950.0999999999985
7627.0999999999885
8374.399999999996
8563.599999999973
7495.199999999996
8721.599999999986
8637.299999999985
8941.599999999995
8118.899999999991
7193.4
9430.699999999988
8413.299999999992
8870.499999999989
9403.19999999999
9402.999999999984
8768.799999999983
9257.59999999999
9125.899999999981
9510.599999999986
9903.799999999976
8602.799999999976
7828.7999999999965
8081.799999999998
8307.899999999983
8176.6999999999825
7918.399999999989
9220.799999999983
9302.299999999992
9535.799999999988
8490.999999999985
8957.299999999985
8929.399999999987
9704.399999999985
8111.999999999992
9087.0
8993.099999999982
8655.79999999999
8149.199999999997
7527.599999999992
7951.699999999988
9328.099999999993
8745.099999999997
8578.099999999988
9473.099999999995
8411.700000000006
8040.600000000003
8827.399999999983
8238.299999999996
8521.500000000002
9069.099999999986
8341.299999999992
8584.999999999993
8203.200000000008
7614.19999999999
7878.599999999993
8307.099999999986
7868.599999999996
9628.79999999999
8736.799999999987
8236.999999999987
8208.700000000008
8242.599999999993
8806.599999999991
8941.000000000002
9508.299999999987
7440.299999999984
8890.199999999984
9451.800000000007
7463.7999999999865
7711.299999999996
7934.799999999995
8486.199999999988
9555.199999999983
9518.199999999993
8401.800000000003
8134.4000000000015
7999.899999999992
9564.899999999989
9357.299999999994
9204.599999999991
9176.399999999992
9138.299999999983
9063.599999999995
8586.699999999992
8756.8
9090.399999999998
9360.499999999995
8774.899999999992
8488.999999999984
8803.099999999997
9413.19999999998
8680.899999999989
8904.999999999978
9562.399999999996
9606.099999999982
9069.299999999985
9615.999999999998
8657.399999999992
9055.799999999992
7984.199999999972
8326.299999999996
9496.699999999988
9516.499999999982
8563.699999999993
8814.099999999979
8944.39999999999
8373.29999999999
9696.599999999988
9168.499999999995
7805.499999999989
8510.499999999982
9197.699999999992
6557.499999999987
9614.099999999995
9600.39999999999
7647.599999999983
7271.39999999999
8544.299999999981
8090.799999999991
8354.099999999986
9091.099999999986
7911.699999999992
8533.399999999985
8064.399999999986
9478.89999999998
7759.4999999999845
9470.499999999993
8355.599999999982
8186.500000000005
8661.499999999989
9794.399999999985
8038.7
7778.8999999999905
7365.599999999994
7871.199999999991
9743.599999999991
9609.399999999989
7304.299999999994
9729.899999999987
8503.899999999992
7345.499999999993
8220.099999999993
10169.699999999986
9766.100000000004
8495.09999999999
8798.499999999989
8303.19999999999
6915.1999999999925
8832.59999999999
8578.599999999982
8743.199999999988
8599.39999999999
8232.199999999997
8796.199999999986
8776.499999999976
8301.79999999999
9439.799999999981
8873.799999999988
8662.699999999988
8938.999999999989
9137.69999999999
8975.999999999975
7934.699999999985
8506.09999999999
8458.599999999986
8653.299999999983
8242.59999999999
8540.399999999981
8899.19999999999
9285.099999999993
9448.5
8238.199999999992
8638.99999999998
8178.599999999993
7834.599999999984
9303.399999999992
8080.399999999988
8543.699999999983
8352.499999999998
8999.79999999998
9603.499999999987
9173.799999999996
8574.599999999991
8061.599999999993
7717.499999999998
8435.800000000008
7700.699999999998
7115.799999999998
7379.5
7562.099999999992
7959.499999999984
8319.19999999999
8578.399999999985
9377.199999999992
8175.699999999987
9078.299999999981
8916.6
7982.799999999991
8449.699999999988
8693.19999999998
8559.199999999999
8300.699999999988
8616.399999999985
9379.499999999984
9242.499999999996
8097.4999999999945
8578.79999999999
9689.999999999995
7597.799999999997
8551.799999999976
9651.099999999995
8335.999999999996
8522.599999999999
9832.999999999987
9316.29999999999
8949.0
9281.199999999979
9605.999999999982
8640.499999999987
8029.499999999994
7716.699999999995
8832.399999999987
7906.699999999988
7375.6
8448.799999999988
8320.500000000005
9093.199999999988
8550.89999999999
8783.499999999984
6912.499999999999
8987.099999999995
8675.399999999992
9842.599999999988
8155.69999999999
9090.99999999999
8539.499999999989
9834.599999999993
8657.299999999994
7741.299999999987
7675.999999999999
7776.299999999987
8016.999999999993
8119.4999999999945
8980.599999999995
8151.399999999999
8637.799999999985
9828.199999999992
7044.199999999982
8820.899999999983
7610.399999999992
8293.299999999987
8551.599999999982
9071.5
9099.999999999993
9546.499999999993
9268.799999999992
7934.699999999996
9393.699999999988
9689.299999999996
9113.499999999976
9263.299999999988
8373.299999999985
9024.799999999996
9224.799999999994
8855.799999999997
8571.199999999988
7165.199999999992
9162.199999999995
8655.9
8523.099999999988
8545.199999999992
8601.699999999999
9099.399999999983
8383.599999999999
8482.29999999999
7875.199999999997
8993.39999999998
9137.799999999994
9252.69999999998
8896.499999999996
9839.199999999992
9803.399999999994
9203.699999999995
7980.099999999992
7860.699999999997
8601.79999999998
9292.299999999994
9620.899999999987
8449.099999999991
6781.599999999992
8062.399999999998
7093.799999999998
8988.500000000007
9764.4
7756.999999999986
8097.599999999998
8350.79999999999
7136.999999999994
7210.700000000005
8599.199999999993
6394.599999999996
9376.699999999992
8117.899999999994
8920.399999999992
8443.70000000001
9804.999999999993
7681.900000000009
6714.899999999998
7396.4999999999945
9722.999999999995
9517.200000000003
7159.599999999996
7744.99999999999
9523.199999999992
9732.199999999992
8340.499999999996
8331.999999999985
8262.200000000008
8174.00000000001
8308.400000000003
7568.800000000006
8922.3
7788.599999999992
9231.599999999988
9049.599999999988
8706.799999999988
9453.999999999989
8479.699999999979
9722.599999999988
8689.300000000003
9497.599999999997
9661.999999999995
9489.999999999984
8915.399999999992
8901.199999999986
9725.199999999995
9624.599999999991
8896.099999999986
9252.49999999999
9077.599999999982
9618.399999999992
9298.599999999993
8738.599999999984
8352.49999999998
9157.199999999983
8680.999999999989
9037.599999999993
8398.499999999996
9024.49999999999
9236.49999999999
9380.399999999996
8621.399999999989
8874.89999999999
8433.499999999987
9364.299999999985
9334.79999999999
9441.999999999998
9235.299999999996
8892.89999999999
8768.499999999982
9105.099999999986
9200.199999999997
8990.599999999991
9121.399999999981
9378.89999999999
8864.8
7665.699999999997
8860.999999999995
8423.399999999992
8858.999999999989
6991.299999999988
8226.199999999986
8762.199999999997
8827.999999999989
8355.300000000014
7279.100000000007
8201.800000000003
8273.300000000005
9275.900000000003
8336.5
9376.999999999998
8584.600000000002
8100.599999999983
7514.499999999987
8380.79999999999
9228.699999999992
8375.199999999997
7897.799999999989
9544.199999999993
9125.99999999999
8796.29999999999
8593.099999999984
9329.899999999994
9952.399999999998
9017.399999999987
9916.49999999999
9663.499999999998
9091.899999999983
8307.89999999999
9423.899999999994
8621.599999999986
7214.8999999999805
8398.599999999993
9539.499999999989
9657.699999999979
9035.999999999984
8705.999999999976
8618.49999999999
8666.89999999999
9772.39999999999
9563.099999999993
8767.69999999998
8273.69999999999
9430.3
9491.499999999987
8782.199999999997
8842.999999999985
9912.599999999993
8609.799999999983
9179.199999999992
8269.499999999998
7949.5999999999885
9345.399999999992
8400.099999999988
8833.799999999985
8250.799999999994
8011.899999999997
8470.399999999981
7656.199999999999
8836.399999999992
7758.299999999987
7983.399999999987
7845.599999999986
7894.199999999992
8080.2999999999965
8700.799999999992
9591.799999999992
7733.49999999999
8427.599999999988
8099.899999999999
9439.300000000001
7726.599999999996
8342.800000000001
8290.999999999998
7387.899999999996
8429.49999999999
7887.899999999992
7743.299999999992
7495.099999999994
9403.39999999999
9289.799999999992
8484.699999999983
8699.099999999999
9614.099999999991
8708.500000000002
9353.799999999997
8531.899999999992
9733.399999999989
9462.699999999997
9668.599999999999
8840.000000000011
8283.799999999994
8893.299999999992
9241.799999999994
9543.2
8059.100000000006
8392.299999999988
8303.599999999993
8646.099999999995
9478.899999999998
8058.900000000004
9036.799999999997
9609.99999999999
9490.199999999992
8551.999999999996
9411.499999999993
8030.799999999986
9678.799999999996
8456.600000000006
7363.899999999995
9564.899999999981
9176.499999999985
9528.09999999999
7812.400000000001
7247.099999999993
9458.699999999992
9386.09999999999
7275.399999999993
6993.29999999999
7535.29999999999
8471.199999999999
8476.599999999988
8480.39999999998
6968.699999999993
9798.399999999989
8342.399999999987
8957.399999999992
8812.699999999988
7528.799999999999
8571.899999999981
7837.099999999997
8744.599999999975
9324.699999999973
8232.499999999978
9663.799999999976
8340.399999999978
8284.799999999983
8724.599999999988
9066.399999999985
9416.199999999975
9395.099999999973
9065.899999999978
8920.699999999975
9221.199999999977
9642.499999999989
9092.29999999998
9487.399999999981
8652.19999999997
9158.899999999976
9591.79999999998
8969.399999999974
8259.499999999984
9501.999999999975
9185.199999999973
9478.799999999972
8290.49999999997
8976.699999999979
9197.399999999974
9385.79999999997
9152.099999999977
9163.29999999998
9670.299999999977
9011.39999999997
9470.299999999985
7480.599999999981
9384.599999999977
10000.39999999999
8525.999999999987
9358.899999999983
9168.39999999998
8617.299999999977
9337.799999999985
8742.49999999998
8728.899999999985
9221.099999999971
9076.799999999974
9098.599999999979
8236.699999999983
9071.999999999984
9249.299999999983
8851.499999999982
9211.899999999978
8431.699999999973
9603.099999999979
9027.899999999985
9115.599999999982
8788.499999999976
9582.199999999988
9520.099999999977
9923.999999999993
9399.599999999971
9281.499999999982
9143.89999999999
9981.199999999993
8882.399999999989
9113.39999999999
9192.599999999988
8041.7999999999765
8729.899999999989
9593.69999999998
9039.599999999984
9035.099999999988
8858.999999999993
8972.799999999988
8935.499999999989
8473.199999999984
9423.399999999983
9639.799999999981
9124.699999999977
9405.699999999988
9974.39999999999
9643.29999999999
9692.99999999999
9037.399999999985
8033.5999999999885
9719.599999999979
8906.19999999998
8958.999999999978
9012.099999999982
9299.399999999983
8487.39999999998
8660.699999999986
9027.499999999985
7340.1999999999825
8668.099999999979
8701.499999999978
7064.399999999981
7298.199999999992
8951.59999999999
7348.099999999988
7898.099999999986
7489.699999999983
7131.69999999999
8323.099999999991
8177.199999999988
9956.799999999987
8891.099999999979
8562.19999999998
8466.599999999991
8662.699999999983
9047.099999999975
8779.999999999995
8362.599999999988
8974.999999999987
9732.999999999989
8224.299999999992
9073.599999999988
9060.399999999974
8570.799999999985
9257.499999999989
8663.099999999986
7450.199999999991
8993.999999999987
8362.999999999998
8780.099999999975
8966.499999999995
9033.499999999985
8173.899999999983
9678.099999999988
9699.499999999985
9893.799999999987
7888.499999999988
6551.099999999987
8183.999999999996
7526.999999999999
7680.2999999999965
9273.899999999983
8429.699999999983
9103.09999999999
9005.999999999978
7725.499999999989
9115.800000000005
7544.399999999996
9471.999999999985
7911.6999999999825
9814.299999999976
9665.799999999983
8467.799999999985
8593.599999999975
8259.099999999977
8912.899999999992
9003.799999999977
8536.399999999976
9950.399999999989
9537.899999999978
9401.699999999983
9262.599999999979
9835.399999999987
9364.499999999982
9280.79999999997
9352.59999999999
7993.199999999988
9575.999999999978
9953.999999999989
9202.999999999982
9456.799999999977
9429.499999999982
9234.499999999978
9407.499999999978
9503.399999999976
8575.999999999984
7888.499999999993
9011.799999999977
9680.399999999989
9299.899999999994
9000.699999999986
9777.499999999987
9456.199999999984
9080.299999999983
9390.399999999996
9656.799999999987
9217.999999999975
9799.099999999984
8372.999999999984
9257.399999999992
9136.599999999982
9901.59999999999
8711.099999999982
9842.599999999986
8140.0999999999885
9775.699999999988
9150.599999999984
9155.499999999975
9693.499999999984
8583.09999999998
8416.299999999981
8977.099999999975
8111.699999999993
9387.899999999987
7555.599999999991
9270.499999999975
9456.599999999997
9214.299999999976
9517.499999999987
8322.999999999978
9831.099999999986
8566.399999999978
8757.399999999974
9532.499999999978
8763.49999999998
9930.599999999991
9251.699999999977
9177.09999999997
9212.199999999975
9251.999999999978
9323.79999999998
9392.999999999975
9903.599999999984
9508.199999999979
9405.699999999977
9005.999999999967
9384.499999999989
8941.999999999969
9308.299999999967
9289.699999999977
9019.299999999983
9376.699999999975
9266.799999999972
9896.999999999987
9414.399999999978
8844.199999999964
9219.599999999971
8951.199999999972
9022.599999999979
9735.899999999987
8678.39999999999
9634.299999999981
7894.599999999994
8948.89999999999
8140.999999999991
8408.799999999977
9442.199999999993
9275.499999999975
8756.599999999973
8119.1999999999825
8308.499999999989
8735.199999999968
7796.29999999998
8805.599999999979
8135.299999999985
9414.699999999972
8985.19999999997
8953.399999999976
9313.399999999974
9502.399999999981
9109.999999999987
8838.79999999998
9654.59999999998
8935.29999999997
8884.899999999974
10003.599999999991
8354.199999999977
8933.799999999981
9235.299999999977
9932.799999999988
9188.599999999979
9274.599999999982
9281.299999999972
9392.599999999979
9941.399999999983
9088.999999999976
8537.499999999987
8716.999999999987
9118.099999999975
9230.299999999977
9851.599999999968
9093.999999999975
9827.99999999998
9382.599999999975
9074.499999999976
9631.999999999975
9389.99999999997
8862.399999999985
8828.99999999998
8557.099999999988
9353.399999999983
9458.499999999976
9398.199999999977
8945.399999999994
9366.099999999977
9379.599999999975
9282.59999999998
9074.599999999975
9230.599999999973
9157.299999999981
9351.799999999976
9405.199999999977
9115.399999999978
9468.099999999979
9307.299999999987
9354.09999999998
9556.199999999975
9472.89999999998
9228.699999999972
9344.199999999973
9488.799999999981
9204.599999999979
9392.799999999974
9540.199999999979
9004.399999999972
9725.899999999978
9512.699999999977
9712.79999999998
9665.399999999989
9282.699999999975
9207.19999999998
9902.399999999981
9257.199999999973
9785.599999999982
9732.299999999992
8919.79999999999
9368.199999999983
9094.79999999999
9580.39999999998
9628.799999999987
8730.399999999992
9725.599999999984
9632.099999999977
8770.399999999978
9520.599999999984
8878.599999999984
8863.39999999998
8443.099999999982
9344.399999999989
8351.199999999999
9955.99999999999
9822.19999999999
8382.999999999989
9375.699999999993
8627.799999999987
9750.399999999989
8736.899999999989
8719.29999999999
8557.999999999989
7424.899999999992
9078.799999999996
8229.599999999984
8432.699999999988
8672.099999999988
7838.599999999989
7935.599999999991
9202.099999999984
9637.89999999998
9589.199999999979
9658.899999999974
9157.599999999995
8299.399999999978
9924.999999999985
8235.899999999987
9758.99999999998
9758.299999999983
8222.19999999998
9118.799999999994
9972.79999999999
9863.599999999995
8895.399999999985
9230.100000000004
9906.99999999999
9071.999999999982
8770.599999999988
8377.69999999998
9731.89999999999
9495.599999999986
8730.699999999979
9828.399999999985
7797.099999999991
8295.599999999991
9614.799999999983
8472.999999999982
8628.199999999983
8927.799999999987
8881.999999999984
9802.999999999984
8704.899999999994
9242.299999999981
9841.79999999999
9839.199999999983
8805.199999999986
8803.499999999985
9768.699999999988
9849.199999999992
9563.399999999985
9315.799999999988
9440.399999999985
9171.699999999995
8896.799999999983
9766.799999999985
8824.799999999981
9723.199999999988
8540.399999999987
9426.89999999998
9642.699999999986
9082.700000000003
9908.799999999988
9871.399999999987
8710.699999999995
8974.499999999985
8317.999999999989
9869.199999999988
9590.199999999992
9698.59999999999
8401.6
10137.399999999987
9985.99999999999
8870.69999999999
9780.799999999996
9070.299999999992
9670.899999999989
9269.599999999986
8978.7
8314.999999999993
8971.199999999984
9755.599999999995
9870.599999999984
9589.69999999998
8221.399999999976
9890.799999999996
9804.899999999983
8610.79999999999
8361.999999999993
8453.59999999999
8554.699999999979
8273.699999999979
8504.599999999984
8525.000000000007
8670.99999999998
9944.59999999999
7600.699999999994
8627.699999999999
8154.9999999999945
8979.399999999983
7800.699999999994
8631.699999999988
7755.499999999994
8662.49999999999
8976.199999999992
9884.599999999991
7631.499999999982
8717.899999999987
8161.299999999987
9079.099999999986
8940.999999999989
8778.099999999984
9247.999999999984
9055.499999999975
8798.399999999998
8757.899999999994
8850.599999999988
8943.699999999983
9250.799999999987
9937.199999999986
8799.199999999983
9094.199999999986
9273.099999999988
9646.19999999998
9618.299999999988
8873.39999999998
9414.999999999984
9843.599999999984
9442.999999999993
9315.999999999985
8150.099999999996
9288.699999999984
9263.59999999999
9015.299999999988
9356.499999999984
9192.799999999987
9455.599999999984
9420.699999999992
9494.69999999998
9478.299999999983
8986.799999999985
9253.39999999998
9218.799999999977
8782.29999999999
9625.599999999975
9796.399999999981
9051.999999999982
9119.199999999992
9241.899999999996
9171.199999999983
8756.49999999999
8976.799999999985
9464.199999999983
9512.399999999989
9447.099999999986
9276.59999999998
9096.39999999999
9009.09999999999
8741.099999999991
8892.799999999983
9109.399999999994
8703.799999999983
9327.99999999998
9346.899999999987
9429.999999999989
9018.1
9542.399999999987
9296.699999999979
9125.599999999991
9347.399999999978
7680.999999999986
8402.699999999984
9883.39999999999
8496.199999999997
8895.899999999992
9482.199999999986
9161.999999999996
9353.799999999992
9365.0
8025.799999999995
7888.199999999991
8976.2
9827.399999999987
9028.199999999993
9195.899999999992
9641.599999999988
9338.199999999983
9230.799999999988
9211.899999999996
9726.399999999983
9276.699999999984
9498.199999999984
9290.199999999993
8906.999999999993
9969.599999999988
9527.399999999978
9063.399999999987
8890.699999999992
9146.999999999984
8328.899999999976
9423.79999999998
9043.899999999978
9932.599999999986
8788.299999999987
9139.099999999984
8993.499999999976
9227.399999999987
9445.799999999977
8823.69999999998
9516.699999999979
8504.899999999981
8559.799999999977
8921.699999999975
8372.399999999976
8422.899999999978
8934.599999999977
9831.99999999998
9612.199999999983
8695.699999999977
9320.89999999997
8780.399999999972
9098.699999999977
9722.29999999998
9877.399999999985
9013.799999999977
9275.399999999978
9111.49999999997
9897.099999999984
9700.39999999998
8871.099999999979
9264.099999999982
9399.599999999975
9484.599999999975
8852.899999999978
9618.299999999985
8757.69999999998
9463.199999999979
9398.499999999985
8922.099999999982
9365.199999999975
9027.39999999997
8837.89999999997
9374.499999999976
8585.199999999983
9170.299999999968
9925.199999999986
8597.299999999992
9307.599999999982
9286.699999999979
9324.099999999975
8956.999999999982
8803.299999999985
9415.49999999998
9541.099999999982
8263.19999999998
9271.799999999976
9428.899999999976
8911.999999999973
8457.199999999975
9530.399999999974
9049.899999999976
9005.199999999975
9772.099999999986
9204.199999999975
9506.59999999998
9053.499999999975
9221.29999999997
9130.499999999969
9774.199999999983
9426.999999999975
9165.999999999976
8830.299999999974
9513.199999999979
9342.299999999977
9378.79999999997
9690.099999999982
9465.299999999965
9318.099999999975
9485.099999999979
9426.599999999973
9212.299999999981
9353.999999999978
9227.199999999972
8757.899999999972
9681.699999999972
9256.099999999979
8223.49999999998
9230.599999999982
9726.49999999998
9510.799999999976
9615.099999999977
9406.49999999998
8709.69999999998
9185.799999999987
9259.299999999976
9765.399999999978
9231.99999999998
9363.099999999984
8503.4
9779.99999999998
8285.99999999998
9079.999999999982
9818.599999999984
9325.199999999986
9782.799999999992
9750.499999999984
8983.399999999989
9821.399999999981
8826.799999999994
9045.899999999983
9452.399999999981
9775.99999999998
9855.19999999998
9726.199999999983
7803.39999999998
8414.09999999998
8689.199999999966
8913.699999999973
9269.799999999977
9987.19999999999
9238.199999999984
9403.599999999984
9109.299999999992
9673.799999999976
9091.199999999983
8405.499999999984
8931.299999999972
8982.899999999998
9170.299999999987
8338.299999999997
8989.699999999997
8991.799999999983
9590.199999999984
8040.699999999994
8396.499999999984
8809.599999999979
9543.799999999977
8889.49999999998
7520.69999999999
8624.59999999998
9698.799999999988
9602.899999999983
8497.799999999981
8926.199999999986
9966.699999999992
8794.399999999987
9255.799999999985
9016.799999999976
8118.799999999995
9721.199999999984
8300.999999999985
9157.499999999984
9229.899999999983
9096.69999999998
9055.899999999992
9087.599999999975
9441.399999999985
9352.499999999982
9122.39999999998
9042.899999999989
9704.399999999974
9360.199999999988
8968.799999999974
9747.199999999979
9521.199999999979
8453.999999999973
9199.999999999976
9563.799999999977
9673.699999999983
9672.999999999985
9379.799999999981
9561.89999999997
9484.39999999998
9507.29999999997
9309.199999999986
9703.599999999979
9766.699999999983
9881.099999999984
9511.399999999983
9113.19999999998
9799.799999999981
9464.799999999974
9649.999999999978
9357.999999999978
9418.199999999992
9765.399999999983
9625.799999999981
9456.29999999998
9416.499999999976
9865.999999999982
9462.799999999976
9713.999999999982
9366.399999999985
9621.59999999999
9579.799999999977
9582.799999999977
8301.299999999983
9766.299999999985
9362.199999999979
9156.199999999983
9351.199999999986
9832.09999999998
9574.199999999975
9612.499999999984
9547.999999999982
9740.899999999978
9628.199999999986
9752.499999999975
9701.099999999991
9413.899999999983
9521.899999999981
9940.39999999999
9948.799999999988
9146.599999999993
9466.399999999976
9017.999999999984
9761.89999999999
9399.799999999981
9808.999999999985
9160.29999999999
8847.199999999984
9907.799999999987
9101.199999999984
9190.799999999981
9183.599999999984
8931.69999999998
9305.399999999981
9665.399999999987
9435.199999999983
9589.69999999998
9892.299999999983
9650.999999999982
9950.999999999989
9023.999999999984
9379.599999999977
8578.49999999998
9806.399999999989
8957.199999999984
8891.999999999984
9109.79999999998
8296.799999999981
9517.19999999998
8761.39999999999
8077.799999999988
9810.999999999978
9903.799999999987
9047.599999999986
9859.099999999993
8435.799999999977
9063.99999999998
8377.599999999982
8408.799999999992
9839.199999999984
8926.799999999981
8647.499999999993
8870.19999999998
8517.399999999987
8675.299999999977
8486.39999999999
9103.79999999999
8656.599999999991
9890.999999999989
9622.39999999998
8704.699999999977
9438.299999999987
8427.499999999985
8935.399999999974
8354.799999999997
9433.099999999986
10009.399999999994
8572.199999999986
8721.499999999982
9906.399999999985
9806.999999999987
7995.999999999993
9801.59999999999
9358.499999999982
9239.299999999987
9055.099999999993
8178.799999999994
8014.599999999992
7795.399999999991
9733.199999999995
8789.39999999999
8291.799999999988
9688.199999999988
9770.799999999988
9032.499999999975
8110.099999999991
9472.199999999997
8956.499999999976
9205.999999999987
7567.999999999997
7584.399999999992
9237.399999999987
9830.599999999993
6952.59999999999
8393.999999999989
8090.999999999985
7522.700000000006
7749.99999999999
8511.499999999996
9550.699999999986
7681.4999999999945
8479.199999999997
9477.19999999999
6213.699999999982
9196.99999999998
8561.199999999986
6645.899999999995
8559.49999999998
9466.29999999999
9601.79999999998
9349.799999999983
8631.699999999983
9092.999999999982
9806.199999999995
8772.299999999981
9075.199999999983
9977.999999999989
9031.599999999982
9455.799999999976
9866.599999999986
9779.199999999986
9644.399999999983
9405.999999999987
9095.199999999983
9245.899999999987
9562.199999999995
9107.599999999984
9730.79999999998
9437.599999999973
9551.99999999997
9544.39999999997
8682.399999999981
9433.299999999983
9315.399999999981
9235.799999999974
9745.999999999976
9299.199999999977
9796.199999999979
9892.399999999987
9396.19999999998
9670.899999999981
9893.399999999985
9899.999999999985
8858.899999999983
8674.699999999977
9121.699999999984
9861.199999999986
8546.799999999988
9027.699999999984
9251.799999999976
9641.49999999998
9009.099999999982
9246.199999999972
8304.699999999973
9454.59999999997
9190.699999999975
9218.499999999984
9491.799999999968
9344.799999999987
9344.199999999977
9028.399999999974
9412.599999999977
9440.199999999979
9174.29999999997
9562.999999999969
9437.199999999973
9950.99999999999
9847.799999999985
9781.799999999983
9275.599999999971
9814.59999999998
9196.499999999982
9763.199999999979
9126.499999999975
9972.999999999985
10145.799999999983
8821.099999999986
9604.999999999984
9220.399999999974
9746.69999999998
8866.799999999976
9230.69999999998
9061.799999999977
9778.79999999998
9791.199999999984
9510.999999999984
9682.999999999982
9771.799999999985
8340.499999999987
8809.999999999985
9070.09999999999
9140.799999999972
9181.599999999977
9086.79999999997
9660.999999999985
8976.599999999982
8868.999999999976
8631.599999999979
9962.899999999976
9139.599999999977
9622.899999999983
9797.299999999987
9133.399999999972
8967.399999999981
9750.999999999976
8761.199999999995
9582.399999999981
9173.199999999983
8991.399999999981
9487.199999999977
9732.999999999976
9913.499999999985
8630.299999999972
8552.199999999979
9646.999999999978
9900.799999999988
9699.999999999975
9618.29999999998
9846.699999999983
9909.999999999985
9752.19999999998
9502.999999999987
9220.599999999986
9226.39999999998
9024.799999999985
10118.399999999987
9719.99999999998
8836.999999999987
9686.999999999987
9586.199999999986
9313.199999999977
9282.099999999984
8752.89999999998
9095.699999999979
9795.199999999983
9220.699999999977
9791.199999999983
8282.399999999972
9053.899999999976
9286.299999999977
8663.499999999985
9009.199999999975
9847.999999999987
8676.499999999987
9857.799999999985
8245.199999999992
8582.899999999994
8419.299999999974
9688.299999999977
9809.599999999984
9822.199999999988
9125.599999999988
9114.299999999983
8104.1999999999825
9289.599999999986
8949.799999999994
8162.299999999987
7387.19999999999
9202.199999999975
8943.099999999973
9223.399999999972
8785.799999999985
9101.699999999988
9063.899999999985
7676.9999999999745
9558.499999999982
8877.599999999977
8588.999999999989
7720.4999999999845
9785.999999999985
8025.499999999976
8445.799999999985
8920.799999999977
9918.599999999991
8256.39999999999
9348.799999999988
8594.199999999977
8254.399999999978
9441.49999999997
9290.599999999979
8657.399999999972
9315.999999999982
9449.099999999979
8838.399999999974
8836.099999999984
9717.29999999997
9249.399999999978
9676.799999999976
9471.599999999979
9038.999999999985
9425.999999999985
9996.19999999999
9011.999999999969
8898.39999999999
8714.09999999998
8878.999999999975
9155.999999999984
8730.599999999975
8284.799999999985
8471.49999999998
9026.199999999983
8543.699999999992
8309.399999999981
9259.59999999998
9266.799999999988
8816.09999999998
9036.699999999986
9051.099999999979
9144.399999999983
9252.399999999985
9067.199999999986
9362.599999999986
8538.499999999982
8399.399999999978
9114.599999999973
9171.099999999982
9639.799999999974
9568.999999999976
9831.79999999998
9903.999999999982
9572.699999999979
9134.69999999998
9387.799999999985
9103.19999999998
9620.599999999977
10084.499999999985
9648.99999999998
9317.69999999999
9830.399999999983
9590.499999999976
8695.099999999979
9590.89999999997
9867.599999999991
9706.299999999981
9228.799999999977
9321.29999999998
9919.199999999986
9696.49999999998
9652.999999999982
8673.499999999982
8649.299999999985
9766.199999999979
9830.399999999983
8336.899999999978
9377.599999999984
9091.299999999983
9667.19999999998
8700.999999999978
9089.399999999983
9118.199999999984
10092.899999999987
7536.49999999998
8322.19999999998
8826.69999999998
9189.299999999987
8824.799999999981
9800.799999999985
8529.79999999998
9644.399999999974
9090.799999999977
9482.199999999973
8947.599999999982
9048.299999999981
9623.199999999977
8579.69999999998
9952.399999999989
9803.999999999978
9128.899999999981
9753.19999999999
8342.699999999984
9936.79999999999
8286.399999999981
8416.59999999998
8430.69999999998
9699.099999999979
9495.299999999985
9259.099999999991
9408.999999999984
9461.599999999988
9523.199999999988
8997.999999999982
9481.599999999986
8210.19999999998
9806.599999999982
8941.299999999987
8957.39999999998
9478.999999999985
9072.199999999983
9817.59999999998
8575.599999999986
8366.9
9859.799999999983
9448.099999999975
8614.799999999985
9063.499999999976
8743.799999999983
9369.599999999971
8757.599999999982
10169.299999999985
9747.59999999998
9554.699999999983
9733.399999999987
8832.199999999988
8564.899999999981
8912.799999999987
9360.799999999985
7924.899999999981
8853.199999999977
9068.29999999998
9772.999999999982
9160.699999999977
8947.799999999987
9205.799999999983
9382.499999999978
9073.799999999981
9636.99999999998
9840.19999999998
8545.299999999994
9290.599999999977
9982.399999999992
9817.999999999982
9538.599999999988
9371.49999999998
9839.999999999984
9891.799999999981
9220.699999999986
8965.79999999998
9765.799999999987
9486.399999999987
9736.09999999998
9237.999999999985
9414.499999999982
9407.199999999986
9146.999999999984
8889.199999999977
9479.299999999976
9219.399999999983
9008.39999999998
9909.999999999985
8789.299999999981
9080.399999999981
9871.399999999987
9897.399999999985
9189.39999999999
9334.899999999985
8584.599999999984
9178.599999999986
9741.199999999992
9345.599999999993
9207.999999999984
9095.799999999976
8853.199999999977
9764.199999999984
8689.799999999985
8539.599999999977
8969.299999999987
8910.199999999984
9856.599999999982
9150.299999999963
9339.199999999972
8522.09999999998
8934.3
9014.699999999984
9902.999999999987
9130.89999999997
9066.899999999981
9787.99999999998
8545.399999999983
10093.799999999987
9178.099999999977
9821.799999999983
9848.499999999982
9606.099999999982
9699.59999999998
9524.299999999985
9188.299999999976
8846.399999999983
9683.299999999987
8971.899999999978
9042.899999999978
9269.69999999998
9770.899999999985
9380.299999999983
9642.399999999976
9376.29999999998
9394.999999999989
9942.59999999999
9419.699999999977
9315.69999999998
8932.99999999998
7931.599999999989
9908.799999999985
9950.799999999996
8924.599999999982
9325.799999999988
9079.099999999982
9174.999999999976
8800.099999999979
8875.299999999985
9622.499999999985
9429.099999999979
9028.699999999984
9198.399999999981
8022.599999999986
8986.299999999988
9276.999999999984
9406.599999999984
9178.699999999986
9055.799999999994
9968.399999999992
9513.399999999974
10083.99999999999
9555.399999999992
9807.299999999985
9226.599999999988
9180.19999999998
9451.09999999997
9147.299999999983
9250.699999999984
9931.999999999985
9574.599999999984
9065.999999999989
9971.19999999999
9557.899999999976
9280.499999999987
9403.399999999989
9408.89999999998
9219.099999999988
8458.599999999993
9748.699999999988
9018.999999999976
8789.399999999989
9695.89999999999
8931.199999999979
9935.99999999999
9395.199999999993
8318.999999999989
9580.29999999998
9326.799999999985
9046.99999999999
9328.699999999993
9215.49999999998
9940.79999999999
8944.499999999989
9401.899999999994
8213.799999999988
8849.299999999996
8856.399999999998
9064.299999999994
9337.79999999998
7949.699999999993
8973.400000000003
8380.69999999998
8014.199999999992
9772.399999999987
8005.899999999988
8414.899999999987
9903.79999999999
9564.699999999986
9074.399999999989
9507.999999999978
9661.399999999996
8731.599999999986
9127.399999999996
9667.099999999988
8418.399999999989
9992.399999999992
9100.499999999982
9425.399999999994
8879.799999999985
9863.999999999987
9841.09999999999
9950.19999999999
8251.599999999977
8462.999999999987
8799.799999999996
8839.599999999995
9347.19999999998
9897.999999999985
9125.699999999983
9949.399999999992
8921.099999999991
9677.09999999998
9105.799999999987
9911.599999999991
9172.79999999998
8583.69999999998
9334.799999999983
9245.699999999986
8588.099999999982
9318.099999999984
9928.399999999987
9446.399999999985
8752.199999999986
8957.799999999987
8752.29999999999
9507.999999999982
9176.499999999978
9153.499999999995
9183.099999999984
9013.499999999985
8792.199999999988
9299.899999999985
9086.499999999984
8710.899999999989
9425.699999999983
9148.4
9275.199999999983
8944.999999999982
8881.099999999977
9376.199999999984
9757.999999999984
9165.499999999982
9335.899999999978
9466.49999999998
9913.599999999986
9136.099999999991
8419.29999999999
9635.199999999984
9773.399999999987
9749.59999999998
9619.799999999981
9317.999999999984
9207.39999999998
9400.59999999998
9493.09999999999
9116.199999999984
9218.299999999977
9505.39999999998
9292.399999999983
8927.299999999981
9665.299999999983
9242.099999999977
9581.799999999977
9678.399999999981
9231.699999999977
9892.39999999999
9475.29999999998
9806.299999999981
9537.199999999995
9661.799999999983
9975.19999999999
9530.599999999988
9273.499999999978
8815.899999999981
8894.599999999984
9453.799999999987
9242.299999999985
8491.199999999984
9862.599999999988
10033.19999999998
9530.199999999983
9232.299999999981
7732.199999999984
9438.29999999998
8460.199999999992
9683.599999999982
8895.499999999989
9388.799999999983
9529.199999999975
9243.899999999972
8757.899999999985
8987.999999999987
9312.69999999998
9451.299999999983
8943.199999999984
9343.199999999975
9535.199999999986
9195.299999999981
9504.99999999998
9045.199999999983
9585.599999999986
9640.199999999984
9348.899999999978
9297.199999999983
9305.599999999984
9202.09999999999
9145.899999999976
8876.099999999982
9084.499999999978
8627.499999999978
9211.29999999998
9607.799999999981
9689.199999999979
9139.99999999998
9690.599999999991
9014.299999999976
9542.999999999978
9717.09999999998
8654.899999999987
9661.999999999989
9492.199999999984
9751.599999999986
9493.499999999984
9191.299999999987
8205.499999999987
9393.999999999984
9155.499999999982
8833.699999999986
9832.09999999998
8829.399999999983
9160.79999999998
9771.599999999984
9072.099999999984
8914.299999999985
8214.599999999988
7959.599999999987
9091.499999999985
8471.79999999999
8519.899999999983
8790.299999999985
9962.79999999999
8317.899999999983
8050.799999999989
9709.39999999998
8589.499999999985
9200.499999999978
7598.099999999994
9188.499999999973
9351.499999999987
9720.399999999981
9266.699999999984
8711.29999999999
7964.199999999983
8732.399999999992
8486.699999999983
7838.099999999986
8948.699999999988
8510.999999999987
9849.399999999987
9500.199999999988
8513.899999999987
9538.599999999984
9889.199999999984
8788.999999999995
9701.79999999999
8872.699999999983
9536.799999999985
9869.799999999987
8108.399999999989
8313.69999999999
9029.599999999988
8950.999999999984
9561.799999999992
9390.399999999992
7715.5
8935.099999999988
9830.799999999988
8680.099999999988
9098.699999999988
8251.499999999998
9158.399999999998
9026.399999999987
8811.299999999994
9779.99999999999
8456.199999999997
8806.399999999998
9841.199999999993
9842.599999999988
9724.399999999989
9633.799999999987
9775.299999999985
8804.399999999987
8882.899999999987
9864.399999999985
9062.899999999992
9595.799999999983
9226.399999999985
9138.099999999986
8980.399999999978
9758.299999999985
9223.699999999992
9562.599999999984
9569.199999999988
9915.99999999999
9032.59999999999
8748.999999999989
9543.399999999992
8780.599999999979
9726.49999999999
8680.89999999999
8366.000000000005
8308.599999999993
9770.599999999995
8957.200000000003
9269.699999999997
8849.699999999975
9792.099999999986
9898.39999999999
7876.899999999992
8535.69999999999
7449.499999999996
9114.49999999999
7678.899999999997
8630.799999999983
7301.499999999994
9250.799999999976
8552.699999999986
9098.899999999985
8699.099999999995
8877.999999999982
8888.499999999993
9107.89999999998
8691.999999999982
9234.399999999983
9104.199999999986
9693.599999999984
9599.399999999981
9599.499999999989
9696.499999999987
9684.299999999976
8919.399999999981
8890.399999999985
9293.59999999998
9648.599999999982
9101.499999999985
9778.899999999983
9199.699999999986
9407.199999999988
9357.499999999984
9230.999999999993
9972.199999999995
9059.299999999988
9832.399999999983
8724.899999999981
8620.399999999992
8761.899999999985
9185.99999999999
9161.29999999998
9688.599999999984
9774.499999999989
8399.699999999988
9825.999999999985
9835.999999999982
8817.299999999988
9827.799999999988
9108.59999999998
9288.699999999986
9494.399999999987
8981.499999999987
9540.299999999996
10003.99999999999
9773.399999999994
8997.499999999984
9719.49999999999
9911.499999999985
9612.09999999999
9468.69999999998
9462.999999999989
9271.99999999998
9157.299999999983
9264.799999999985
8943.399999999992
8820.599999999995
8992.299999999992
9058.199999999992
8947.099999999997
8836.399999999987
7941.499999999986
9826.399999999992
9239.599999999988
9864.599999999991
8881.399999999994
9882.799999999992
8576.799999999981
8721.799999999987
9774.699999999983
8397.999999999993
9078.599999999988
9084.299999999985
8751.199999999986
9518.19999999999
8968.099999999984
9386.899999999987
8914.699999999993
8658.299999999997
8837.799999999988
9029.199999999995
8972.59999999999
9778.999999999987
8754.099999999988
8626.59999999999
9649.299999999987
8914.69999999998
7890.9999999999845
8927.399999999985
8483.499999999984
9360.599999999986
9916.199999999988
8480.69999999998
9949.29999999999
9173.299999999983
9984.99999999999
9685.899999999987
9181.099999999997
8552.099999999986
8551.299999999997
8820.199999999995
9106.69999999999
8759.799999999985
8833.899999999989
8639.699999999983
9089.199999999992
8333.199999999993
8830.799999999988
8163.699999999989
8146.899999999991
7892.099999999986
9043.199999999984
8538.999999999976
9168.099999999986
7437.099999999979
8503.999999999985
8784.29999999999
9314.799999999985
7774.3999999999905
7683.49999999998
8328.59999999998
8768.199999999984
8037.099999999989
9951.199999999988
9342.599999999988
7877.59999999999
9205.899999999978
7238.099999999989
8451.39999999999
8014.899999999995
9071.599999999988
6862.899999999983
9177.499999999978
8479.599999999988
8530.099999999993
7353.899999999992
9703.699999999986
8207.599999999988
9039.599999999988
9168.499999999987
8751.499999999985
9743.599999999982
8393.699999999983
9184.299999999985
9929.999999999989
8935.999999999978
8283.599999999975
8523.799999999997
8203.79999999999
8577.799999999985
8405.499999999976
8686.199999999997
9623.299999999987
9056.199999999984
8894.599999999984
9863.499999999989
8905.099999999988
8720.099999999988
8768.899999999985
8912.899999999987
8295.59999999999
9155.999999999985
9208.39999999997
9032.399999999985
9752.399999999989
9796.799999999987
8818.59999999998
8861.599999999984
9919.799999999987
9075.099999999982
8318.599999999991
8721.299999999985
9968.799999999988
9877.799999999987
8788.6
8809.999999999989
8722.399999999981
8796.299999999977
8480.49999999999
8540.699999999983
8699.299999999983
8684.399999999978
8977.599999999977
8702.099999999979
9471.399999999981
8879.099999999986
9091.999999999984
9007.499999999984
8426.999999999976
9344.099999999975
8842.199999999977
9824.999999999987
8383.999999999975
9176.69999999998
9250.599999999975
9904.399999999985
9524.199999999988
8445.999999999984
9322.599999999977
9340.79999999998
8996.59999999998
8015.29999999998
9129.699999999975
8852.599999999975
9395.299999999983
9758.599999999982
8218.499999999984
9210.199999999983
9643.299999999985
9344.599999999984
8834.999999999973
8759.099999999982
9708.999999999987
9408.299999999988
9566.299999999987
8977.999999999978
9760.999999999989
9517.599999999988
9299.799999999976
9401.59999999998
8806.499999999985
9700.799999999983
9985.599999999991
9397.199999999975
9968.599999999988
9570.099999999988
9475.09999999998
9594.399999999983
9813.399999999978
9155.099999999982
9244.599999999988
9721.79999999998
9701.399999999983
9013.399999999985
9490.899999999983
9302.0
9872.599999999984
9278.599999999986
9276.899999999976
9423.59999999998
9742.199999999984
9791.199999999984
8984.39999999999
9326.999999999989
9457.199999999977
9974.799999999988
9372.99999999999
9037.49999999999
9506.699999999988
9414.199999999984
9580.399999999987
9720.999999999987
9343.39999999998
9504.099999999993
9125.59999999999
9826.599999999986
8972.999999999989
9327.199999999975
9330.099999999982
8927.499999999976
9612.399999999981
8823.999999999987
9759.599999999982
8910.199999999988
9122.799999999996
8923.999999999989
9265.399999999981
9685.59999999998
9292.199999999977
9756.99999999998
9076.599999999984
9201.199999999988
9266.199999999977
9428.199999999975
9328.199999999988
9347.199999999979
9847.599999999986
9372.499999999985
9769.199999999984
9252.899999999987
9742.59999999999
9351.799999999976
9707.59999999998
9437.199999999984
9823.599999999986
9500.399999999981
9269.599999999982
9443.39999999998
9753.29999999999
9328.799999999977
9635.999999999978
9506.999999999975
9099.399999999976
9161.199999999983
9809.999999999984
9913.199999999988
8972.399999999989
9325.199999999983
9716.099999999988
9349.19999999998
9729.599999999986
9641.999999999978
9950.099999999991
9433.999999999984
9854.699999999986
9647.999999999976
8920.799999999981
9382.099999999979
8613.39999999999
9562.499999999985
9377.99999999999
9489.79999999998
9997.19999999999
9676.699999999977
9732.99999999998
9390.999999999982
9802.59999999999
9469.999999999978
9361.799999999994
9734.399999999976
9150.699999999984
9075.899999999974
9888.599999999984
9089.799999999987
9207.59999999998
9007.699999999979
9474.399999999981
8637.69999999999
7988.999999999989
9068.49999999998
7809.799999999988
8695.099999999979
9122.299999999976
9521.799999999977
9418.699999999986
9756.49999999999
9153.79999999999
9043.299999999985
9013.299999999988
9287.199999999984
9511.799999999983
9549.199999999986
8781.599999999986
10094.499999999989
9313.199999999992
9911.999999999989
9738.199999999983
8611.399999999994
7849.199999999991
9570.49999999999
9391.299999999992
10003.899999999992
8847.999999999989
8267.699999999995
9921.299999999992
8841.699999999984
9031.299999999987
9013.999999999993
8596.09999999999
8605.599999999993
9004.899999999985
9052.199999999983
9192.299999999981
9249.099999999984
9969.199999999988
8996.999999999989
9911.199999999988
9394.49999999998
9159.199999999984
10019.199999999995
8608.399999999989
9568.299999999988
9217.199999999973
9940.59999999999
9550.29999999998
9045.099999999986
9567.59999999998
8961.899999999989
8956.799999999994
7916.499999999991
9730.699999999986
9274.899999999987
9923.999999999993
9385.099999999982
9413.99999999999
9359.299999999987
9926.399999999989
9858.599999999988
9193.699999999992
9922.399999999989
9284.799999999983
9446.599999999991
8029.299999999987
9332.399999999981
9889.199999999984
9958.59999999999
9163.099999999984
9532.999999999993
9536.399999999992
9288.799999999981
9344.399999999989
10020.599999999995
9860.699999999988
9604.49999999998
9470.599999999991
9722.19999999999
8741.899999999992
9407.799999999985
8923.999999999984
9208.399999999981
9501.799999999985
9584.199999999984
9400.599999999986
9181.49999999999
9690.499999999989
9235.399999999981
9613.999999999978
9330.199999999983
9528.199999999977
9731.999999999978
9149.899999999983
9616.099999999979
9907.199999999986
9914.399999999989
9914.799999999988
9854.399999999985
9409.599999999986
9278.79999999998
9052.59999999998
9275.699999999977
9466.099999999993
9410.599999999988
9077.299999999977
9213.999999999987
9363.599999999988
9470.99999999998
8905.199999999986
8837.199999999979
8767.299999999987
9341.999999999982
9329.99999999998
9225.399999999978
9149.399999999987
9585.599999999995
9977.999999999989
9806.299999999987
9347.999999999987
9422.299999999994
9971.59999999999
9468.399999999978
9354.999999999993
9385.399999999985
9719.999999999985
8800.199999999979
9909.399999999992
9611.299999999985
8453.899999999985
9059.399999999976
8810.300000000005
9045.699999999993
8758.799999999987
9590.599999999993
9893.399999999987
9750.599999999986
8223.399999999987
9189.999999999985
9692.799999999977
9614.39999999999
9221.799999999985
9769.19999999999
8832.399999999981
9904.899999999985
8826.499999999975
9970.39999999999
8466.699999999983
8418.199999999984
9841.19999999999
8141.399999999989
8273.1
7971.799999999984
9027.39999999999
8780.699999999975
8876.19999999998
9868.799999999987
8925.799999999985
8874.599999999979
9937.999999999985
9804.399999999987
8617.299999999977
9681.299999999985
9301.999999999978
9253.199999999972
8123.599999999994
8633.199999999992
8851.39999999998
9847.999999999982
8297.19999999999
8247.399999999987
9646.999999999985
8973.09999999998
9668.99999999999
9305.89999999999
8456.19999999998
8536.799999999985
8907.599999999984
9894.799999999988
7934.999999999981
8721.09999999999
8494.899999999987
8803.99999999999
9629.99999999999
8556.799999999987
9731.799999999988
9742.79999999998
9216.999999999985
8091.399999999992
9903.599999999988
9447.599999999984
8305.199999999986
9817.399999999985
9518.499999999984
10021.899999999985
8691.99999999998
9758.799999999981
8752.999999999987
7505.999999999993
9778.999999999984
8782.99999999998
8751.799999999985
9107.599999999984
9856.799999999985
8856.699999999973
9350.19999999998
9245.799999999996
8641.299999999987
9674.999999999982
8952.199999999979
8702.399999999985
9846.399999999985
9057.499999999993
9644.59999999998
9853.199999999988
8346.599999999993
9400.299999999983
9855.699999999986
9044.399999999992
9770.799999999985
9582.99999999999
8475.399999999981
8839.599999999982
9000.299999999981
8944.099999999988
8851.099999999982
8115.499999999996
9400.099999999988
9020.799999999983
8413.199999999988
9910.999999999985
8515.599999999988
8638.199999999983
9035.699999999988
9757.399999999987
9686.999999999984
9818.399999999983
9671.799999999994
8256.89999999998
8619.199999999973
9834.199999999986
9852.39999999999
9806.399999999983
8012.099999999989
9573.399999999983
8844.199999999984
8954.599999999986
7664.99999999999
8984.999999999998
9869.799999999985
9946.19999999999
7592.199999999985
8061.699999999985
8921.799999999987
9216.799999999974
9732.199999999983
9116.09999999998
8669.699999999986
9872.399999999987
9703.499999999982
9058.699999999984
9314.999999999989
9414.199999999979
9707.69999999998
9777.99999999998
8454.899999999992
10040.599999999986
10011.599999999991
9958.59999999999
9404.999999999989
9068.299999999985
8845.59999999999
8856.89999999999
9118.299999999977
8978.799999999988
9046.199999999992
8197.999999999989
9127.999999999995
8964.799999999981
9060.999999999993
8844.09999999998
9243.599999999977
8911.699999999999
9189.599999999984
9055.499999999982
9057.79999999998
8890.199999999986
9209.999999999989
8917.899999999989
9111.799999999988
9149.499999999984
9068.79999999998
9954.599999999991
8905.799999999985
9329.999999999982
9935.39999999999
9732.899999999987
9590.999999999984
9422.799999999985
9323.599999999982
9601.299999999987
9250.799999999985
8658.49999999999
8907.999999999996
9110.09999999998
9759.899999999981
9488.099999999986
9464.299999999987
9758.499999999989
9901.999999999985
9226.59999999998
9585.299999999983
8992.899999999985
9816.59999999999
9784.999999999985
8695.999999999978
10067.69999999999
9326.19999999998
9982.39999999999
9195.299999999981
9702.499999999995
8764.899999999985
9085.199999999979
9235.199999999979
9146.599999999988
9145.999999999998
9288.399999999989
9134.999999999987
8991.699999999986
8647.299999999992
8944.499999999982
8147.199999999983
9157.19999999998
9384.39999999999
8997.599999999986
9041.599999999977
9565.59999999999
9891.399999999992
8554.89999999998
9872.799999999987
9543.199999999984
8917.599999999984
9997.19999999999
9022.599999999988
9686.899999999981
9838.79999999998
8756.899999999976
8994.69999999998
9236.099999999984
9159.899999999985
9257.799999999985
8708.299999999983
8869.399999999978
9057.299999999985
9122.099999999975
9818.399999999981
9062.499999999987
9009.999999999987
9280.899999999985
9829.999999999984
8729.399999999981
9953.399999999985
8515.599999999982
8737.099999999979
9341.499999999982
8421.299999999981
9957.699999999984
8854.199999999984
9457.799999999976
9062.799999999987
9145.19999999998
8695.199999999983
9920.399999999987
9218.099999999991
9556.999999999978
9193.699999999977
8765.899999999972
8635.999999999989
8681.999999999978
8797.299999999987
9475.399999999987
9035.899999999987
9167.09999999998
9548.19999999998
9326.799999999977
9572.999999999978
9573.39999999998
9917.999999999984
9306.199999999979
9410.199999999977
9798.999999999984
9464.799999999977
9766.399999999976
9597.599999999982
9757.999999999973
9864.399999999987
9681.199999999975
9449.399999999983
9943.799999999987
9057.599999999988
8931.799999999976
9503.39999999998
8173.099999999979
9813.299999999983
9120.19999999999
9031.199999999979
9329.29999999998
8991.799999999985
9214.199999999984
9354.399999999978
8915.399999999987
9443.299999999983
8867.699999999988
9777.999999999984
8834.799999999983
7920.39999999999
9261.899999999989
8744.799999999983
9315.99999999999
8676.9
9170.800000000003
8891.599999999995
8946.599999999979
8725.79999999998
9138.599999999997
9370.89999999999
8137.199999999978
8726.299999999987
9128.199999999999
7790.599999999992
9281.49999999999
8961.299999999996
9054.69999999999
8487.599999999982
9433.299999999992
9294.599999999993
9643.99999999999
9092.499999999982
9071.299999999987
8758.199999999988
9438.199999999983
9898.199999999993
10023.199999999993
8712.899999999998
9917.099999999991
9171.299999999987
8332.599999999982
9448.699999999995
9370.199999999988
8282.399999999987
9706.399999999992
9007.299999999985
8380.299999999987
8985.199999999983
8747.999999999985
9824.19999999999
8652.09999999999
7673.599999999994
8409.999999999996
9581.399999999994
7846.099999999982
7990.499999999987
8995.299999999985
8993.699999999983
9342.099999999986
9445.29999999999
8973.699999999995
8940.399999999989
8678.999999999978
9115.89999999999
8869.999999999996
8439.499999999989
8905.199999999984
9784.599999999984
8994.099999999991
9276.599999999979
9263.999999999984
9088.599999999986
8852.799999999977
8952.59999999999
8800.499999999987
8324.699999999997
9126.099999999977
8841.399999999981
8885.099999999975
9187.99999999998
8858.999999999985
9882.09999999999
9111.099999999984
8691.79999999999
9487.899999999974
9178.999999999973
9387.099999999977
9535.499999999982
9726.099999999977
9222.699999999975
9126.79999999997
9404.499999999985
10016.199999999986
9206.799999999976
9182.39999999998
9384.299999999976
9370.59999999998
9404.59999999998
9772.799999999981
8669.599999999973
9457.999999999978
9325.999999999978
9046.799999999985
9302.399999999978
9274.199999999972
9955.39999999998
8479.999999999985
9112.39999999998
9942.599999999986
8747.599999999984
8933.899999999978
9709.599999999979
9810.599999999982
9014.099999999975
9230.599999999984
7986.699999999987
9797.799999999983
8693.89999999998
8686.100000000006
9012.099999999982
8866.199999999983
9569.599999999979
9377.599999999986
9060.899999999987
9553.799999999977
8730.899999999992
10276.49999999999
9470.199999999977
9110.299999999987
9398.19999999998
9544.99999999997
8639.199999999984
8897.69999999998
9633.599999999977
9088.199999999983
9562.49999999998
9669.199999999973
9037.899999999976
9672.299999999974
9395.999999999969
8921.899999999978
9480.799999999977
9538.399999999978
9253.599999999975
9158.999999999975
9138.399999999985
8680.99999999998
8752.199999999983
8706.699999999979
8962.39999999998
9238.499999999982
9153.499999999985
9716.39999999999
9472.699999999977
9340.799999999983
10100.799999999988
9295.599999999982
8170.0999999999785
8519.199999999983
8777.199999999975
9327.099999999986
9117.399999999974
9860.599999999991
8656.799999999983
9068.699999999988
8507.599999999993
9254.999999999985
9129.799999999981
8941.299999999988
9335.99999999999
9256.499999999982
9129.799999999985
9344.399999999981
8295.59999999998
9513.799999999972
9014.899999999978
8653.899999999974
9048.899999999978
9476.399999999981
9750.799999999976
9594.399999999972
9633.799999999983
9120.999999999976
9466.999999999976
9671.59999999998
8658.899999999981
9709.699999999979
9480.399999999976
9843.399999999978
9846.799999999985
9898.799999999985
9329.099999999988
9799.199999999984
9514.599999999977
9928.199999999983
9652.79999999998
9066.799999999988
9506.99999999998
9341.799999999974
9396.39999999998
9241.799999999974
9411.199999999979
9599.899999999978
9513.399999999978
9470.79999999998
9338.79999999998
9848.399999999985
9538.099999999973
9568.199999999977
9054.999999999975
9702.999999999978
9892.199999999984
9787.799999999983
9486.799999999983
9391.499999999982
8637.299999999985
9089.299999999977
9564.499999999978
9361.999999999987
9432.099999999979
9667.799999999987
9246.499999999982
9302.799999999983
9480.099999999977
9346.19999999998
8421.499999999982
9533.299999999987
9761.799999999983
9651.19999999998
9039.999999999978
9330.399999999974
9845.899999999983
8706.199999999992
8622.499999999989
9347.999999999984
8852.99999999998
9684.999999999973
8607.499999999984
9863.399999999987
9980.599999999991
9768.399999999976
9232.399999999989
9604.999999999987
8769.999999999995
7988.499999999989
9975.39999999998
8594.599999999991
8633.999999999987
9011.499999999984
9492.599999999986
8868.199999999986
8188.399999999991
9022.39999999999
9457.199999999984
7784.999999999985
8879.599999999977
9934.799999999987
9738.399999999978
9492.699999999983
8218.399999999996
9518.699999999984
9836.199999999986
9013.599999999979
9435.599999999975
8972.999999999985
7096.900000000002
8029.199999999973
8023.2999999999865
8569.399999999987
7577.999999999979
8685.099999999993
8675.699999999993
6919.199999999994
8524.099999999984
9671.39999999999
8560.299999999976
8394.39999999999
9335.499999999993
8705.899999999981
8757.699999999986
7934.299999999984
9732.99999999998
8512.399999999983
8331.300000000001
8465.799999999983
8840.399999999983
9961.59999999999
8928.099999999988
8480.999999999987
8789.999999999985
9829.999999999987
8786.299999999992
9675.999999999984
8473.699999999979
8975.29999999999
8800.799999999976
8616.49999999999
9462.199999999979
9181.799999999977
9475.399999999972
9041.899999999976
8437.399999999981
9647.799999999981
9788.399999999981
8582.199999999984
10083.999999999985
8864.59999999997
9173.599999999975
9237.699999999973
9102.099999999986
8425.199999999986
10009.599999999991
9145.699999999975
8596.599999999988
8957.899999999981
9075.899999999976
9074.99999999998
8747.499999999989
8869.799999999992
9036.59999999998
9248.199999999975
9111.09999999999
8977.099999999973
9436.99999999998
8008.099999999987
8928.799999999977
10149.89999999999
8843.299999999981
9128.799999999983
8949.799999999967
8684.399999999972
9626.399999999989
9137.099999999982
8904.199999999979
9656.999999999978
8929.59999999998
9719.899999999987
8894.899999999983
9587.499999999985
9148.899999999983
9585.399999999981
9315.999999999978
9711.999999999982
9422.399999999978
9675.299999999977
9584.899999999978
9426.39999999998
8760.099999999984
9326.599999999975
9462.099999999973
8870.699999999972
9101.999999999978
8893.099999999973
9403.299999999974
9517.599999999973
9062.099999999979
8518.399999999976
9801.599999999977
9592.19999999998
8638.79999999998
9571.999999999982
10004.399999999992
9668.699999999979
9175.499999999985
9022.299999999981
9656.499999999989
9441.599999999984
9535.799999999983
9308.699999999986
9741.79999999998
9763.799999999977
9166.699999999988
9185.399999999983
8883.59999999999
9752.199999999983
9379.699999999977
9943.09999999998
9543.899999999981
9421.799999999983
9803.299999999987
9873.599999999984
9718.399999999989
9136.99999999999
9877.19999999999
8664.89999999999
9451.199999999984
9308.999999999978
8744.499999999982
8832.799999999992
9571.19999999998
9806.899999999985
9057.099999999986
9490.89999999999
9271.399999999981
9224.999999999978
8665.599999999986
8688.699999999992
9006.399999999989
8997.199999999983
9053.599999999986
9159.999999999982
9245.899999999981
9080.499999999995
8971.099999999991
9103.29999999998
8582.399999999983
8799.199999999983
9087.99999999998
9099.79999999998
8874.299999999985
9302.399999999983
9764.199999999984
9906.799999999987
8525.999999999987
8415.999999999984
8473.599999999984
9199.399999999978
8122.899999999986
8746.899999999989
8580.09999999999
8577.699999999983
8517.599999999999
8896.299999999985
8602.299999999985
9006.199999999984
9549.99999999998
8243.299999999983
8373.799999999985
8912.799999999981
9931.999999999987
9272.799999999974
9283.199999999986
8668.399999999981
8831.899999999983
8668.099999999982
9208.499999999982
9909.199999999986
8542.099999999984
9627.199999999983
9743.499999999989
9502.099999999979
9520.399999999981
9500.299999999983
9975.399999999992
9347.79999999998
9191.59999999998
9296.49999999998
8668.499999999987
9259.699999999983
9268.899999999976
8886.59999999999
9340.699999999979
9399.299999999987
9886.399999999987
9217.999999999976
8764.999999999985
9365.599999999979
9314.399999999976
9256.99999999997
8607.299999999983
9073.69999999998
9372.499999999978
9782.999999999982
9137.099999999982
9104.099999999982
8753.399999999978
9510.799999999974
9237.79999999998
9344.599999999977
9548.199999999977
9706.099999999977
8895.799999999987
9860.199999999988
9232.199999999973
9410.399999999981
9482.299999999977
9749.999999999985
9271.899999999978
9175.799999999976
9517.399999999976
9416.699999999972
10069.999999999987
8964.399999999983
9762.699999999983
9059.399999999976
9449.19999999997
9939.599999999988
9206.799999999981
9354.199999999975
9742.399999999985
9547.999999999989
9964.999999999989
9880.399999999987
9025.899999999987
9062.79999999999
9234.199999999993
8739.79999999999
8333.699999999995
9292.399999999983
9278.399999999981
9182.799999999985
8902.699999999992
8872.599999999973
9208.599999999979
9702.199999999983
9133.799999999983
9483.599999999988
9204.599999999984
9137.799999999977
8687.899999999983
9036.999999999982
9905.599999999982
8517.999999999984
8680.299999999983
8349.4
8809.699999999979
8957.899999999989
8845.799999999985
9503.199999999984
9673.999999999985
9205.199999999986
9136.19999999998
8894.29999999999
8562.299999999996
8769.499999999987
9112.499999999984
9405.799999999983
9295.399999999981
8893.899999999983
9558.199999999977
9687.199999999975
9150.899999999981
9404.699999999977
9555.999999999984
9238.79999999997
9693.999999999982
9840.399999999983
9294.599999999984
9858.999999999982
9715.399999999974
9351.799999999972
9490.599999999977
10014.99999999999
9827.399999999981
9851.999999999985
10017.299999999983
9393.199999999979
9716.999999999985
9511.199999999972
9565.599999999982
9592.799999999977
9625.399999999974
9434.999999999984
9893.799999999985
9857.199999999988
9728.999999999975
9936.399999999989
9673.499999999982
9901.799999999987
8513.699999999986
9182.799999999983
9620.19999999997
9915.599999999986
9610.999999999975
9156.999999999978
9297.999999999978
9661.199999999979
9777.59999999998
9058.899999999987
9811.999999999976
9950.099999999977
9147.499999999984
9637.799999999974
9183.599999999988
9776.999999999978
9297.799999999983
9903.09999999999
9482.599999999982
9508.799999999985
9871.599999999984
9775.599999999979
9537.899999999987
9405.099999999982
9446.899999999978
8994.199999999977
9649.199999999975
9785.99999999998
8730.699999999966
9819.999999999976
9651.699999999975
9909.599999999984
9539.099999999975
9610.899999999974
9799.699999999986
9861.59999999998
