-19411.0
-18441.0
-20796.5
-6769.0
-8648.0
-13549.0
-10152.0
-10518.0
-10498.0
-6353.5
-13854.5
-10982.0
-14232.0
-13323.5
-10698.5
-12135.5
-12090.0
-11903.5
-8683.5
-15932.0
-17751.5
-12781.5
-12003.5
-6838.5
-9946.0
-17946.0
-7320.5
-10019.5
-15285.0
-20022.0
-14183.5
-15121.5
-12870.0
-8515.0
-7068.5
-8527.0
-14526.5
-12655.0
-7719.0
-8899.0
-12216.0
-7618.5
-10561.0
-9934.0
-8745.0
-6534.0
-9871.5
-14557.0
-8312.0
-8932.5
-13630.0
-6533.0
-11306.0
-9798.5
-11063.0
-7812.0
-12018.5
-12269.0
-6175.5
-7589.0
-9136.0
-10464.5
-4438.5
-7967.5
-8077.5
-9504.5
-6804.5
-5559.5
-8531.0
-10038.5
-9649.5
-8526.0
-5062.0
-8930.5
-12184.5
-10670.5
-8219.0
-9065.5
-12085.5
-9443.5
-10218.0
-10319.5
-11706.5
-2560.5
-7170.0
-10146.5
-12186.0
-8868.5
-4739.5
-8808.5
-5880.0
-4150.5
-10910.0
-11884.5
-6517.0
-6748.5
-9719.0
-5267.5
-4343.0
-5711.0
-9716.0
-2584.0
-11575.5
-7935.0
-3309.0
-4228.5
-4582.5
-7313.0
-943.5
-4219.0
-9358.0
-3927.0
-6023.5
-2091.5
-7025.0
-7372.5
-2097.5
-2331.5
-4924.0
-6614.5
-8265.5
-5473.5
-7844.0
-5001.5
-6487.5
-6646.5
-4200.0
-4904.0
-7849.0
-5926.5
-5960.0
-4742.0
-6989.0
-7437.0
-4544.5
-2679.5
-5946.0
-2330.5
-1608.0
-2700.0
-2867.0
-2739.0
-5692.0
-5144.0
-1910.5
-3602.0
-6003.5
-8777.5
-3716.0
-9951.0
-7427.5
-6562.0
-20951.0
-5419.5
-6126.0
-4403.0
-5387.0
-3842.0
-4296.0
-5641.5
-5965.0
-3518.5
-2951.0
-3256.0
-5154.5
-12944.0
-3124.5
-3951.5
-9172.5
-4122.0
-7468.0
-4449.5
-6721.0
-5553.0
-3991.5
-9783.5
-2397.0
-4121.0
-7186.5
-3076.5
-7742.5
-4259.5
-15061.0
-5034.5
-4016.0
-3385.0
-2535.0
-3904.5
-2249.0
-5599.0
-4408.0
-498.5
-4813.5
-4092.0
-4546.5
-180.0
-2413.5
-3861.0
-690.5
-13661.0
-6565.5
-4488.5
-6292.5
-540.5
-3337.5
-5526.5
-5358.0
-3467.0
-755.0
-3253.5
-7200.0
-2045.5
-5214.0
-3157.5
-3791.0
-3433.0
-5005.0
-927.0
-7036.5
-4333.0
-2541.0
-1312.5
-2728.5
-5173.0
-2332.5
-6357.0
-5653.5
-1817.0
-7784.5
-2758.0
-4646.0
-4213.5
-4460.5
-1364.5
-3392.5
-2347.5
-2733.0
-4373.0
-2259.5
-2812.5
-3860.0
-1285.5
-779.5
-2602.0
-991.5
366.0
-2035.0
-1225.0
-3557.0
-463.5
-4842.0
-1727.5
-7792.0
-353.0
-1024.0
-1089.5
-2625.0
-972.0
-947.0
-1287.0
-4677.5
-160.0
40.0
-2980.5
-3892.0
-3075.0
-2377.0
-1140.0
107.0
-4084.0
-3113.0
-3478.5
-3467.0
-762.0
-2152.5
-776.0
-1995.5
-1022.5
-3738.0
232.5
-2752.0
-2842.0
-3128.0
38.5
-25.0
-565.0
-295.5
893.0
1208.0
-3033.0
242.5
-3657.0
-3420.0
-2201.5
-296.5
74.5
-1336.5
-399.5
1083.5
-1190.0
-1112.0
-1711.5
-4778.5
-685.5
-442.5
-189.5
-2185.5
-1130.0
-606.5
-62.0
-1992.0
-1382.0
1528.5
1345.5
192.5
-4058.5
2622.0
-834.0
-1696.5
-1122.5
-1109.5
-751.0
-2262.5
-366.5
-771.5
-817.0
-2725.5
1500.5
-1226.5
-528.5
-22.5
804.0
-535.5
-309.0
-807.5
-18.5
-1489.0
229.5
163.0
212.0
1040.5
-855.0
-628.0
-643.5
-572.0
-1477.0
-3503.5
6.0
-757.5
-3662.0
-2089.0
-505.0
-464.0
-2396.5
284.5
-287.5
-3385.0
1231.0
-2802.5
-1312.5
-703.0
-2070.0
444.0
1634.0
-1131.0
-757.5
-277.5
1633.0
-398.0
-1452.5
-3126.5
-1120.5
-872.0
1954.0
-2320.0
-2003.5
-1696.5
-448.5
-7187.5
-2962.5
-1468.0
-3955.5
-326.5
1556.5
-61.5
270.0
307.5
-2077.0
474.0
-843.5
-1627.5
493.5
-493.0
-1722.0
-271.0
823.0
-188.0
8.5
1495.0
-4415.0
-2244.5
-4198.5
-1402.5
-994.5
-95.0
303.5
-227.5
311.0
728.5
1037.5
447.0
223.5
1750.0
415.0
1466.0
-806.0
344.0
-368.5
-482.0
-2782.5
1981.0
-716.5
-1975.5
-568.0
-1860.0
-580.5
-1060.5
-110.5
-1630.0
-1226.0
-772.0
-1383.5
-2510.0
-2390.0
-1542.5
-1069.5
-1439.0
-389.5
-2452.0
-1974.5
-392.5
3587.5
608.5
-4504.5
-2648.5
-864.5
-1486.5
-428.0
684.5
-623.0
-2068.0
-1645.5
-5766.0
-2140.5
-462.0
-538.5
-1466.5
-1678.0
1725.5
-3275.0
-15.0
-581.0
-1392.0
-1579.5
-2348.0
-1778.0
674.5
538.5
362.5
-1186.0
-726.0
-663.0
5.5
-2966.0
-1467.0
-3668.5
-1610.5
-2526.5
-2645.5
-81.5
-4462.5
-6902.0
-1921.5
-1933.0
-1199.5
-1999.5
-3566.5
-5765.5
1614.5
-1828.0
-5502.5
-1629.0
-603.5
26.0
-2077.0
-2035.5
-3466.5
-72.0
2560.5
-4462.0
-3560.5
-4129.0
-5142.0
-5147.0
-3488.0
-1984.0
-1226.5
-2906.5
-1692.5
45.0
-3134.0
-1578.5
-640.0
-217.5
-2098.0
-1777.5
-3243.0
-467.5
-4161.5
-2127.5
205.0
2712.0
-1852.5
-3880.5
-327.0
-527.0
914.5
-790.0
951.5
-988.0
-269.5
-4539.0
-1291.5
754.0
698.5
261.0
-1692.0
776.0
-16.5
122.0
515.0
-1159.0
-1430.0
-444.0
622.0
-24.0
-2335.0
-2702.5
468.5
-882.0
822.5
-837.0
258.0
-760.0
2590.5
-768.5
-2533.0
131.5
-420.5
-203.0
-1091.5
-1454.5
574.0
1697.0
-1870.0
-871.0
-1222.0
-1524.0
-242.5
-928.5
-3003.0
1453.5
-1492.0
-1522.5
-7.0
-2312.0
-1339.5
-1044.5
-4534.0
-1393.0
-3709.0
-2647.5
-1551.5
-630.0
-300.5
-623.5
266.0
-992.5
-1526.0
-340.5
2978.0
590.5
-1280.0
-1221.5
-1024.0
-1884.0
-2160.0
757.0
816.0
1201.5
-791.0
197.0
1453.0
2658.0
2083.5
-669.0
-3015.5
2625.0
2430.0
-1572.0
-1706.0
-576.5
1878.0
2768.5
-1058.0
174.5
1259.0
3730.5
86.5
997.5
361.0
1297.5
376.0
1712.0
354.0
2268.5
649.0
-338.0
-201.5
1186.0
-138.0
-3040.5
-917.0
571.0
1163.5
-62.0
3244.0
1222.5
-2801.5
-2016.0
1649.5
3406.0
-878.5
-80.5
2248.0
3359.0
-972.5
-91.5
-1196.0
703.5
-3206.5
-3073.5
-2926.5
-2176.5
370.0
403.5
-139.0
1121.5
-508.0
419.5
948.0
-4206.0
1011.5
344.0
-1175.5
-1363.0
-10.5
-1307.0
1383.0
-475.0
274.0
75.5
-1978.0
-2139.0
444.0
-463.5
-282.5
1037.0
-690.0
-1571.5
-2558.5
-1336.0
1250.5
-3943.5
4089.5
2533.0
-2219.5
1513.0
740.5
-2102.0
-497.0
3267.0
-286.0
1280.5
-1279.5
-2578.0
-2027.0
-1157.0
1106.0
-4955.5
-1212.0
-1315.0
-1796.0
-1161.5
-915.0
-801.5
-2267.0
-232.5
-1256.0
-1437.5
-823.0
1181.5
-674.0
-629.0
-1088.0
-655.5
1286.0
848.5
-1233.0
-3135.0
-1113.0
2718.5
-203.5
-831.5
-69.5
-658.5
-1719.0
-607.0
268.0
161.5
117.5
11.5
-418.0
-469.0
1461.0
-719.5
-35.0
-803.5
-238.0
3387.5
849.5
1699.5
194.5
-36.5
1026.5
3361.5
-821.0
-2084.5
371.5
-1805.5
-331.5
141.0
-975.0
1292.5
106.0
605.0
237.0
849.0
464.0
879.0
-196.0
-632.5
205.5
189.5
-1237.5
-117.5
607.5
623.0
2839.0
-2161.5
624.5
5.0
1144.0
1133.0
207.0
349.5
-222.5
1517.5
-393.0
1108.0
534.5
-1193.5
3478.5
1237.0
2594.0
-767.5
-974.0
1283.0
2497.5
-1325.5
1307.5
3630.0
1622.5
1615.5
511.0
3580.5
619.0
1921.5
3513.5
1299.5
-3157.5
599.0
-2037.5
3267.0
-991.5
2315.5
-1907.0
812.5
3491.0
-159.0
2049.5
3436.0
3764.5
819.0
-454.0
-284.0
3826.0
3697.5
-1051.0
1509.5
-1159.0
-1660.0
-1432.5
-1412.0
162.5
-1722.0
-1995.0
-3083.0
-1399.0
3252.5
-1150.5
1028.5
574.5
552.0
993.5
3790.0
1758.5
38.5
-983.5
-2430.5
72.0
1471.0
2507.0
3419.0
2590.5
3662.5
3397.5
914.0
2842.0
2359.0
1268.5
598.5
2524.0
2211.5
2598.0
1757.0
-2633.0
1737.5
3266.5
3036.5
1059.5
3790.5
3551.0
1698.0
1328.5
2381.0
1235.5
2015.0
1983.5
-248.0
-1287.0
1594.5
1544.5
1085.5
-1702.5
-10.0
2222.0
2856.5
935.0
2046.0
1138.0
68.5
2331.5
1381.0
3343.0
3859.0
633.0
455.0
3854.0
3957.0
431.5
1397.0
559.5
1343.5
-2601.0
3216.5
1337.0
808.0
2083.5
1430.5
1179.5
1015.0
1282.0
2338.0
2139.5
3198.5
496.0
1240.5
2545.5
3492.0
1302.5
1500.0
1575.0
2636.0
2300.5
1529.5
4045.5
3227.0
917.5
1212.5
1554.5
1817.5
2280.0
1323.0
-399.5
-146.0
753.5
1676.0
-2512.0
-1615.5
-1660.5
316.0
1086.5
-1011.0
3958.0
-2796.0
1193.0
2939.0
3569.0
-3136.0
3942.0
3520.0
3412.5
-3240.5
1002.0
3382.0
1751.5
-1801.0
605.5
1324.0
1422.5
653.5
697.0
1034.0
2354.0
2536.0
2573.0
2321.0
2596.0
2286.0
2277.5
3777.0
3260.0
3180.0
2189.5
2043.5
3813.0
4015.5
2260.0
2263.5
2267.0
2624.5
1475.5
965.5
2142.5
2145.5
1827.5
975.5
631.0
3038.5
861.0
-756.5
1089.5
2823.0
2778.5
2359.0
1856.5
1470.0
3047.0
2264.0
2898.5
3882.0
2665.0
2485.5
2396.5
1990.5
1360.5
2800.5
2437.5
3064.5
1853.5
2195.5
1403.0
2105.5
2951.5
2552.0
405.5
2593.0
3011.0
2377.5
3113.5
2600.0
3336.5
4074.0
2470.0
1177.5
2983.0
3696.5
2078.5
1302.0
1413.0
3314.0
2718.5
1530.5
2770.5
2358.0
1609.0
2317.0
2323.0
2604.5
1933.0
2498.0
2833.0
3712.5
3282.0
2908.0
2768.5
2350.0
3885.0
2486.0
2840.5
3532.0
3282.0
3476.0
1301.0
2453.0
3681.5
2112.5
2682.0
2848.5
2624.5
1779.5
1507.0
2750.5
3083.0
1919.0
1631.5
1904.0
3186.5
1693.0
1451.0
3021.5
3837.5
2927.0
2560.5
2333.0
3427.5
3454.5
1969.0
1296.5
1850.5
3912.5
2139.5
2146.0
2177.5
2511.5
625.5
2109.0
322.5
2059.0
1641.0
1323.5
2899.0
2361.0
2768.5
2626.5
693.0
2203.0
1387.0
1665.0
2232.5
2859.0
1659.0
3195.0
3738.0
3176.0
3062.0
1182.5
2268.5
3291.0
1644.5
2428.5
2095.5
2398.5
2948.5
411.0
2175.0
1928.0
2444.0
2623.0
2814.5
2808.0
2938.5
4022.0
1831.5
2067.0
4077.0
3696.0
2392.5
2349.0
2124.0
4106.0
2463.5
1686.5
2852.0
3599.5
2046.0
2712.0
1018.0
2610.5
1362.0
3121.0
2579.0
1289.0
2548.5
2556.0
3430.0
2299.0
1387.5
2578.0
2605.0
3629.0
2219.5
3201.0
2954.0
4182.5
3607.0
1483.5
2446.0
2557.0
2534.5
2424.5
1806.5
2629.0
3829.5
1696.0
1851.0
2405.5
2761.5
2831.5
2441.5
4020.0
2484.5
2452.0
2043.0
2165.5
2841.5
2051.0
2455.5
2469.0
1841.5
2662.5
2271.0
2132.5
2361.0
2620.5
2195.0
1741.5
2198.5
2781.0
2199.0
2547.0
2682.0
3930.5
2186.5
2753.5
2090.0
2493.5
2920.0
4130.0
2688.0
3324.0
2018.5
2685.0
3098.0
4033.0
2365.0
2798.0
1733.0
2883.0
2676.0
2808.5
1938.5
2703.0
3926.5
2562.0
2095.0
2234.5
2855.0
2929.0
2341.0
2920.0
2681.5
3926.5
1697.0
2038.0
3031.5
3924.5
2340.5
2305.5
2324.5
2969.5
2734.0
1708.0
2639.5
2655.5
2270.0
2671.5
2327.5
2524.0
1455.5
2533.5
933.5
2520.0
2859.0
3338.0
1832.0
2317.5
3689.0
2772.5
2760.0
4166.0
2077.5
2369.0
2765.0
3334.5
2577.5
2697.5
2912.0
2486.5
1906.0
1941.0
1311.5
3614.0
4174.0
2327.0
1554.5
2791.0
2766.0
2442.0
2055.5
3391.5
2863.0
2922.0
2373.0
1954.0
3844.0
2755.0
2382.0
2082.5
2408.5
2152.5
3626.5
1161.0
2585.5
2899.0
1877.5
2836.0
1646.0
2088.5
2048.5
1356.0
3533.0
2833.5
2738.0
2825.0
2657.5
2630.5
2569.0
2031.0
3829.0
3945.5
2325.0
2139.5
4168.5
3658.0
2760.0
3616.0
3873.0
2201.5
1239.0
2081.5
2431.0
2593.0
952.0
2871.0
1575.0
-2810.0
2663.5
3877.0
3789.0
3447.0
3736.0
3982.0
1364.0
2127.0
2601.0
3727.5
1714.5
2669.5
2411.0
4168.0
2335.5
3213.5
2756.5
1905.5
1849.0
2460.0
1655.0
3082.0
844.0
2483.5
2674.5
3337.0
3047.0
2901.5
3668.0
2599.5
3168.0
-3006.0
2938.5
4181.0
2810.0
3248.5
3679.0
2924.0
2738.5
2770.0
2637.0
2608.5
1945.5
2492.5
1679.0
2472.5
3605.0
2783.0
2809.5
2492.0
3497.0
4030.0
2927.0
2945.5
2754.0
2976.0
2165.0
1739.5
4112.0
2775.0
2698.5
2227.5
2044.0
3334.0
2495.0
2623.0
2616.0
2454.5
2214.0
2655.0
1791.5
3215.0
1730.0
2235.5
2810.5
2716.0
3183.5
3195.0
2851.0
2589.0
2531.5
3928.0
3515.5
2878.5
2314.0
3531.5
3071.0
3241.0
2952.5
2494.5
3063.0
2684.0
2880.0
2321.5
2327.5
2815.0
4027.0
2847.5
2000.0
2582.0
4244.0
2397.0
3891.5
2683.0
2960.5
4083.0
2697.0
1882.0
2500.0
2573.5
2344.0
2218.0
2330.5
2897.5
2481.5
2369.0
2524.5
2477.5
2094.5
2401.5
2341.0
2477.5
2029.5
3555.0
2877.5
3087.0
2798.5
2640.5
2460.5
2933.0
3738.0
3076.5
2822.5
2962.0
2575.5
2124.5
3328.5
4128.0
1940.0
838.0
3254.0
3356.0
2626.5
3343.5
2404.5
3745.0
3658.0
1815.5
1587.0
2376.5
3647.0
2538.0
1279.5
2710.5
2061.0
2577.5
2085.5
1492.5
4085.0
3513.5
1888.5
2474.5
2691.0
3812.5
3135.0
1775.0
1718.0
3633.5
2593.5
2647.5
2329.5
1848.5
2422.0
1860.0
3845.0
2719.0
2971.0
2805.5
3964.5
1847.5
2977.5
3802.0
2537.0
4363.0
2470.0
3303.5
2996.5
3476.5
2512.0
2854.5
2950.0
2394.0
3082.5
2541.0
-149.5
2853.5
4171.5
1451.0
-1286.0
2317.0
3434.5
-122.0
1426.5
2508.0
4028.0
4271.0
2023.5
1802.0
4106.5
2140.0
1440.0
1036.0
1756.0
3141.0
2990.5
1769.0
2679.5
3463.5
2458.5
2483.0
2286.0
2256.5
2009.0
1495.0
3002.0
3589.0
2417.5
2042.5
3540.0
2048.5
2666.0
3167.0
4028.0
3862.5
-213.5
2359.0
2676.5
3885.0
3426.0
2412.5
4076.0
2190.0
3161.5
1667.0
1431.0
1763.0
3862.0
2142.5
2392.0
2110.5
4081.0
3614.5
1811.0
3416.0
3972.5
4043.0
1700.5
1033.5
3599.5
3905.0
1282.0
1597.0
2011.0
4063.0
3773.0
1928.5
2202.5
2569.0
2011.5
2681.5
409.0
2623.5
848.0
2396.0
1155.0
2402.0
2374.0
2890.0
2277.5
1887.0
2470.5
320.5
1537.0
3236.0
1768.0
2484.0
804.5
4308.0
2762.5
1246.0
1535.0
2237.0
2436.0
2488.5
1638.0
1866.5
2602.5
1621.0
1540.5
2536.5
3902.0
2896.5
2285.0
3964.0
3339.5
3075.5
1888.5
2315.0
3701.0
2838.0
2736.0
2563.5
2686.0
4113.0
2810.5
2341.5
2535.5
2938.0
2331.0
2832.0
2312.0
3063.5
1986.0
2834.5
2871.5
2729.5
3015.0
2703.0
2235.0
2431.5
2914.5
3890.0
4198.0
4266.0
1907.0
2645.5
4174.0
2657.5
1860.0
2232.0
2143.5
2334.5
1654.5
1898.0
3649.5
2495.0
4141.0
2758.5
2274.5
2442.5
4105.0
3675.0
2209.0
2770.5
4077.0
4132.0
1871.5
1597.0
3830.0
4213.0
2205.5
2566.5
1719.0
2804.5
2655.0
3948.0
2582.5
2441.0
1203.5
2816.0
2174.0
3894.0
1821.0
1970.0
2919.0
2663.5
4107.0
4271.0
3683.5
2174.0
2925.0
2555.0
2546.0
4441.0
1706.0
2297.0
3978.0
1913.5
3655.5
2307.0
2628.0
2715.5
2736.0
2159.0
2367.0
3082.0
4074.0
2394.5
2182.0
2523.5
3422.0
2023.0
1493.5
2907.5
1374.0
4065.0
2033.5
1266.0
3183.5
2502.5
1964.0
2331.0
2181.5
4207.0
2026.5
2438.0
2862.5
2427.0
2788.5
2687.0
2461.5
2425.5
3065.5
2873.5
2037.0
2483.5
2779.5
2273.0
1353.5
2480.5
3205.0
3337.5
2000.0
3475.0
1055.5
3319.0
3276.0
4279.0
-45.0
2509.0
3587.5
3091.0
3377.0
3130.5
3646.0
2888.0
3529.5
3262.0
2357.0
3131.0
3912.0
2997.5
2154.0
2917.0
2607.0
3227.0
2083.5
2492.0
3523.0
2726.0
3847.5
1047.0
2314.0
1490.0
3642.0
1355.0
2534.5
2635.5
1879.0
2814.5
2287.0
985.5
1598.5
2601.0
2725.0
2815.0
3437.0
2180.0
2433.0
2381.0
3373.5
3366.0
1962.0
2864.5
1967.0
2267.5
2690.5
2144.0
3710.5
2935.0
2968.0
3255.0
1629.5
1800.0
1426.0
1652.0
3503.0
2045.5
1766.0
3838.5
3503.0
3303.0
1042.5
2669.0
3184.0
3293.0
2412.0
1072.5
4065.0
3709.5
2475.0
980.0
2308.0
2828.0
3199.5
2367.0
3145.0
1657.5
2300.5
2813.0
1990.5
3699.0
1837.0
3280.5
3752.0
3313.0
3087.0
1797.0
2107.0
-802.0
3281.0
3310.0
2764.0
4318.0
2364.0
3194.0
3593.0
3477.0
3538.5
515.0
905.5
3737.0
3653.5
2895.0
2605.0
2728.5
2965.0
3101.0
1737.5
2699.0
2856.0
2311.0
3369.0
4013.0
2867.0
4279.0
2083.0
2028.5
2350.0
2480.0
2031.0
3260.0
2304.0
3272.0
3434.0
2483.5
2394.5
3148.5
1227.5
1245.0
2203.5
2577.0
2200.5
1494.5
2088.0
3314.0
4191.0
2047.5
2427.0
553.0
2948.0
3626.0
3741.5
544.5
1790.5
3310.0
3971.0
2612.5
1066.0
1540.0
2012.0
1113.0
3184.5
1048.5
2657.5
1230.5
4177.0
219.0
2644.0
1695.5
4050.0
4111.0
3917.5
4216.0
4165.0
4010.0
-1.0
2010.0
3851.0
4200.0
1315.0
1835.0
677.0
500.0
1983.5
2186.5
2517.0
2447.5
1272.5
2945.0
2113.0
2696.0
2153.5
1885.5
2683.5
2487.0
2986.5
1776.5
2571.0
2398.0
2906.0
4045.0
3415.0
3806.0
2522.0
3415.0
2641.0
3443.0
3165.5
1538.0
3204.5
1650.0
2710.0
2849.5
2465.0
3214.0
4195.0
1983.5
2038.5
4125.0
4031.0
2099.5
2981.5
2566.5
2772.0
4208.0
1760.5
2499.0
2330.5
3979.0
2313.0
2504.0
1889.5
4198.0
1806.5
2331.5
1931.5
1518.5
1915.0
2809.5
2298.5
2489.0
1928.5
1445.5
2927.5
2465.5
1106.5
3104.0
2585.0
2581.0
2936.0
2787.5
3043.0
3191.0
2406.0
2614.5
3771.0
3638.0
3533.0
2612.0
3345.0
2655.5
2766.0
1130.0
1505.5
1606.0
3918.0
2177.0
839.5
3085.5
4297.0
3792.0
3080.5
3723.0
3938.0
3399.0
536.5
2201.0
1540.5
1322.0
2881.0
1436.5
407.0
4109.0
3572.0
1795.0
1916.0
3178.0
180.5
3374.0
2519.0
1651.0
3163.0
1948.0
3489.0
1557.0
3984.0
933.5
-63.5
1812.5
-502.5
3883.5
3624.0
4299.0
698.5
3646.5
201.0
3674.0
-510.5
629.0
3924.5
3107.5
3989.5
1140.0
-28.5
1734.5
4017.0
3854.0
-31.0
3701.5
4141.0
3309.5
156.5
3747.0
4171.0
1832.5
715.0
-2586.0
-514.5
3633.5
493.5
-150.0
-148.0
4151.0
3497.0
1746.0
1517.0
2399.5
1670.0
2676.5
1331.0
2899.0
2128.0
3604.0
3397.0
2510.5
3205.5
2286.5
2879.0
992.0
2566.0
3405.5
3922.0
3870.0
2051.0
1944.5
3400.5
2916.0
2760.5
2359.5
3021.0
3738.0
3097.5
2872.0
1793.0
2847.0
4031.0
3251.0
1441.0
3931.5
3901.0
2637.0
3123.0
3051.0
1748.0
4194.0
2571.5
2434.5
4305.0
2782.0
2186.0
2789.0
2360.5
4141.0
3268.0
2613.5
2846.0
3546.0
2672.0
2930.0
2768.0
3058.5
2236.5
3734.0
2603.0
2291.0
4096.0
3754.0
2662.5
2629.5
3207.0
2988.5
3993.0
3123.0
2313.0
2845.5
4154.0
3093.0
2967.0
2814.0
4190.0
3145.5
2032.0
2143.0
1941.5
2889.0
3073.0
3222.0
1821.5
2156.0
2968.5
3187.0
2481.0
3121.0
3124.0
2971.5
2414.0
2191.5
4342.0
3308.0
2525.0
1905.5
1682.0
2960.0
2745.5
2562.0
2900.5
2790.0
2439.5
2598.0
2387.5
2714.0
1090.0
1627.0
2301.0
1997.0
2875.0
2970.0
2193.5
1288.0
2923.5
3186.0
2864.0
3071.5
1061.5
3777.0
3904.0
4374.0
3906.0
2683.0
3406.0
3218.5
2721.5
2978.0
2724.5
3055.0
4111.0
3432.0
2285.5
3842.0
4090.0
3255.5
2472.0
2854.0
3684.0
4197.0
2312.5
2346.5
2973.0
2608.0
3296.0
1631.5
2734.5
2585.0
3449.0
2065.0
2269.0
2142.0
2527.0
3319.5
1120.5
2307.0
2221.5
2019.5
2053.5
2503.0
4269.0
2547.0
1873.0
1823.0
487.0
4099.0
316.0
4174.0
1430.0
3677.5
3748.0
3661.0
3659.0
-134.0
2656.0
2132.0
3401.5
3546.0
2538.5
3377.0
4174.0
2628.0
1743.5
2382.0
3981.0
2625.0
2664.5
4050.0
1873.5
3876.0
3056.0
2132.5
4315.0
1527.5
1880.0
2051.0
1252.5
2549.0
3326.0
1917.0
2221.0
1934.0
1718.0
2566.0
1965.5
2595.5
1710.0
1350.0
2695.5
2223.5
3838.0
3299.0
2632.5
1977.0
2866.5
3955.0
1621.0
4134.0
1356.0
3850.5
3396.0
4447.0
2629.0
2597.5
4005.0
2914.5
3207.5
3106.0
2375.5
3506.0
4142.0
3903.0
2600.0
2842.5
3936.5
2713.5
2171.0
3814.0
1685.5
4074.0
2874.5
1490.5
3543.5
4161.0
2218.5
2080.0
2856.5
4074.0
3883.0
1569.0
2752.0
1896.5
1191.0
3355.0
3315.0
1827.0
3703.0
1454.5
3552.0
1758.5
3442.0
3709.0
-487.0
3082.0
3930.0
4142.0
3728.0
4330.0
1032.0
3458.5
4124.0
215.5
3187.5
-650.5
3856.0
3323.0
3727.0
3240.0
-512.5
3725.0
3668.0
1363.0
-589.0
528.5
4125.0
3831.0
1201.5
3080.0
4156.0
4180.0
331.5
114.5
2153.0
4324.0
2573.0
1350.0
821.0
1782.5
4194.0
2124.0
2786.5
3467.5
2005.0
3425.5
1853.5
2163.0
2849.5
2236.5
2789.0
1876.0
3880.0
3975.0
2752.0
1854.0
3139.0
3831.0
3383.5
4156.0
1928.0
2930.0
4296.0
3286.0
3321.0
1954.5
4009.0
3906.0
3735.0
2083.5
1924.5
3040.0
3347.0
1738.0
1281.5
2319.0
4316.0
3955.0
226.0
3552.0
1548.5
2776.5
316.5
-999.0
4174.0
3618.5
1558.5
-854.5
-355.5
2519.5
3827.0
1267.0
2656.0
2900.0
307.0
3032.0
2464.0
1148.5
2595.0
1273.5
3590.5
3414.0
3562.0
4099.0
165.0
1085.5
1097.0
1684.0
3572.5
4141.0
1858.0
3765.0
3743.5
3034.0
3944.0
2489.0
2382.5
4031.0
3046.5
-821.5
1009.5
1343.0
4130.5
2270.5
1987.0
2218.5
3912.0
3608.0
2719.5
3671.5
3980.5
2783.5
2534.0
1116.5
2594.5
3822.5
2434.5
1900.0
2198.5
2636.5
2263.5
3917.5
3429.0
1613.5
2296.0
3001.5
2942.0
2287.0
1271.0
2327.0
3734.0
3176.5
4189.0
4019.0
471.0
1805.0
2531.0
2032.0
2119.0
4290.0
1944.5
2540.5
4164.0
4054.0
512.0
1578.0
3689.5
2327.0
1971.5
2886.0
2131.0
2622.0
2925.0
3077.5
2163.5
3954.0
4191.0
2782.5
2804.5
3009.0
2892.5
2897.0
1843.5
2791.5
4229.0
2978.0
1906.0
2586.5
740.5
3536.0
3424.0
2106.5
2420.0
2779.0
1775.0
2545.0
2266.5
2493.0
2202.5
1673.5
2770.0
2510.0
4279.0
3201.5
1370.0
1856.5
2762.0
3114.5
2998.0
4402.0
2494.0
2947.0
3992.0
4399.0
1895.0
2338.0
4174.0
3705.0
2810.0
4012.0
1888.0
3797.0
2232.5
2731.0
2127.5
2227.5
3025.0
3207.5
2545.0
3978.0
3826.0
2667.5
2746.5
1988.0
4050.0
2429.0
805.5
2740.5
2210.5
4155.0
3060.5
3655.5
2951.0
3278.5
2336.0
3043.0
3173.0
1775.5
1476.0
1596.0
3321.0
3292.0
3135.5
3524.0
1768.5
2415.5
3279.0
3735.0
3783.0
3579.0
2364.0
3256.5
4129.0
4267.0
2850.0
1622.5
3387.5
566.0
585.5
2192.0
2044.0
1955.0
3502.5
1941.5
1967.5
2387.0
2582.0
4036.0
2104.0
4200.0
3836.0
4093.0
997.0
2293.5
3518.0
4131.0
1906.0
2470.5
2540.5
2872.0
4045.0
3191.5
3077.0
2242.0
2769.5
3384.0
2379.5
3288.0
2395.0
2695.5
3500.5
2731.5
3283.0
4256.0
3158.5
2147.5
2774.0
3471.0
4064.0
3542.0
1905.0
3366.0
3385.0
3149.5
2190.0
2578.0
3839.0
2094.0
3836.0
2454.5
2494.5
671.0
2073.0
4038.0
2230.0
2817.5
2215.0
2905.0
2233.5
2991.0
3474.0
2932.0
2499.0
1237.0
4315.0
4149.0
1924.5
2826.5
741.0
2695.0
3755.0
2661.5
2858.0
3146.5
3233.5
2702.5
1896.5
2741.5
2858.5
2127.0
3551.0
3406.5
4084.0
2712.0
2394.5
2449.0
3262.0
3740.0
3120.5
3623.5
2003.0
3845.0
3596.5
4139.0
2579.0
3613.0
3811.0
2528.0
3517.0
4152.0
2253.5
2712.0
4276.0
1893.5
1319.5
2351.5
4375.0
3523.0
3024.0
3581.0
4019.0
1914.0
3130.5
1039.0
3253.0
3566.0
1878.0
898.0
2671.5
3863.5
3546.0
2858.0
2937.5
2437.0
1728.5
3446.0
3034.0
2565.5
3294.0
5.0
3395.0
2020.0
3893.0
3921.0
1438.0
3486.0
2019.5
4018.0
3881.0
4092.5
748.5
3338.5
2643.0
3599.0
3012.0
2347.0
3816.0
2859.5
1788.0
3113.0
37.5
2821.5
4203.0
2165.5
2.0
2456.0
2411.5
3559.5
2437.0
3403.5
2880.0
4133.0
1926.0
1106.5
2570.0
2892.5
2485.0
1224.5
1198.5
3221.5
2669.0
3967.0
2608.0
2432.0
3001.0
2854.0
1913.5
1973.5
2950.0
1888.0
3143.5
2689.5
3531.5
4249.0
2379.0
2685.0
3240.0
3557.5
3366.5
2917.0
2449.0
3723.0
4353.0
3373.5
3687.0
2563.0
3662.0
3648.0
2873.0
2266.0
910.0
3272.0
3121.5
1764.0
2634.0
2858.0
3277.5
3386.5
2041.5
4012.0
3746.0
4029.0
3463.0
2163.0
4195.0
2601.5
1424.0
-226.5
1303.5
4122.0
3964.0
2141.5
1867.0
3239.0
1854.0
2358.0
921.5
2365.5
3421.5
841.5
1473.0
2495.0
3851.0
1560.5
1833.0
1420.5
1868.0
3714.0
1912.0
4419.0
202.0
2224.5
930.0
3694.5
3333.0
2286.0
3911.5
3866.0
1427.5
3548.5
1787.5
3752.0
4260.0
1764.0
3323.0
3547.0
4129.0
847.0
1300.0
3759.0
3982.0
4314.0
-362.0
-778.0
3758.0
4172.0
446.5
1010.0
2937.5
4226.0
2748.0
2145.0
3536.0
3532.0
2645.5
3525.0
2090.5
1304.0
3263.5
1683.5
2616.5
2377.0
4267.0
2516.5
1911.0
2298.5
3340.5
2317.5
3531.0
2578.0
2365.0
2101.5
3708.5
3592.5
2781.0
2111.0
3527.0
3160.0
3243.0
3006.5
2310.0
3081.5
3492.0
3766.0
1962.0
1956.5
3340.0
3324.0
1890.5
3606.0
2781.5
3407.0
2134.0
1559.5
3260.5
3564.0
2835.0
2627.5
2008.0
3385.0
3934.0
2599.5
3698.0
3472.5
3273.0
4030.0
2488.5
2698.0
2873.5
2696.5
2280.5
3020.0
4169.0
3717.0
1613.0
3181.0
3596.0
4053.0
3270.0
3861.0
1247.0
3431.5
3644.0
4409.0
253.5
2390.0
4091.0
3948.0
3881.5
3564.0
1479.5
3714.0
3868.0
973.0
381.5
819.0
4131.0
3605.5
1110.5
3876.0
1705.0
1504.0
2989.5
1351.0
3388.0
4209.0
1580.5
1681.5
847.0
3268.0
3853.0
1124.5
3393.0
2774.5
2331.5
3092.5
2565.0
2762.0
3030.5
2160.0
2636.0
2307.0
4135.0
2435.5
2165.0
3052.0
2792.0
2983.0
3842.0
4316.0
1421.0
3423.5
4177.0
2946.0
3876.0
1127.0
1606.5
3611.0
1927.0
513.0
2825.0
2349.0
1560.5
-931.0
2584.5
2847.5
3997.0
2592.0
2191.0
3447.5
4270.0
1237.5
2290.0
2029.0
4029.0
3509.5
869.0
1182.0
2603.5
3395.0
2049.5
2672.5
3874.0
1318.0
3562.0
3217.0
1931.0
2460.0
963.0
618.5
2136.0
3560.5
4178.0
3974.0
2023.0
1764.0
3999.0
1574.0
936.5
4377.0
571.0
2654.5
4100.0
4363.0
2651.5
2596.5
4092.0
3025.0
2413.0
2678.0
2069.5
2890.0
3043.5
4017.0
1807.0
2779.5
4084.0
3240.0
2938.0
3006.0
4318.0
3311.0
2412.5
2037.5
3166.5
2622.0
424.0
1131.5
2354.0
2501.0
3687.0
2400.0
2898.5
3577.5
1895.0
2255.0
2528.0
2177.5
1138.5
368.5
3008.5
2740.0
3918.0
3523.0
2430.5
2210.5
2612.0
3372.0
4195.0
3089.0
2476.0
3472.0
2962.0
2802.5
4031.0
2345.0
3351.0
3996.0
1990.0
1934.5
2503.0
2124.5
3442.0
3190.0
1670.0
2200.0
3506.0
3942.0
2558.5
2930.0
3718.0
3257.5
2756.0
2426.0
4057.0
3291.5
2448.5
2382.5
2110.0
3784.5
3086.0
2746.0
2738.0
2957.0
1854.5
2901.0
2587.5
3028.0
2420.5
1973.5
3180.0
3058.0
3600.0
4080.0
2571.5
2262.0
2822.0
3205.0
3590.0
4371.0
2793.0
3552.0
3029.0
4421.0
2675.0
2557.5
4059.0
2918.0
2622.0
3234.0
2267.5
3350.0
3658.5
3546.0
3107.5
2192.5
3774.0
1290.0
2506.0
4059.0
2731.5
3840.0
1751.0
1263.5
4241.0
2822.0
2613.0
2389.0
2231.5
2960.0
3631.0
2597.0
2696.0
2624.5
2478.0
2927.5
2637.0
2963.0
2271.0
1848.5
3335.0
1119.0
3083.0
4282.0
2936.5
2577.0
2931.0
3706.5
2618.5
4418.0
2442.5
2610.0
3115.0
3161.0
3554.5
2695.0
4070.0
2938.5
3935.0
2876.0
1734.0
2903.0
4126.0
3528.0
2480.5
2622.0
2752.0
3228.5
3306.5
3555.0
3897.0
3122.0
2825.0
3212.5
3599.0
2972.0
2069.5
2466.5
2447.5
3030.5
3441.5
3380.0
2986.0
2975.5
2512.0
3510.0
1911.0
2602.0
1527.0
2296.0
2245.5
1886.0
3846.0
3961.0
1749.5
2433.0
3979.0
4016.0
1159.0
4481.0
754.5
4026.0
141.0
3474.0
1102.0
175.0
2142.0
3720.0
3171.0
667.5
1043.5
2180.0
1308.5
1788.5
1241.0
2493.0
1875.5
1687.0
1372.5
1282.0
2287.5
4136.0
2102.5
621.0
4156.0
1689.0
1979.5
1146.0
2374.5
3442.0
3262.0
1260.0
2477.5
1722.0
1318.0
2838.5
1409.0
2648.0
1637.5
3205.0
3571.5
3105.5
3793.0
2441.0
1945.0
2553.5
4127.0
4100.0
-111.5
3926.0
1230.0
1122.0
771.0
1115.5
59.5
23.0
3966.0
838.5
-146.0
672.5
-583.5
-127.5
4073.0
3995.0
-591.5
182.0
1323.0
584.5
893.0
1113.0
1430.5
3452.0
1556.5
1209.5
2283.5
1524.5
1703.0
2088.0
2015.0
4123.0
3769.0
766.0
2629.5
1608.5
-817.0
3697.0
2116.5
3126.0
-219.0
1557.0
1274.5
1256.0
3957.0
1743.5
-667.0
1851.5
1429.0
574.5
3349.5
1522.5
2206.5
1020.0
1234.0
4147.0
1987.0
645.5
1388.0
1625.5
1935.5
2405.0
3058.0
797.5
2319.5
4081.0
2586.0
3278.0
1777.0
2540.0
2536.5
2233.0
4235.0
2688.5
660.5
2015.0
2311.0
4258.0
2121.0
2005.5
2062.0
2679.5
3068.0
2461.0
2864.0
2550.0
1708.0
4188.0
2245.0
2476.0
2151.5
2376.5
2533.0
2484.0
3200.0
3265.0
4172.0
2678.5
2822.0
3027.0
3019.0
3069.0
2433.0
2822.5
2950.5
4145.0
2875.0
2621.0
3061.0
3371.0
2800.0
2640.5
2112.0
2749.5
3388.0
3017.0
2098.0
2453.5
3488.5
2736.5
2433.5
4004.0
2564.5
2442.5
2421.5
2195.5
1961.5
4166.0
1102.0
2326.5
2023.5
3630.0
2062.0
3063.5
2882.5
2353.5
3169.0
2913.0
2493.0
2871.0
2741.0
3068.0
3496.0
2895.0
3688.5
3589.0
2602.0
3059.0
3529.0
3106.0
2871.5
3682.0
1829.0
3204.0
4253.0
3718.0
2529.0
3137.0
3501.0
3571.0
4012.5
1630.5
1528.5
3330.0
3767.5
3601.0
2641.0
2656.0
4348.0
2982.0
2223.0
2814.5
3964.0
3648.0
3497.0
1127.5
3725.0
3678.0
110.0
1110.5
2276.0
4086.0
3541.5
1683.5
2356.0
3526.0
3047.0
3633.0
3536.0
1952.0
1970.0
1409.5
2332.5
2297.0
2659.5
4145.0
1859.0
2428.5
1436.5
1574.0
4179.0
4222.0
1906.0
2131.0
4110.0
3759.0
1827.0
2128.0
2107.0
3545.0
3393.5
3729.0
1871.5
3711.0
1896.5
1784.5
3011.5
972.0
4229.0
1666.0
1658.5
1952.5
1292.0
2330.5
3238.0
1670.0
3251.0
2740.0
1355.0
1826.0
20.0
3417.0
3043.0
2425.5
2413.0
2527.5
2211.5
2937.0
1934.5
2617.5
3196.0
2855.5
3398.0
2565.0
3830.0
2852.0
2590.5
3358.0
3031.0
4034.0
4066.0
2954.0
2475.0
3707.0
3863.0
4365.0
2768.0
2294.5
2988.0
2598.5
3657.5
3347.0
1602.0
3206.0
4040.0
2497.0
3227.0
3099.0
3894.0
2874.5
2437.0
2455.5
4111.0
3999.0
3346.0
2207.0
3764.0
3432.5
3576.5
3254.0
3094.0
3398.0
2729.0
2856.0
3835.0
3703.0
1048.0
3779.0
3368.0
1111.5
523.0
-4.5
193.5
1074.0
4139.0
4231.0
1147.5
3680.0
3917.0
3679.5
3855.0
1633.0
1781.5
1962.0
4031.0
3269.5
2238.0
1419.0
3450.0
1023.0
3838.0
2082.0
915.0
3659.0
2586.0
2327.5
2305.0
2271.5
2907.0
3568.0
2199.0
3679.0
2947.0
2947.0
2283.5
2020.5
4143.0
4302.0
2524.5
1834.5
2850.5
4091.0
2274.0
2784.0
3622.0
3198.5
2498.0
2961.0
3195.0
2919.0
2593.0
2109.0
2497.5
2720.0
4298.0
3971.0
2573.5
3242.0
3592.0
2797.5
2902.0
2733.5
2407.5
1179.5
3469.0
4404.0
2632.5
2562.5
2845.5
3333.0
3854.5
2841.0
2252.0
3263.0
4176.0
4114.0
2406.0
2584.0
3429.0
3445.5
3297.5
3428.0
4388.0
3566.0
3254.0
3043.5
3979.0
4265.0
2765.5
2412.0
2444.5
3570.0
3492.0
3073.0
2580.5
2314.0
2578.0
2055.0
2820.5
2478.0
2386.0
2698.5
3482.0
4138.0
4218.0
2882.0
2745.0
2585.0
3599.0
2698.0
3492.0
4221.0
2722.5
3929.0
1994.5
3781.0
2679.0
3228.0
3913.0
2776.0
1879.5
1752.0
1418.5
2542.0
3504.0
2023.0
1946.5
2874.0
4154.0
2814.5
2923.0
2748.0
3437.0
3613.0
2361.0
2952.5
3018.0
4128.0
2380.0
2189.0
2069.0
3861.0
2951.0
1424.0
2788.0
2581.5
2284.0
2910.0
2478.0
2745.0
2607.0
2469.5
3401.0
2893.0
4404.0
2663.5
2630.5
2494.0
2867.0
3055.0
2736.5
3178.5
2391.0
4176.0
3955.0
3980.0
4041.0
2731.0
2971.5
4047.0
2836.0
2961.0
2953.5
2826.5
3745.0
2999.0
2190.5
3993.0
2667.5
2802.5
2664.0
2989.0
3419.0
3161.0
2465.0
4014.0
4127.0
2888.0
2910.0
1536.0
2414.5
2692.0
2826.0
1485.5
2575.0
2734.5
1838.0
2582.0
2296.0
2700.5
3218.0
2034.0
2625.5
2542.5
3444.0
3420.5
2486.0
3037.5
3948.0
4250.0
2731.5
4293.0
1714.0
2945.0
2033.5
2730.0
4077.0
1807.5
2434.0
3995.0
3097.0
3261.0
1968.0
3637.0
4228.0
2625.0
2852.0
1925.0
3922.0
4128.0
1988.5
4092.0
2111.0
3816.0
3268.0
1059.0
3430.0
2469.5
1901.5
1605.5
2025.5
2658.5
3726.0
1535.0
1994.0
3753.5
1489.0
3961.0
539.0
3328.5
3147.0
2868.0
3846.0
2440.0
2450.0
4031.0
2032.5
2369.5
3483.5
2744.0
3722.0
4311.0
3184.5
3429.5
4366.0
4313.0
3934.0
2310.5
3813.0
3538.5
2601.0
2326.5
1860.5
2632.5
2770.0
2608.0
2582.5
2844.5
3904.0
3697.0
2684.0
3735.0
2797.0
2917.5
2079.0
2469.0
3435.5
4226.0
1628.5
1707.5
2320.5
2983.0
4004.0
1692.0
1866.0
3828.0
2427.0
3408.0
2449.0
2689.0
3118.0
2300.5
3540.0
3354.0
3661.0
2581.5
4086.0
2703.0
2962.0
3723.0
4177.0
2848.5
2627.0
3910.5
4144.0
4212.0
2978.5
2965.0
3648.0
3748.0
3483.0
2885.5
3094.5
2892.0
4165.0
3373.5
2547.0
4079.0
4076.0
3872.0
2091.0
3078.5
4318.0
3347.5
3228.0
2197.0
4375.0
2462.5
2099.0
2197.5
3244.0
2998.0
4060.0
2765.0
2495.0
3481.5
2108.5
2716.0
3346.0
1781.5
3088.5
2889.0
3518.5
2558.0
4182.0
4030.0
615.5
3525.0
3303.0
2061.5
4331.0
2798.5
2692.5
2592.5
4007.0
2822.5
3423.0
2002.0
2343.0
3989.0
3447.0
2423.5
2207.0
2940.5
3538.0
2155.5
1546.0
1714.0
2549.0
3946.0
3660.0
3738.0
3907.0
1942.0
2560.0
2352.5
4300.0
2332.0
2118.0
1881.0
1106.5
2116.0
2238.0
1512.0
2210.0
1980.5
2420.0
2966.0
2360.0
3304.5
1779.0
820.0
3836.0
3435.0
3802.0
3833.0
2681.5
2795.0
2140.0
3421.0
1986.0
3051.0
3064.0
3934.0
2416.5
3259.5
2859.5
3650.0
3585.0
3818.0
3231.5
2364.0
2643.5
2699.5
3343.0
3310.0
1796.0
4124.0
4363.0
3188.5
2879.0
3582.0
2889.5
4185.0
3153.5
2978.5
4232.0
3716.0
2282.5
1952.0
1896.0
4001.0
3625.0
3475.5
2682.5
3627.0
1760.0
2470.0
3073.5
1163.0
2592.0
2594.0
3735.0
1948.5
4141.0
2997.0
2435.5
3150.0
3260.0
3451.5
4148.0
4219.0
2562.0
3366.5
4134.0
4268.0
3149.0
2791.5
3732.0
3266.0
2644.5
2650.5
2381.0
3212.5
3740.0
3394.5
3000.5
2793.0
3483.0
3475.0
2581.5
3354.0
2939.0
3451.0
2734.5
2110.0
4145.0
4169.0
2466.5
2551.0
2778.5
3177.5
2940.0
2612.5
2495.0
2544.5
2563.0
3487.0
2121.0
2808.5
2249.0
2500.0
3884.0
3603.0
3935.0
3980.0
2150.5
2441.0
3536.0
2575.5
3276.0
2815.0
2515.0
3775.0
4085.0
2970.0
3280.0
1948.0
3747.0
3448.0
2159.0
2612.0
925.0
3534.0
3826.0
2168.0
377.0
2051.0
3472.0
3682.0
2204.5
2255.0
3754.0
2363.0
2997.0
2364.0
4307.0
3374.0
2356.0
1833.0
2270.0
4007.0
3641.0
2716.5
2541.0
2490.0
2519.0
3423.5
3192.0
2783.0
3114.5
2261.5
3616.0
2832.0
2989.0
3923.0
2563.5
2799.0
2224.0
3473.0
3840.5
3270.0
2611.0
3941.5
2296.0
4178.0
2934.0
2581.5
3787.0
3187.0
3502.0
3320.0
2054.0
3162.0
3708.0
2878.0
2132.0
2403.5
4135.0
3643.0
2592.5
2690.0
3015.5
2942.5
3017.0
2562.0
4392.0
3315.0
3471.0
2625.0
2778.0
3325.5
3694.0
2717.0
2835.5
3705.0
1852.0
2819.0
2924.0
2753.0
2716.0
2957.5
3544.5
3408.0
3499.0
2610.0
3438.0
2694.0
2607.0
2089.5
3358.0
4302.0
3232.0
3670.0
3504.0
3166.0
2955.0
2300.0
3604.0
3367.0
3695.0
1801.0
1259.0
3537.0
3708.0
2402.0
3009.0
2474.0
3738.0
3714.0
1925.5
3784.0
4091.0
2371.0
2510.5
2404.5
3918.0
1563.0
1926.0
950.0
1300.0
4080.0
3946.0
897.0
2307.0
3307.0
1888.0
3635.0
2377.0
2183.5
398.5
2847.5
2220.0
3505.0
4294.0
3798.0
2226.0
1973.0
1637.0
3688.0
2438.0
4512.0
2631.5
4012.0
2705.0
4187.0
3797.0
1635.0
2870.0
3765.0
1806.5
1315.0
1833.0
2911.0
3850.0
2612.0
1975.0
2379.0
2510.5
3337.5
2604.0
3400.5
3850.0
3862.0
2313.5
2360.0
3112.0
4075.0
3263.5
2506.5
2262.5
3977.0
4031.0
2408.5
1911.0
3613.5
3178.5
3275.0
3189.0
3264.0
2575.5
2104.5
2871.5
2695.0
4331.0
4118.0
2524.5
2991.5
3490.5
3670.0
4134.0
3858.0
2638.0
3852.0
4021.0
3185.0
2953.5
2957.0
2886.5
2769.0
4044.5
3310.0
212.5
2923.0
3936.0
2674.0
3030.0
2266.5
3968.0
2445.0
2621.5
3721.0
4158.0
4238.0
3312.0
1962.0
3571.0
3296.0
2132.0
2464.0
3050.5
3407.0
3731.0
1742.5
1422.0
3767.0
156.0
3779.0
3539.0
2338.0
2971.5
609.5
216.0
284.0
3911.0
4245.0
1218.0
3587.0
1361.0
2179.0
1044.0
2015.5
1591.0
4023.0
4310.0
3706.0
2159.0
2622.0
4210.0
3756.0
3717.0
1916.5
1907.5
3401.0
4262.0
3677.0
2211.0
2777.0
2825.0
3672.0
2135.5
3752.0
4077.0
2841.5
2229.0
2269.0
2555.5
3838.0
1825.5
2041.5
2193.0
3353.0
3632.0
1715.0
2393.5
2675.0
1402.5
3556.0
2749.5
2797.0
2374.0
1736.0
2489.0
1043.0
4296.0
3033.5
2300.5
1392.5
3583.0
4155.0
3946.0
4226.0
2325.0
1776.5
4331.0
3901.0
1344.0
1718.0
3488.0
1658.0
2310.0
757.0
2568.5
1493.0
1976.0
1001.0
3282.0
2227.0
4153.0
2370.5
1849.5
2504.0
2779.0
2928.0
2566.0
1628.0
2963.0
4211.0
1727.5
2394.0
2370.0
2830.0
4062.0
1267.0
598.0
4025.0
2144.5
3225.0
3284.0
2325.0
1725.0
2542.0
3750.5
2162.5
4122.0
4118.0
2096.0
1911.0
2580.0
4057.0
2511.5
4297.0
2641.0
2535.0
4148.0
4130.0
2580.0
2577.0
2174.0
3888.0
3763.0
2813.5
1292.5
2779.5
2961.0
2683.0
2796.5
2339.5
4152.0
3664.0
2569.0
3739.0
2440.0
2451.0
2590.0
1757.0
2320.5
2909.0
1977.5
1797.5
2527.0
2757.0
2807.5
2602.5
3473.0
3610.0
1380.5
3432.0
2395.5
2762.5
3168.0
2742.5
2712.5
3532.0
3948.0
4251.0
2509.5
2214.0
3160.0
2168.5
3888.0
2820.0
2457.5
3892.0
3526.5
2743.0
3891.0
2663.5
2985.0
3877.5
2393.0
2047.0
2852.0
2832.0
3576.0
4109.0
2184.0
2888.0
3647.0
3256.0
2672.0
3692.5
3040.0
3296.0
2272.0
2502.0
4005.0
4313.0
3092.0
2343.0
2555.0
3857.0
2676.0
2286.0
2451.0
2212.5
2372.0
3257.0
2287.5
2900.0
2877.0
2935.5
3125.5
2804.0
4027.0
3693.0
2727.0
2649.0
4137.0
3588.0
2254.0
2996.0
2573.0
3262.5
3404.0
4049.0
3486.0
3301.0
3708.0
3828.0
1354.0
2303.0
2468.0
3407.0
3690.0
3475.0
2469.5
2962.0
3595.0
330.0
2739.0
2096.0
1150.0
3943.0
2819.0
1832.5
2945.0
2620.0
1484.0
2475.0
1959.0
4329.0
3415.0
2476.5
2668.0
2807.0
2723.0
3901.0
2765.0
3131.0
2214.0
2588.5
3223.5
2545.0
3836.0
2602.0
2586.0
2872.0
4086.0
3696.0
3209.0
3034.0
2685.0
3897.0
2850.0
4324.0
3652.0
2496.0
1934.0
3531.0
2696.0
2797.0
2633.0
1610.0
4120.0
3043.0
2319.5
2829.0
3141.0
2857.0
3716.0
3036.5
3036.0
4192.0
2517.0
1654.0
2955.0
3039.0
1964.5
2290.0
1932.5
1874.0
3185.0
2545.0
4108.0
2799.0
2337.0
1242.0
2412.0
2952.5
2252.5
2563.0
2734.5
2853.5
2613.5
4263.0
2771.0
2469.5
2821.5
2833.0
3799.5
4316.0
2784.5
2698.0
2935.5
4099.0
2623.0
2802.0
2869.5
2858.0
2856.5
2721.5
3206.5
2928.5
2808.0
2600.0
2421.5
4084.0
4022.0
2903.0
2738.0
2995.5
3026.0
2070.0
2563.5
2657.0
2728.5
4055.0
1829.0
2413.0
1884.0
2286.0
2721.0
2591.0
2570.5
3028.0
1759.0
2993.0
2486.0
2684.0
1566.5
2905.0
2617.5
2788.0
3453.5
2971.5
2906.0
2570.5
3832.0
2979.0
2969.0
4354.0
2596.0
2774.0
3092.0
3011.0
3816.0
2835.0
3070.0
2988.0
2897.5
2478.0
2497.0
2885.0
3078.0
2725.0
2503.5
2863.0
4241.0
3046.0
2280.5
842.0
3089.0
3208.0
2332.0
2443.5
4446.0
4336.0
2349.0
2723.0
2264.5
4129.0
3247.0
2196.5
657.0
2262.5
2348.0
2830.0
2519.0
4075.0
1612.5
1914.5
3381.0
2039.0
2832.5
2641.5
2774.0
3539.0
3747.5
2090.0
2923.0
4438.0
2530.0
3017.0
2844.0
4121.0
2905.0
3592.0
3117.0
3562.0
2868.5
2742.0
2882.0
2752.0
3693.0
2223.5
1838.0
3206.0
3003.0
2454.5
1946.5
3854.0
2755.5
3356.0
2706.0
2029.0
4345.0
4362.0
1453.0
1546.0
2461.0
2795.0
3493.0
2649.0
3479.0
2771.0
2518.5
3010.0
2272.5
2941.0
2491.0
2829.5
2680.0
2692.0
3515.0
3462.5
2517.0
2040.5
3862.0
2866.0
2829.0
4401.0
2730.5
2824.5
3635.0
4347.0
2878.0
2475.5
3083.0
3638.0
2655.5
2422.0
2651.0
2878.0
3083.0
4229.0
2389.5
2756.0
2600.5
2481.0
2864.5
3030.0
2824.0
3061.0
2436.0
2682.5
4131.0
3128.0
2379.5
2734.0
2248.0
2941.0
2782.5
2648.0
3975.0
2946.0
2592.0
2829.0
2356.5
2781.5
2406.0
2866.0
2778.0
2723.0
3095.0
2891.0
2513.0
2797.5
2956.0
2897.0
1850.0
4396.0
2640.5
2773.5
4170.0
4195.0
2662.5
2767.0
2048.0
2564.0
2573.0
2659.0
2173.0
2740.0
2543.5
2384.0
2229.5
4101.0
2704.0
3984.0
2686.5
2709.5
3071.0
4157.0
2086.5
2662.0
2103.0
2988.5
2781.5
2518.5
1909.5
2945.0
2532.0
2437.0
2601.5
2408.0
1971.0
4090.0
2170.5
2664.5
2001.0
2409.5
2913.0
2619.5
3050.0
1716.0
2787.0
817.5
1810.0
2571.5
1216.0
3417.0
1823.0
2854.5
4118.0
4063.0
2977.0
3019.0
2909.0
2866.5
3002.5
2841.0
2709.0
2902.0
3025.5
2856.0
2531.5
2800.0
3101.0
2905.0
2787.0
2911.0
3416.0
3018.0
2424.5
3002.5
4279.0
3749.0
2379.0
2405.0
1597.0
3029.0
1177.5
2737.5
2093.0
3711.0
1428.5
2847.0
2184.0
2262.0
1383.0
1889.0
3035.5
2624.0
3370.0
3171.0
4143.0
1832.0
2880.0
2095.0
2665.0
4480.0
1889.0
2606.5
2809.0
2443.0
1954.0
4135.0
3542.0
2524.5
1740.0
2063.0
1611.5
2197.0
3451.0
1955.0
1342.0
2801.0
4078.0
2473.5
1955.0
2732.0
2107.0
2129.0
-507.0
2236.5
2968.0
3215.0
1288.0
1993.5
1673.0
3823.0
3006.5
1939.0
2464.0
522.5
1701.0
2459.5
1824.5
3817.0
2283.0
2705.0
3330.0
2436.0
2026.0
3652.0
4179.0
2005.5
2772.5
2598.0
2208.5
2974.0
2800.0
2793.0
2380.0
2376.5
2370.0
2299.0
3483.0
2353.0
