-6709
-1491
-8844
166
1304
5125
-5253
5013
4971
1203
-2766
2962
4754
567
-765
-10137
4007
522
-228
-2439
-5239
683
-6289
4390
5255
3959
-6507
7732
1200
-1675
1605
4134
6360
7411
-3317
-5696
3040
5284
-434
440
-1723
1859
-6323
1686
2230
6656
-3259
966
6069
7741
-3138
6162
6005
523
-1112
-3895
5764
4084
-1341
-6481
-3595
-55
-3742
313
5381
1500
-7036
2326
1362
4079
-3564
5417
7084
7210
2319
-2452
1461
8952
-947
-2381
1486
4858
-6999
6263
3440
4112
-438
344
1169
4484
2441
1623
97
1917
2678
-4868
2527
4708
-3007
-6177
-6284
-436
-4685
2941
2994
2445
-2143
903
5614
-176
-939
4967
-2597
4095
2279
-1157
1259
7195
567
-5502
-1305
-1554
-3173
4383
5994
-1733
-5066
4142
5717
1016
-4344
-1131
5802
-2437
-1572
-2379
2035
5977
3813
-1946
2849
876
-2303
2484
5369
1197
-3636
271
5189
5047
1886
5022
7091
7394
471
926
7205
7403
4471
592
-1255
1314
-2444
419
-894
3254
-4396
3166
1361
4581
4983
4121
1370
4975
-4347
-2831
7861
2830
1748
-6268
-1611
2996
-2494
3689
6639
-928
-2566
726
7845
2070
-306
3140
4394
6671
-444
-9976
10582
6316
-4531
-187
4180
3004
-3287
2585
3848
3099
-1720
3545
6090
2726
-1727
9766
4865
7803
1504
-2857
5844
4273
2956
1754
-327
959
-2697
7905
8913
2483
-3500
5385
5006
4050
-257
8908
4642
7218
1247
1568
7476
7666
-2677
-3191
344
4680
-4173
2811
6422
6818
1869
151
2571
6355
857
4687
7133
10186
3365
-2441
7523
7003
218
-61
1062
4315
-6919
2272
8623
2726
-3440
3905
5726
7430
-6
7047
5734
6680
4156
-589
2507
5661
1631
-1283
-348
4516
1882
5768
5881
7470
-224
3539
4626
4853
4308
881
6077
7912
4874
5042
7620
8869
8495
3596
1453
3912
712
1839
4351
3419
-1287
4686
5368
2256
759
8708
9329
8769
-2135
-1759
5729
5501
1047
-1735
-115
-5594
-2708
4984
5117
8547
-1998
5248
8200
5329
4159
6269
7973
7718
2199
2214
8961
9095
5777
3197
1043
3292
-2232
1475
7408
3439
4127
3780
3596
2659
4997
7003
6564
5436
8481
4665
10096
7611
1354
1150
6134
5584
-1959
6371
7951
5787
903
8558
8465
6123
-799
8018
4114
7868
2387
-2407
7682
8031
-152
-2032
4271
6442
544
7052
5131
6155
1175
5568
5533
7462
-2459
7504
8737
7188
7460
1523
7516
9042
4951
1351
5951
5844
1249
4712
8616
8357
-3494
6866
7851
7805
4961
7392
4618
10698
3210
63
9152
5940
1239
779
4295
6103
-5121
6375
8126
7974
-3053
9106
4354
6522
2533
7061
9732
8435
6081
4600
9717
8706
3049
2354
-289
7476
-1100
4629
11246
8335
4311
8447
4943
10046
6402
5790
7875
7744
3719
-2728
7176
6476
1891
2877
567
5368
2455
5508
11191
8471
1088
2038
9927
5812
3848
7859
7537
10313
3704
3902
5792
5152
2298
-1418
85
8025
-2564
7672
6726
8743
-636
6598
7646
6118
2942
8626
6765
7278
4830
2948
9287
8394
2772
5335
3262
6081
-6152
7529
10370
5631
-1100
7494
8873
7446
-226
7901
8948
7869
7179
2653
10221
9181
3898
1215
5899
8784
-2700
2923
9457
8689
426
5351
7891
10432
2725
7820
6509
9571
6985
547
8055
10687
7419
-3232
2670
8296
-1632
7425
6552
6105
3372
7622
8781
8782
6489
8715
7546
7383
5888
2671
8718
9483
3352
1161
6045
7663
-3240
8050
7821
8649
4177
7123
8904
9619
2763
7934
9769
7720
4651
-334
10262
9398
5382
2021
3952
6021
-4599
6493
6166
7956
-6188
8005
6819
9380
7499
5348
9135
6805
3463
3491
10451
10610
1787
4320
5189
1255
3513
5966
5423
7714
2448
10820
8969
9225
2686
7524
8854
11050
4592
233
7016
8233
3047
2064
6381
7842
1675
8883
8060
6720
57
8788
10334
7786
5941
9084
10751
10476
3013
3336
10032
8034
6848
2834
3785
6070
-3179
6980
8447
10706
2617
7252
10795
8924
5951
10680
10240
9254
7436
-910
8255
10271
1811
2678
7559
4558
2835
9037
7385
7578
4283
6814
7497
7079
-1928
9600
10894
8767
7247
-1259
10682
9172
2669
-103
4692
6710
-384
7618
9522
8518
2317
7578
7066
10022
5559
8780
9246
8588
3285
2032
11140
9057
7491
4651
4919
5983
357
7796
7732
9065
2782
8945
8684
10530
3464
11446
11189
9367
6615
3718
9539
10791
4590
5825
7606
6768
95
10284
8254
7925
3387
8126
8579
9651
4329
8987
9648
7927
5379
1697
10679
11284
4741
1876
8157
6003
-1064
9720
3588
7645
3268
8986
9188
10411
2196
9597
7356
10313
2793
1792
9678
10523
-1487
2137
7327
7072
-2839
9678
7157
10747
4898
6488
9731
9057
4310
8897
9592
10126
6365
4470
10066
9561
3765
4665
1550
7407
900
9742
8487
9107
1985
10392
12147
10714
4770
7738
10322
8781
8576
2453
11175
8344
3586
3437
5602
5510
-4190
8581
7129
8596
4973
7899
8913
10492
7474
11311
11474
8296
6636
3486
8493
10963
8218
653
3615
5655
-2471
9710
9192
10072
1842
6947
9219
9870
6070
8850
12142
9830
5160
718
9669
10744
4690
3390
3684
5846
-1726
7645
11115
9612
4023
5088
9636
9348
8334
11045
9878
10029
9043
3068
10597
11865
4152
3714
4962
3080
1636
8711
10526
9823
5656
7543
11242
9355
6782
10168
10021
11787
8434
3683
10015
10671
9030
7869
6225
8906
1508
9654
8619
9842
4306
7463
11479
10867
6658
9444
11454
11089
6820
4744
10089
10873
8076
-510
6460
10044
-246
8664
9045
9495
4941
7159
8576
9492
2393
11523
11007
7297
6443
-2896
11290
10359
6341
5975
6845
6172
-267
8675
10908
9310
2795
8691
10435
8150
7360
10243
11709
6102
3488
632
10824
10983
7658
1827
7401
4563
833
11228
9105
11446
4543
8508
6558
10576
6882
12278
9662
10580
7884
3937
9787
9504
5684
4264
7668
7026
-596
10210
7227
11801
3439
9233
9780
9402
5622
8714
9086
10635
5861
3287
9377
11800
4073
5712
5860
8728
1945
11393
10954
7056
2622
10654
10450
7692
6482
11921
11788
10048
8126
2304
9834
11169
3401
4213
8192
9251
3254
11331
10851
8271
3949
7596
7961
11233
9240
7678
10818
10942
8530
5565
11037
10862
7703
6416
8984
10881
3064
7824
9944
10825
5997
6585
8083
10231
8452
10216
11720
10816
7719
5978
8921
11440
7875
8310
9477
10329
2524
11754
10590
10802
2772
9717
12104
6634
7380
11101
11194
9162
6750
5946
11567
11383
7747
-2808
6773
11254
2436
10166
10402
8668
4718
8692
10495
8884
7765
11172
11890
7684
8980
6073
9094
9962
8789
4919
5577
10124
6373
8406
11221
8724
7304
9234
10596
11355
7152
11088
10895
9846
9116
4259
11687
11832
4326
7667
6830
9777
5981
9527
11696
11017
5289
6663
10000
9879
9122
10043
10953
10532
10190
2868
10976
12794
4981
8917
6894
9409
-1396
9535
8735
9820
6041
6058
9312
10038
8869
9122
12110
6353
8969
5098
12463
11449
9530
7690
6855
6667
3045
9304
11210
7603
2950
10530
10736
10634
7273
10499
11267
10734
5986
5870
11121
11705
4991
9532
9470
9319
6725
10549
5417
7554
3579
6862
11229
10271
7784
10746
9139
12031
8146
6097
11636
5942
6348
4402
7741
6987
6141
10594
9662
8549
1610
6743
10633
10133
6025
11849
10175
10401
9107
7931
10302
10863
6234
4926
7731
8563
5312
6757
10663
8080
7329
7693
12370
9301
7627
12658
12202
8543
10710
6863
10360
11379
8291
4520
9889
9156
3047
9739
11653
11941
5696
10655
8875
10837
7022
7853
10859
10551
10633
3960
11893
9807
9056
-910
10032
11725
3805
9790
9496
10012
6328
10734
10801
10667
8718
12345
11282
11306
7904
6516
10664
10205
4173
7604
9681
11468
1223
9057
9611
8989
3094
10037
9660
10939
4086
8972
9116
12343
9277
7064
8763
11955
3667
7943
5837
7643
-3014
8416
11378
10587
4273
10452
10223
10063
8998
10700
9741
9524
8026
4316
10607
11690
8450
5264
5796
11086
4308
10694
11091
10308
7649
11450
9830
11055
10838
11130
9936
10764
10562
1495
10088
11275
9371
7452
8790
8057
1697
10355
11056
9917
8002
9216
11073
11326
8652
12822
10825
11615
8271
6970
11158
11159
5307
5223
7116
6424
3958
9058
9292
10460
-463
9712
10958
11254
8758
11864
11522
9246
10542
6126
11323
10255
6476
862
8106
10034
-483
10210
7918
10050
3429
7549
11764
5902
6407
10270
11431
10330
9842
2254
9822
10830
8616
5988
6026
11059
5401
8757
10145
7608
4337
7597
10917
9874
7043
11334
11691
10856
8340
3968
10926
11415
7006
7552
3034
9801
-4822
11086
10460
10205
6906
11135
10252
9144
7522
10485
8880
10161
9847
4467
11950
10532
8297
5300
6300
7914
3854
8207
10107
11043
3693
10146
10663
11525
7511
11891
12131
10233
7687
6071
11013
11699
7180
5964
7946
7988
1972
8724
10503
10647
6002
11391
11120
10514
6189
12004
9416
10866
7740
3841
11787
11627
9238
888
4548
8582
6020
10510
11735
10367
4841
11014
10999
10975
8724
11084
11246
11082
7474
5730
10285
11986
5987
8858
7096
10003
2841
10828
8403
9892
5374
10920
8368
10118
8109
10244
10975
11150
6969
5704
11275
11305
6855
6043
8789
10577
4815
9091
10715
9492
5629
8668
9959
10529
5729
10640
11048
9890
9709
7539
11643
11401
8895
7270
6051
9210
4086
9299
11415
12105
8198
10203
11187
11470
6099
9336
7620
10428
10463
6047
11742
11595
9511
5127
7803
10574
3121
11055
10777
10775
3707
8047
11863
9427
8365
10259
10112
11053
9776
4130
10158
10963
9105
7940
6121
10241
-469
11440
10576
11517
7337
10076
11448
12019
6725
10780
12275
11733
9612
6594
11127
10459
6710
8671
5747
9811
2346
9296
9317
10934
6137
10033
12319
10415
10637
11790
11295
9386
7664
9230
12645
10869
9513
7732
7324
11294
5137
12034
10884
11338
5084
10742
11854
8952
8227
10432
11512
11862
6508
7639
11846
12540
7515
5738
5143
8466
7242
10596
8256
8596
5647
9717
10653
10197
8895
9844
10662
11707
8762
8149
9411
11661
8830
8294
5231
9130
3286
11366
10849
10152
5631
12123
11035
10417
8365
10255
11469
11563
7072
8202
11513
11866
10374
7624
5795
10290
6355
11018
11179
10142
4934
11355
10930
10122
6526
10636
10658
10895
4633
7413
10759
10654
7186
4911
7948
9290
5399
9554
9829
9041
4522
9029
10620
9136
7885
10449
10974
10021
9917
6533
11309
9796
7619
5152
6489
7013
4524
11602
9655
8799
7118
8221
9916
11836
5405
11146
11854
12336
10514
5372
11374
11660
8650
7912
6491
12054
6554
9703
10080
8014
5688
10360
8789
9130
7488
10784
10382
12246
8709
7361
10492
12423
8281
6136
6983
11108
4798
10509
10267
9093
5306
9935
11548
10002
8234
11061
11364
11889
8311
10498
10845
11317
7537
4673
6288
8469
4711
11795
10867
10162
6072
9929
10927
11170
8650
10252
11407
9942
8686
5917
12065
11070
8384
8884
7277
10959
4381
11149
12025
11740
3170
9094
11416
7892
8291
10382
12091
12182
8993
8366
11319
10288
9652
6165
4552
7992
1365
11371
10006
10834
8056
11139
9848
11178
9614
11232
11755
11450
8866
6498
10363
11766
8557
5128
10001
9335
-1715
10477
11086
8598
7074
10750
11305
9433
9235
10559
11721
8091
10408
5433
10951
12094
6624
7505
6444
11072
5969
9565
12340
10799
6961
10039
10409
10132
5848
10619
10360
10515
9214
5863
9935
12810
5917
4384
10021
11402
4355
11414
10557
10523
7069
12563
10003
11901
8659
10434
10462
11255
8780
4507
12006
10932
4525
4394
8383
10481
-278
9737
11616
10807
8555
8799
10682
10046
6902
12494
11753
11429
10089
2146
12270
11183
8524
7072
8533
6670
5166
10953
10646
11230
5076
8217
10450
12631
9873
9550
10718
11469
8356
6258
9618
12083
9112
7623
8726
9258
6348
11127
10234
11759
6981
10194
12072
11401
3634
11571
11266
9161
7539
5912
9374
10296
8182
5380
5772
10622
3994
9376
11080
9783
8225
9336
11556
11766
8598
11456
10827
10422
10007
6543
11263
11365
8471
5548
8594
10438
5418
10995
11665
10819
8310
10776
10792
10383
8926
10682
12182
11414
9290
5517
10992
11449
10729
7637
6460
9075
9881
10475
12174
10916
5652
10870
10996
11256
6898
11912
9131
11150
8793
3206
10818
11078
8134
8010
6218
9473
6016
11832
11539
10043
8030
9105
11586
10354
7844
11749
12210
11928
8678
8882
10989
11839
8030
7602
7311
11049
3643
11096
10143
8592
8014
9894
11521
11167
10053
11706
10526
10714
10905
7677
11204
8425
9835
4725
7540
9412
2594
10170
11077
11351
7309
9439
11971
11241
9366
12944
9727
9511
8242
8791
11426
11022
8783
8285
7844
9713
4764
10071
11270
8499
3787
5709
12895
11853
6499
10998
10622
10454
9047
7229
12688
11837
8404
5696
9840
10764
4310
10140
10616
10927
4538
9418
8318
9983
6264
11852
11742
10745
12274
7588
12035
12147
8199
9951
8559
7014
7633
11951
10548
11542
4974
8507
11463
10859
6934
12568
11684
10982
11557
8152
12125
11210
6995
9057
9908
9929
5965
12017
9809
7733
7563
8388
10243
11914
7053
11719
9637
10267
9412
7177
12643
11460
9476
7296
6919
10423
9128
11444
10991
11361
7069
12011
10411
11572
7939
10854
7157
11642
9801
4713
11825
7992
8882
6421
10307
10333
5019
11376
9188
9582
7261
9170
11395
9685
9017
11727
11738
11859
8452
6969
10005
12460
7791
4886
8253
11202
3611
8991
11257
11067
7605
11281
11179
10772
9604
10986
11437
11630
8902
4032
11487
11835
7278
6871
6435
9661
6271
11378
11403
10322
7522
9583
10992
10723
7688
11164
10108
11715
6870
4636
12032
12214
10085
8475
4822
10414
8343
11364
10683
11421
8083
11040
12211
11738
8160
10786
10688
10510
10912
9354
12154
11655
9610
6084
5521
10816
7883
10700
9339
9558
8881
9170
11533
8630
9781
9831
9599
10322
8144
8935
11338
11271
9090
8745
6363
10959
7983
9495
9840
10568
7656
9835
10633
10759
8800
10472
10007
10853
5585
5261
11867
10548
7330
8247
8236
9450
4951
10301
10865
10265
6792
7302
11321
10310
10999
9990
11074
11546
9530
6601
12000
11737
9431
8557
7794
11500
3701
11632
13236
11385
4587
8906
11445
11288
10728
11491
10511
11245
9863
5478
12503
10607
9982
7746
7158
8561
5472
10851
12097
9062
8531
8711
10741
11097
7002
11197
11342
10435
10536
3438
10766
9121
8531
6491
9601
9730
2016
12296
12553
9914
6223
9266
10537
11046
8928
11871
11808
11664
10807
10337
10864
11405
9598
7593
9461
11135
6850
9586
10384
9511
7061
9795
9740
11017
7960
11064
10807
11675
9689
9234
12478
12043
8809
7006
7167
10775
5169
11402
12064
10337
8432
6126
10227
11719
10127
11623
10454
11560
8979
7848
11558
10711
10200
8115
9053
9715
7443
12517
11275
11034
6869
10935
10585
11693
9149
11885
10244
10486
10331
8968
11741
10517
10680
5160
9689
10739
3292
11774
9688
9731
8457
8762
11108
11188
5557
10409
9134
11404
8427
5780
10209
11766
9902
8362
8888
10458
6238
11505
11925
10826
7449
10813
11829
9594
9243
10757
12136
11868
11051
7282
10635
11654
8299
7181
9340
10527
3228
9833
11186
10724
8350
10499
12342
12276
8264
10720
9874
11116
10410
8669
11320
9852
9730
8195
8173
9001
7932
10582
9903
9597
9739
9026
11268
10942
8645
11456
12105
11417
9594
4891
11179
11615
8154
5551
6321
11158
3800
11482
11402
11570
8900
11363
10985
11257
10194
10349
10667
11152
9895
8634
11602
11895
8077
8095
8057
11371
8804
10437
12096
12102
7524
10945
10644
11452
9574
10877
11272
11411
8707
5891
11657
12570
10461
7396
9689
10659
8742
10474
8273
11187
7671
11893
8042
10218
8670
12013
12686
10732
8548
5401
11635
10984
8045
3702
9191
10229
4574
12723
11671
11974
9462
10659
11928
9918
9476
12482
9925
10750
11433
9811
11739
12749
10883
9323
8889
10253
4107
10792
11032
9894
6161
10574
11745
10593
7360
11670
10589
12231
10562
9905
12756
10150
9115
8105
8291
8616
7730
10702
12019
9841
6147
9753
11008
11956
10280
10967
11037
12156
10159
7861
12049
10985
8931
7368
7342
12268
5412
11393
10688
10732
7624
9513
10825
11123
8772
11132
9839
11758
10320
6467
10245
11442
11257
4089
7547
11474
7755
11471
11222
10818
8412
9617
11761
11610
6544
9025
10652
10130
11591
7512
11984
12306
10948
8248
9203
11347
7072
11407
10920
11705
7181
10997
11902
12423
5543
11118
10761
11695
9020
7677
9909
11843
10859
7694
9570
10558
6570
10921
9813
11321
7635
10153
10487
9644
5530
11926
11502
11139
10650
8516
12063
12485
7923
8620
9091
8914
7397
10082
12188
8444
8254
12158
10988
11786
8479
12838
11730
8795
9421
8704
11483
11790
10329
5594
7570
9134
6207
11774
10459
9638
8480
10373
9656
10991
8837
10420
11802
9855
7888
4961
11844
10976
9670
8329
8241
11135
7865
10797
10113
10518
8498
9881
10504
10551
8646
11362
10503
11326
10048
8146
11472
10944
10007
8759
10038
9257
7462
11584
11731
11148
8370
8232
11972
10702
8271
9913
11553
11323
9476
4782
12020
10196
7812
3476
7585
10699
7464
12026
9456
11525
8641
11967
10132
10943
7965
10829
10729
10333
9634
6493
9629
11890
7112
6791
10388
10951
7646
10452
11575
11185
8374
10192
12195
9848
6973
10604
11472
11365
9108
7727
9976
10845
8048
8527
6681
9527
6336
10809
11119
11728
8095
9848
11601
12369
8217
11085
11595
12197
9641
8057
11575
12529
10207
7780
8641
9228
5040
11122
9253
11490
6545
9845
10751
11531
10208
12128
12140
11706
10669
10390
11260
11637
9425
8400
10204
10372
8793
11169
11595
11258
6718
11449
12065
11197
6994
11773
12533
11876
11085
5397
10679
11192
8718
5337
7398
10019
8853
11681
11075
8965
7196
10750
11517
10978
9683
12148
11165
11412
10616
5965
11080
11401
9211
8189
9076
12139
6531
12785
9692
11062
6726
9154
10616
10764
8916
11842
11616
11207
9249
8772
11922
11345
8723
6305
9168
11483
6611
11928
12011
11106
5675
10043
11702
11238
7838
10171
10647
8396
10065
9109
12070
11724
8881
7844
4156
9505
5773
10877
11886
11594
8351
9253
12100
11932
9631
10887
12879
11663
8250
9211
12419
11338
10167
8133
6660
9249
9098
11012
12554
11714
6303
11718
11388
10366
8033
11740
11550
11685
8903
8836
12568
11588
9565
7484
7704
10887
8375
10401
9790
11139
6929
11802
11917
9115
9354
11746
12524
12284
8637
9158
11966
11943
11449
7115
8680
10419
6174
11187
12049
11702
7727
11030
11448
11278
8859
8934
11981
11489
7022
7767
12731
11608
9583
7069
9200
10780
9721
11411
11731
11500
8576
9924
11181
12229
9047
11366
11542
11713
8771
8055
11520
11974
9709
6518
9183
10081
3506
10174
12015
10628
8467
10901
12059
10474
8755
12175
12300
11690
9756
8801
12200
12951
9529
9682
6323
9294
7374
9717
11558
11507
5025
10555
11790
12195
9609
9965
12032
12097
6843
7339
10736
12630
10460
8162
9162
9543
2807
10892
11241
9151
5799
10941
12569
11047
10661
10982
9516
10974
11113
9468
12533
12297
6246
10246
9792
8440
9308
11702
11548
10543
6972
10619
12456
11259
10325
11846
11920
9884
10182
9318
12296
12120
10751
9337
8501
9811
7584
10657
11679
10879
7912
11581
12350
11580
8986
11730
9760
12039
8533
9268
11104
10712
10603
8739
9405
10934
7851
11942
11387
11610
8510
11314
12275
11348
6900
11869
12724
11404
10562
7955
11305
11712
9321
6742
9484
10791
5813
12229
11478
10754
8867
11033
11420
10067
9640
11818
11817
11176
10356
9411
12034
11938
10081
9214
9591
11132
5862
10067
11651
11114
7037
10859
11190
10430
10276
10644
12049
11758
8974
5855
11370
12245
10478
8901
3232
8320
4730
10369
11220
9898
7760
11336
11817
10978
9499
11420
11103
10808
9872
8316
12220
12454
9754
8037
11344
11695
6929
12461
10864
6853
8738
12389
11451
11040
9474
10844
12091
10916
10904
6701
10881
12265
6295
6752
7271
9599
6582
12424
12062
12332
8054
11506
10877
9065
8341
10358
11936
11005
11395
8039
12341
11114
10326
7380
10932
11646
8103
10041
11188
10989
9695
11424
11841
11421
9756
12296
11977
9522
9685
7870
12596
11282
6731
7503
7421
11063
7821
11102
10161
11413
8846
11892
12615
11532
9753
12617
10825
11910
10011
7890
10894
11611
7056
8236
8933
10852
6748
11180
12285
11745
8789
11642
11935
12063
10606
11967
11543
11996
10665
9124
11289
10835
10233
7155
9409
11757
6209
13093
11227
9785
5853
8880
10896
12010
9347
11353
11493
11723
10862
2833
11839
10947
9205
8760
11332
11803
2153
10657
11352
10199
3964
9869
11581
8422
9659
11605
9576
11693
10031
6904
12550
11950
10531
7894
9834
11333
10029
11111
12199
11591
6598
10406
11502
11920
6515
10881
10931
11818
11696
6705
12543
10790
9581
7812
7091
11390
8895
11745
11798
11000
10516
12005
11914
11596
8701
11627
12431
11345
10399
9160
10120
12769
9128
8156
9147
10986
5101
12087
11910
10691
7409
9811
10370
11266
9312
10721
12298
10888
8663
5469
10243
12743
9800
9386
5397
9489
8619
10882
11401
11492
9405
10466
12274
11529
9671
10707
10510
12056
10901
6490
12480
11985
9805
7502
10096
9447
7220
11179
11824
10648
8303
10969
12002
10070
7784
10764
12212
12094
9907
4330
11394
11875
9476
6819
9107
11043
6340
11139
10662
11994
9393
8387
10926
10477
10429
11754
11540
12313
10459
8459
12049
12634
9479
8424
8867
10674
7868
11334
11157
11156
9214
11684
11313
11005
6036
10995
11432
10994
9885
9085
10795
11891
10302
4812
10488
8457
8146
12138
10919
11988
7318
11751
11510
10661
8549
11193
11849
11929
7848
9573
12048
12279
10106
9352
10952
10680
7645
12038
11965
11772
9276
11624
11604
11845
10231
12089
12607
11962
8663
9717
12725
11308
9188
10118
10101
10416
7845
12183
10640
11924
8754
12386
11056
11737
9440
10884
11092
11652
5847
6798
11721
11361
10029
7005
9572
10170
6376
10156
12065
11020
7435
9350
12259
10891
9303
10969
10479
10295
10130
7929
7663
11167
10236
6366
9841
11010
7760
11232
10121
12184
8245
9808
11831
10823
7768
12486
12030
10966
10855
6848
12215
11223
8555
9691
9799
11410
5874
12817
11440
9602
9662
11433
11962
11980
7953
11929
12171
11663
11389
8130
12223
12451
10008
7844
11039
10696
7681
11648
11908
11562
8638
9704
12346
12024
9050
12253
11610
11397
9997
3992
11642
11403
10084
5283
9469
11877
8367
11214
10687
10413
5232
11275
12539
11732
9101
11541
11799
12904
9440
9075
11973
12087
8941
7806
8186
10993
6396
11301
11619
10744
8034
11310
12324
11197
9150
12185
11534
10612
11273
9191
9684
11780
9883
6846
7772
12298
6113
10776
10152
10048
5480
10879
12415
10974
4195
12307
10103
10948
10024
8826
11424
12057
10282
9411
10752
10679
6589
12150
12577
11357
7778
8653
12458
12236
9256
12952
11986
11964
10204
8816
12554
11291
8348
9118
9550
11534
8172
11315
11452
10214
7354
10024
11027
11738
8037
11911
10231
10792
10025
9286
12426
11903
8829
8550
11113
10659
7825
10525
11185
11119
7222
10188
11748
12157
9624
11756
11584
11027
10478
10660
13011
12110
10681
5936
7439
11969
3857
10939
12620
11453
6068
11163
12106
11933
10578
13281
12530
11373
8597
6819
11479
11365
10208
9841
6896
10402
6473
11007
11542
11497
6093
11578
12668
10871
10219
11629
11810
12171
9805
7577
11408
12023
10219
6434
9951
9757
8411
12039
12886
11517
4349
8774
12045
9436
10706
10861
12512
11545
9727
7591
10875
11419
8625
7767
8684
10805
8881
11189
12671
11154
6602
11624
11438
7818
8185
11460
12302
11218
10661
9404
11944
10930
9780
7315
8136
11729
6703
10936
11638
8897
6237
11889
11704
9601
9900
11813
11343
12477
11033
8609
12570
10923
9545
8438
10653
11259
8467
11068
10643
9259
3355
10128
8595
11244
8680
12223
12008
11549
10589
6816
12167
11718
8924
8537
11021
10024
7239
10739
11473
10216
7932
9952
12282
11079
8569
11159
13248
11830
10421
7370
11853
12519
9092
8339
9079
11705
5087
11735
12057
9943
6246
10129
12066
12091
6878
12422
10644
10598
10077
7290
11541
11076
9524
9024
10660
10299
5824
10581
11183
10243
7696
9557
12316
11419
9255
11390
11115
10251
9327
7938
12365
11925
7744
8156
7683
11157
7617
11303
7975
11361
7826
9088
11353
9973
7910
12193
10180
11621
9758
6469
11952
11357
6409
6389
6769
9529
8534
11817
9874
5874
6687
9648
11471
8927
9373
11565
11991
5283
8488
7765
11898
11503
9514
10444
8367
9366
5353
10762
8097
11230
4074
9562
10393
10592
6498
10332
10776
10428
8665
7707
11908
12006
10139
8359
9461
11906
7951
11631
11523
9619
7094
11727
11707
12428
7922
10841
11185
11386
9452
10253
12155
10070
10578
8145
7501
10194
5029
10370
11771
12358
8487
8424
10386
9730
4368
11252
8708
11230
9632
8848
12039
10386
10809
8183
9520
9766
7251
10539
11445
10731
8183
10076
11590
10396
11285
12189
10932
11152
10700
8246
11307
11071
11093
7726
10165
10600
6060
11803
8441
12620
8319
10364
12065
11731
10195
12009
11894
10058
10444
8863
12194
12094
8472
10097
9853
11300
8720
10850
11062
11120
7634
10002
12085
10783
8577
11866
12685
11822
9207
8507
10695
13094
9174
6531
9020
9729
5470
11803
11353
10076
7645
10865
11082
11208
7420
10858
10638
13195
9585
7513
11230
11664
9128
7168
9355
10932
5674
10128
11553
8006
6263
10072
11379
9536
7950
9674
11756
11470
9905
8731
11643
11708
9498
7613
9458
11232
9336
10830
11682
10823
5331
10463
11003
12454
7750
11407
11387
11607
10755
5576
11983
11386
10258
7398
10289
8544
7910
11368
11957
10969
8029
11953
9898
11204
6169
10249
10280
10196
10950
6344
11407
10197
8454
7318
8634
12126
7203
11512
11833
10972
3661
11188
11633
12067
10223
12097
11810
11659
10935
9244
12393
11906
11806
7845
10280
10779
9272
11127
11792
9786
9675
12133
12441
12269
8743
12328
11184
10620
10956
8376
12139
12403
7521
10297
8385
11188
6980
11751
11964
11727
6458
10432
10968
9875
9027
9821
11199
11258
11149
7894
12329
12114
11764
8843
9786
9660
8639
10731
9568
11172
8673
11644
9576
10865
9343
11993
12288
10418
11237
9328
11841
12912
9304
5606
11184
11606
3071
9925
12057
12522
7404
11590
11645
11009
9656
12207
9820
11028
11061
8136
12219
12476
7687
8409
9255
11208
7178
10442
11948
10938
9136
10893
10778
11154
8706
12025
10512
11012
10925
8014
12227
11640
9522
7039
7914
11974
8881
11997
9847
11454
4512
10769
11962
11347
10219
11808
10647
12616
8455
5953
10609
12014
9937
8468
10685
11941
6529
11638
10847
9514
7780
11122
11373
11967
4355
11728
10426
11314
10587
7715
12586
12146
7785
4435
8878
11150
10006
11885
11813
11558
8052
10337
6074
12131
8417
11171
12572
11490
8549
4488
11887
11810
8342
4421
8901
11341
1131
9095
11734
9355
5049
10016
11728
11601
9004
10593
11143
12351
9736
9078
11554
10350
10261
8461
9090
11473
8527
12340
11471
11405
6174
10444
11400
11186
6775
12964
9994
10576
9674
6964
12492
9343
9413
8170
9218
11388
5873
10186
9706
10597
5995
11247
10702
11468
8617
11442
10465
11326
7897
6832
12119
10258
8940
8231
8038
10404
6828
10749
10055
11552
9221
11674
11339
9035
9905
7732
11368
11206
9386
6318
12040
12093
11634
5037
8836
11196
9048
10242
11844
10083
7819
11230
10585
11393
9933
10506
10595
11191
10081
8571
10418
11782
9882
9354
10281
8860
8815
11489
10312
12228
6075
11708
11365
11584
10133
11864
11658
10120
10730
8053
12165
11229
10421
5652
9831
10681
6692
11018
10813
11635
8415
10196
10087
11279
7096
11038
12757
9866
10346
6676
11496
11032
9101
8765
8351
11938
8566
11984
10739
11963
7534
9662
11193
10659
9501
11099
11702
10528
10552
5766
12942
10877
10170
7313
7583
10327
8090
11441
12225
11360
7209
9620
12032
11767
9609
12259
11800
12081
9127
6724
12233
12112
10404
8703
10358
10592
7721
11570
11131
11102
8062
9226
11585
11873
9400
12158
11899
11741
11151
8765
12237
12572
9831
9042
10223
11206
5613
12612
11963
9524
7242
9440
11711
12586
9157
11099
10161
10304
9133
6102
11712
12584
8903
9011
8106
10171
7181
11794
12026
10425
7802
11286
11084
12457
9150
11344
12349
11013
10320
8438
11652
12951
10347
9009
9668
10110
3589
11677
12081
11383
9403
10126
8365
10694
9688
11721
12647
12308
10403
8283
10862
12322
6479
8237
9435
9195
4631
10929
11665
12514
8609
11149
9884
12474
7244
10426
12658
11729
9455
6396
11171
11701
10483
7222
10041
10107
6285
10463
10088
11863
9438
10617
11792
10501
10323
11466
11489
11013
9800
6763
12389
11448
10543
8818
9146
11461
6918
11026
10011
10240
7419
10611
11604
11171
9247
10651
9687
10859
10126
7939
12314
11791
10836
8544
10123
10578
10221
11674
11537
11065
8151
11212
11401
12588
8739
12089
12308
11487
9705
8721
11744
11508
9172
7883
9574
11487
8642
11829
12067
11145
9736
11429
11915
10986
9864
11869
11281
12610
11722
8543
12593
11639
11408
8603
9173
11506
7794
11263
11944
12583
7971
11319
12153
12650
10767
11018
11912
12183
10816
10267
12467
12760
11248
8351
9963
11488
7218
11802
12445
10738
9227
11283
11487
11755
10485
12549
11881
12592
11174
10673
9236
11517
11772
11135
10492
11800
8695
11264
11966
11604
9221
11056
11028
11769
10889
11812
11775
11574
10989
8690
12052
12528
10356
6360
9890
11238
8881
11333
11206
11515
8157
10375
10844
12420
9513
11459
11637
12946
10838
9376
11459
12858
8658
8445
8940
12049
6649
12131
12944
11629
8662
11883
11961
11433
8952
11743
11994
11889
10975
8379
11322
9502
7658
9714
8297
11824
6220
12141
10178
11157
6476
10850
11433
12402
7613
12121
11751
11671
10604
7005
12791
11502
10468
8403
10383
12113
6691
11843
12104
11880
8791
11386
12320
12960
10767
11671
11974
12617
10860
10393
11835
11097
10563
6023
8954
10891
7936
11862
11650
11756
8472
11777
11947
12282
10759
12186
12196
12417
11314
8196
12322
11767
10547
8483
11300
9805
8521
11553
11584
11852
9433
11472
12435
11404
10212
12477
11925
11704
11337
8383
11139
12151
9108
8213
8465
11506
7465
12299
11328
11766
7656
11285
10969
11519
9118
11862
10867
10964
10615
8558
12323
12433
10983
9156
9285
12213
9270
10860
12396
11622
8748
11048
10867
11639
7390
12488
11104
11747
10664
5818
12427
10493
9200
7906
10484
11667
7280
12581
10365
11306
8351
11263
12116
11320
10443
11834
11885
11602
9351
9190
11886
11321
9224
7809
10011
11987
7830
12029
12223
11455
9383
10945
12196
10813
8730
10434
11975
12396
11358
7073
11814
11306
10155
7588
10771
11499
8513
12382
11015
12261
5753
10247
12800
12412
8226
11921
12129
11257
9662
6068
11378
11694
10051
9115
