-49143.0
-41677.0
-40206.0
-35006.0
-33163.0
-42079.0
-51472.0
-31605.0
-28602.0
-34854.0
-37780.0
-35851.0
-23707.0
-22310.0
-32249.0
-27070.0
-22557.0
-27662.0
-31292.0
-31393.0
-36550.0
-26612.0
-20209.0
-25862.0
-21050.0
-27123.0
-27561.0
-15449.0
-29512.0
-24980.0
-21101.0
-31138.0
-20924.0
-17997.0
-15717.0
-25710.0
-20229.0
-13051.0
-12921.0
-31357.0
-16201.0
-17454.0
-29182.0
-29168.0
-18801.0
-25500.0
-22599.0
-24376.0
-18047.0
-22169.0
-20797.0
-13470.0
-32221.0
-22880.0
-23032.0
-24889.0
-29697.0
-20620.0
-23929.0
-18301.0
-23251.0
-28512.0
-31449.0
-21341.0
-18491.0
-20908.0
-16282.0
-24009.0
-20170.0
-21220.0
-11504.0
-20964.0
-34960.0
-19774.0
-23680.0
-15269.0
-15318.0
-17107.0
-26209.0
-17607.0
-16171.0
-15983.0
-21100.0
-15345.0
-17373.0
-19768.0
-13978.0
-15370.0
-14960.0
-19761.0
-17828.0
-13690.0
-15297.0
-12620.0
-15188.0
-16264.0
-9337.0
-14511.0
-12425.0
-11589.0
-18162.0
-16044.0
-32705.0
-10906.0
-12285.0
-15388.0
-16653.0
-12992.0
-10321.0
-7082.0
-24115.0
-18396.0
-16457.0
-16819.0
-17241.0
-21809.0
-14441.0
-17275.0
-24759.0
-17028.0
-14231.0
-13013.0
-17443.0
-21696.0
-17950.0
-8740.0
-16708.0
-13809.0
-18325.0
-18469.0
-14171.0
-19386.0
-25430.0
-16912.0
-7904.0
-12915.0
-16557.0
-14666.0
-7411.0
-12793.0
-13051.0
-10262.0
-13336.0
-19425.0
-11357.0
-14245.0
-14071.0
-17391.0
-15213.0
-14231.0
-11334.0
-10084.0
-12632.0
-11633.0
-13667.0
-21225.0
-15633.0
-15582.0
-19703.0
-11273.0
-12462.0
-15496.0
-17426.0
-15473.0
-16703.0
-17755.0
-13827.0
-12529.0
-26547.0
-22228.0
-25955.0
-22707.0
-26205.0
-18757.0
-20091.0
-28434.0
-14433.0
-12300.0
-15089.0
-10236.0
-11190.0
-9465.0
-17874.0
-9247.0
-10252.0
-18833.0
-22004.0
-15536.0
-11965.0
-14092.0
-7197.0
-11581.0
-11317.0
-8060.0
-15841.0
-13472.0
-16401.0
-13172.0
-10333.0
-8236.0
-21472.0
-10018.0
-30007.0
-15699.0
-7759.0
-9421.0
-17890.0
-14081.0
-11123.0
-11434.0
-17020.0
-8172.0
-8541.0
-4433.0
-21996.0
-20654.0
-5870.0
-11329.0
-16077.0
-15995.0
-18990.0
-11345.0
-9948.0
-12459.0
-11876.0
-12797.0
-12695.0
-7098.0
-11055.0
-15868.0
-8933.0
-14419.0
-15629.0
-9651.0
-6204.0
-10348.0
-9955.0
-7983.0
-6054.0
-14640.0
-7186.0
-14278.0
-9378.0
-18993.0
-11530.0
-6083.0
-18411.0
-22527.0
-6012.0
-15051.0
-8008.0
-3853.0
-10345.0
-9181.0
-10396.0
-16394.0
-12904.0
-12257.0
-7217.0
-20310.0
-7754.0
-8120.0
-13563.0
-9829.0
-9217.0
-6305.0
-12719.0
-17410.0
-5714.0
-8733.0
-4775.0
-8083.0
-9282.0
-10760.0
-7105.0
-10561.0
-6695.0
-9341.0
-11317.0
-5712.0
-7425.0
-6828.0
-13718.0
-11419.0
-13264.0
-8672.0
-11048.0
-14376.0
-9409.0
-11362.0
-12973.0
-10736.0
-8105.0
-10055.0
-8599.0
-6034.0
-9572.0
-12617.0
-5320.0
-6303.0
-10895.0
-5708.0
-22129.0
-11177.0
-8284.0
-13691.0
-7975.0
-8219.0
-11355.0
-780.0
-15563.0
-8990.0
-7723.0
-8273.0
-13996.0
-17515.0
-5851.0
-13104.0
-9872.0
-14585.0
-10164.0
-10204.0
-5274.0
-10788.0
-9979.0
-9968.0
-7171.0
-6616.0
-6318.0
-15444.0
-11980.0
-10491.0
-9243.0
-4593.0
-6924.0
-8533.0
-6377.0
-4852.0
-2811.0
-5998.0
-8315.0
-7742.0
-3093.0
-12321.0
-10148.0
-8950.0
-11957.0
-10382.0
-6990.0
-13311.0
-6681.0
-5667.0
-4153.0
-3558.0
-12298.0
-8190.0
-6519.0
-8550.0
-3922.0
-7657.0
-6215.0
-2126.0
-6614.0
-6042.0
-7620.0
-5643.0
-7038.0
-12926.0
-5934.0
-4370.0
-7487.0
-5742.0
-15149.0
-5758.0
-9570.0
-5785.0
-7879.0
-5085.0
-3436.0
-4372.0
-4410.0
-4128.0
-3501.0
-3061.0
-4253.0
-7601.0
-6622.0
-5230.0
-2418.0
-11387.0
-2847.0
-3295.0
-8349.0
-6448.0
-7202.0
-3600.0
-5416.0
-2919.0
-6434.0
-3912.0
-6072.0
-4693.0
-13620.0
-4492.0
-4534.0
-4363.0
-10887.0
-5753.0
-5303.0
-6401.0
-7422.0
950.0
-2141.0
-8776.0
-5663.0
-7354.0
-4351.0
-7001.0
-5055.0
-5122.0
-4195.0
-8617.0
-7048.0
-2042.0
-4653.0
-8244.0
-3856.0
-3639.0
-6458.0
-5094.0
-7155.0
-9251.0
-3952.0
-4057.0
-3160.0
-3140.0
-5503.0
-2074.0
-1186.0
-5816.0
-3485.0
-103.0
-4150.0
-5514.0
-4911.0
-3909.0
-5054.0
-6282.0
-2042.0
-10483.0
-5573.0
-4712.0
-4933.0
-2371.0
-4741.0
-9120.0
-4768.0
-5492.0
-2084.0
-3819.0
-4717.0
-3422.0
-3263.0
-4971.0
-8310.0
-5854.0
-7751.0
-6637.0
-4414.0
-3787.0
-6667.0
-5449.0
-7804.0
-153.0
-2396.0
-3826.0
-4303.0
-4389.0
-4119.0
-3588.0
-3826.0
-4129.0
-8601.0
-5083.0
-6914.0
-4505.0
-7480.0
-4803.0
-2380.0
-4404.0
-3226.0
-2604.0
-1721.0
-2962.0
-1673.0
-3807.0
-432.0
-5181.0
345.0
1812.0
-4409.0
-3215.0
-3107.0
-2216.0
-2352.0
-4145.0
-3449.0
-3544.0
-1435.0
-95.0
-4611.0
-3242.0
-4177.0
-1832.0
-5097.0
-4930.0
-1630.0
1326.0
-6202.0
-3534.0
-3653.0
-2156.0
-2635.0
-2838.0
-1265.0
-3533.0
-2474.0
-2452.0
-4250.0
-2820.0
-1333.0
-2094.0
-5197.0
-650.0
-4257.0
-2317.0
-1805.0
-1867.0
-1180.0
-1951.0
-1968.0
356.0
-6267.0
-1269.0
-2655.0
-1166.0
-643.0
-1040.0
-1983.0
-1024.0
-1376.0
-941.0
-3302.0
-3165.0
-3154.0
-1809.0
-3821.0
-2046.0
-1427.0
-2012.0
-2280.0
-1401.0
-1781.0
-1677.0
-924.0
-641.0
-1832.0
-2108.0
-4231.0
-3833.0
-4097.0
-2941.0
-4247.0
-2916.0
71.0
-1416.0
450.0
-609.0
-2303.0
-2064.0
-894.0
-659.0
-2873.0
-2774.0
-1180.0
-741.0
-2412.0
-2417.0
-1608.0
-3572.0
-2091.0
-3235.0
1070.0
-2173.0
-3328.0
-2156.0
-3275.0
-1424.0
-3345.0
-1960.0
-7052.0
731.0
-9736.0
292.0
-5914.0
-4089.0
-4843.0
-3700.0
-1675.0
-5079.0
-4098.0
-228.0
-3496.0
-4794.0
-6810.0
-5737.0
1911.0
-3298.0
-5827.0
-5608.0
-4394.0
-5837.0
-4060.0
-4346.0
-2587.0
-2859.0
-2916.0
-2595.0
-2435.0
-4123.0
-2627.0
-2648.0
-5116.0
-2230.0
-416.0
-1552.0
-2400.0
-5446.0
-1617.0
-3835.0
803.0
-396.0
-2067.0
-3045.0
-2262.0
892.0
-2174.0
-2457.0
-500.0
-2962.0
-3519.0
288.0
-972.0
-2373.0
-4399.0
-2571.0
-5043.0
-872.0
-1305.0
-2369.0
-1466.0
-1301.0
-1484.0
757.0
-1093.0
1742.0
-895.0
-1326.0
197.0
-4950.0
-2643.0
-2512.0
-6783.0
-4900.0
-5547.0
-1933.0
947.0
-4866.0
-4111.0
1450.0
-45.0
-2306.0
-176.0
-1176.0
-4075.0
-676.0
-2964.0
-3019.0
-298.0
-3279.0
-1514.0
-329.0
-2979.0
-1570.0
-1029.0
-1814.0
-3987.0
-3271.0
-706.0
1014.0
-1099.0
977.0
-3050.0
-382.0
207.0
-2212.0
-4733.0
-4137.0
-2430.0
-2162.0
-4815.0
-6910.0
-1407.0
-938.0
-593.0
-5360.0
-1326.0
-638.0
-1848.0
-2157.0
-2052.0
1121.0
-2822.0
-3985.0
-2002.0
-1660.0
-1762.0
-2204.0
-2728.0
-2672.0
-3677.0
-645.0
-1751.0
-1072.0
-2051.0
165.0
-1340.0
-1389.0
-815.0
-2266.0
1379.0
-1027.0
-145.0
-3402.0
406.0
-779.0
-2519.0
-2362.0
872.0
-1308.0
-2199.0
-2989.0
-1108.0
-2643.0
-601.0
-2304.0
-2032.0
-1352.0
-111.0
-1317.0
-1017.0
-1639.0
-898.0
-1336.0
-1545.0
-1806.0
-2024.0
-1990.0
-783.0
-2675.0
325.0
-940.0
-2777.0
-2794.0
-368.0
866.0
455.0
-453.0
-3105.0
-2828.0
-1705.0
1139.0
-2474.0
1498.0
-1576.0
-1550.0
-1459.0
-1110.0
-789.0
-1162.0
-280.0
-1036.0
-513.0
602.0
-2437.0
-1181.0
606.0
-675.0
-191.0
-281.0
626.0
797.0
-1427.0
-1077.0
-1118.0
-221.0
-1535.0
-1013.0
-572.0
973.0
-1794.0
1575.0
1610.0
460.0
-139.0
-1687.0
1490.0
519.0
-2077.0
-4694.0
-5122.0
-1183.0
-3941.0
-6122.0
-2506.0
-1422.0
-1183.0
-1514.0
-1704.0
-1717.0
-345.0
-1435.0
-2017.0
-465.0
88.0
1462.0
-89.0
793.0
-1935.0
934.0
-785.0
2059.0
-1104.0
-1718.0
-1220.0
-1706.0
1180.0
-1297.0
-495.0
85.0
125.0
-421.0
-349.0
-1.0
-960.0
-1089.0
-1740.0
-1673.0
-1879.0
-903.0
-438.0
-976.0
-813.0
547.0
28.0
-1321.0
-934.0
-756.0
-1208.0
-1945.0
225.0
-214.0
-2716.0
425.0
-1245.0
-163.0
-655.0
-935.0
-591.0
-2404.0
1819.0
-1148.0
-1784.0
-490.0
-808.0
-455.0
-2148.0
-1311.0
-328.0
-2321.0
-342.0
-129.0
-34.0
1104.0
-144.0
-575.0
-141.0
1389.0
65.0
-1148.0
-112.0
825.0
-2682.0
-473.0
-2014.0
-1149.0
-2264.0
-1640.0
-208.0
-380.0
-3708.0
1109.0
-404.0
-3427.0
1316.0
-1974.0
1258.0
-448.0
-1520.0
-1230.0
-1357.0
222.0
-1071.0
-2386.0
-3194.0
-3339.0
-2091.0
-2501.0
-1909.0
-2028.0
-682.0
-5728.0
-5459.0
-1982.0
-2327.0
-4360.0
40.0
-7261.0
-5098.0
-5249.0
-5398.0
-4646.0
-4634.0
-10447.0
781.0
-6855.0
-6147.0
-6810.0
-5301.0
-7938.0
-5227.0
-6097.0
-340.0
-6202.0
-2455.0
-6528.0
-3685.0
-3977.0
-3318.0
-1879.0
503.0
-920.0
-3517.0
-3060.0
-3790.0
-5849.0
-1840.0
-2771.0
-1334.0
-3417.0
-1696.0
-498.0
-1891.0
-398.0
-800.0
241.0
-502.0
-1811.0
-877.0
-2605.0
1700.0
1157.0
-1820.0
1530.0
105.0
339.0
-4776.0
-1262.0
123.0
-1216.0
-461.0
-735.0
1211.0
1392.0
-105.0
-1808.0
208.0
141.0
-963.0
-534.0
1489.0
-109.0
-1318.0
-255.0
155.0
1192.0
-1303.0
116.0
-76.0
677.0
-2850.0
67.0
1186.0
-40.0
-478.0
98.0
1735.0
-907.0
-1192.0
-1849.0
-1726.0
-1194.0
-371.0
-2036.0
503.0
-512.0
-180.0
1111.0
-1614.0
-594.0
-969.0
-1172.0
-1766.0
-1642.0
66.0
-573.0
-577.0
-1461.0
-27.0
-1003.0
-660.0
916.0
-1833.0
-722.0
1421.0
-1753.0
-423.0
1203.0
1398.0
817.0
1498.0
-149.0
536.0
-614.0
-266.0
-818.0
-1352.0
278.0
1557.0
560.0
-14.0
-306.0
798.0
-216.0
-1174.0
124.0
1184.0
-681.0
925.0
-762.0
-437.0
149.0
-1022.0
-66.0
164.0
1448.0
1992.0
-29.0
-834.0
-271.0
1478.0
1837.0
-1675.0
620.0
-1041.0
-592.0
-1999.0
-1343.0
959.0
-828.0
-1703.0
-861.0
933.0
167.0
-1437.0
-2053.0
-167.0
-477.0
-283.0
156.0
-1823.0
1713.0
-1633.0
-158.0
45.0
-195.0
-1048.0
734.0
1113.0
98.0
-1667.0
-668.0
1611.0
-5.0
151.0
-785.0
-189.0
-29.0
-106.0
-1182.0
-613.0
95.0
1127.0
-539.0
-816.0
-469.0
-2343.0
-532.0
1284.0
-502.0
943.0
-1406.0
-42.0
138.0
81.0
180.0
-234.0
-359.0
-108.0
199.0
-115.0
-956.0
-679.0
-436.0
1292.0
278.0
322.0
-240.0
383.0
-543.0
-4.0
211.0
105.0
212.0
1644.0
-1152.0
-2753.0
-1586.0
1013.0
159.0
13.0
-775.0
10.0
370.0
-384.0
-75.0
-648.0
-1581.0
-616.0
-1965.0
1380.0
178.0
-851.0
-91.0
73.0
50.0
-333.0
-608.0
-20.0
1606.0
1784.0
402.0
-699.0
1552.0
-442.0
-1285.0
-2030.0
-694.0
1396.0
-471.0
-622.0
-637.0
1125.0
630.0
112.0
-1420.0
200.0
1770.0
-12.0
934.0
-231.0
-8.0
-975.0
182.0
1004.0
363.0
-2921.0
-122.0
-238.0
-139.0
-2005.0
451.0
159.0
-43.0
1396.0
-852.0
1193.0
-788.0
-208.0
-501.0
-2400.0
1834.0
-65.0
287.0
13.0
-669.0
-721.0
-155.0
-2087.0
-555.0
-721.0
-97.0
17.0
-240.0
-278.0
393.0
-77.0
-182.0
-789.0
337.0
-106.0
14.0
-691.0
264.0
-21.0
-286.0
1685.0
105.0
1197.0
866.0
215.0
290.0
-968.0
-44.0
764.0
973.0
-1989.0
1639.0
28.0
-54.0
292.0
160.0
-7.0
315.0
-312.0
992.0
37.0
-615.0
-664.0
-4242.0
700.0
260.0
-629.0
241.0
-25.0
339.0
-123.0
71.0
-156.0
578.0
439.0
-91.0
-1034.0
-297.0
-388.0
-996.0
-3611.0
-611.0
1034.0
-811.0
-1248.0
-582.0
250.0
131.0
562.0
-1427.0
1458.0
26.0
68.0
1228.0
-186.0
132.0
-297.0
143.0
1487.0
1508.0
-2817.0
1141.0
1420.0
204.0
-836.0
-88.0
1578.0
1438.0
-371.0
6.0
373.0
1468.0
-737.0
-1310.0
-2736.0
146.0
1125.0
-1282.0
-918.0
-898.0
-1966.0
-49.0
-194.0
-80.0
-1015.0
446.0
-798.0
-237.0
1418.0
207.0
115.0
-776.0
-82.0
1463.0
-375.0
-350.0
-484.0
-403.0
-311.0
-624.0
-1559.0
909.0
-248.0
1339.0
116.0
-170.0
62.0
230.0
-25.0
-1394.0
-1075.0
-371.0
-2267.0
-287.0
1711.0
152.0
-405.0
428.0
1354.0
357.0
-48.0
-702.0
-1496.0
-225.0
-573.0
-119.0
-1010.0
-844.0
-242.0
-114.0
-341.0
-826.0
123.0
182.0
163.0
9.0
-2914.0
229.0
-267.0
-1034.0
-3234.0
-646.0
261.0
-172.0
-517.0
59.0
368.0
628.0
307.0
-969.0
166.0
376.0
762.0
771.0
-141.0
1733.0
-619.0
403.0
439.0
60.0
-951.0
-9.0
1766.0
149.0
-823.0
496.0
40.0
311.0
-344.0
-424.0
576.0
92.0
-278.0
-821.0
-1306.0
1576.0
-13.0
117.0
391.0
85.0
-412.0
-745.0
-152.0
-1255.0
-636.0
-329.0
-929.0
-398.0
1687.0
1813.0
-392.0
-76.0
302.0
139.0
396.0
1964.0
-164.0
-397.0
1710.0
329.0
-1008.0
-199.0
67.0
1536.0
7.0
187.0
-1163.0
-82.0
28.0
-212.0
-449.0
-1197.0
93.0
-412.0
114.0
-137.0
340.0
2015.0
-516.0
46.0
-121.0
-303.0
-349.0
-718.0
-341.0
-235.0
-1140.0
-296.0
79.0
214.0
694.0
-781.0
-956.0
319.0
335.0
1341.0
-1022.0
2192.0
-161.0
-149.0
-3678.0
-485.0
445.0
-354.0
-304.0
194.0
875.0
818.0
343.0
20.0
242.0
-571.0
2035.0
-558.0
113.0
-806.0
-1005.0
-9.0
1657.0
146.0
-3655.0
182.0
429.0
319.0
-845.0
227.0
223.0
349.0
49.0
-653.0
-62.0
1154.0
151.0
-2981.0
64.0
2049.0
311.0
-405.0
138.0
-8.0
-67.0
49.0
-802.0
-222.0
-2164.0
14.0
-166.0
6.0
408.0
273.0
-576.0
-31.0
178.0
93.0
1940.0
454.0
-48.0
-134.0
-275.0
-337.0
1619.0
-256.0
330.0
1629.0
103.0
240.0
-241.0
-64.0
233.0
39.0
-819.0
229.0
-121.0
1390.0
334.0
228.0
142.0
1953.0
-456.0
1589.0
-82.0
-459.0
-1567.0
-2311.0
186.0
290.0
-973.0
-139.0
359.0
193.0
403.0
-706.0
-1970.0
95.0
1902.0
324.0
-1423.0
2127.0
-198.0
-4.0
-2205.0
-19.0
198.0
-489.0
-214.0
-87.0
78.0
87.0
77.0
-819.0
212.0
1028.0
103.0
1573.0
-161.0
-820.0
-322.0
26.0
142.0
157.0
-1577.0
987.0
1405.0
-453.0
-37.0
130.0
-226.0
-247.0
-233.0
-1018.0
386.0
-15.0
246.0
-800.0
-3226.0
922.0
-444.0
-1397.0
-405.0
-925.0
-419.0
2.0
-499.0
-467.0
-1057.0
1323.0
-421.0
135.0
438.0
566.0
-707.0
-296.0
464.0
338.0
2053.0
536.0
-542.0
-896.0
1973.0
-98.0
-423.0
-64.0
-1191.0
1536.0
2057.0
341.0
-1254.0
-1084.0
-40.0
1765.0
-869.0
1526.0
-303.0
-50.0
174.0
404.0
-54.0
520.0
-69.0
-375.0
1709.0
-568.0
-414.0
-580.0
1166.0
-1481.0
-3306.0
-555.0
-966.0
349.0
595.0
-1152.0
155.0
142.0
1559.0
-1.0
-326.0
2068.0
-366.0
-216.0
-1769.0
-930.0
-539.0
-403.0
-651.0
-416.0
317.0
125.0
237.0
-3290.0
315.0
50.0
87.0
23.0
-324.0
389.0
-307.0
357.0
1959.0
194.0
-1778.0
-7.0
1468.0
162.0
57.0
172.0
284.0
180.0
-405.0
-632.0
105.0
374.0
-232.0
-1504.0
-1128.0
317.0
90.0
-647.0
-583.0
-229.0
-856.0
115.0
-447.0
93.0
-696.0
-200.0
1433.0
-212.0
407.0
1565.0
-34.0
-138.0
1856.0
-8.0
-55.0
-304.0
-683.0
-903.0
-33.0
757.0
-797.0
1239.0
-65.0
1345.0
-304.0
32.0
1446.0
433.0
1902.0
-849.0
-1291.0
-579.0
174.0
306.0
1497.0
160.0
369.0
-46.0
157.0
2111.0
-184.0
-1343.0
-196.0
-1144.0
-206.0
32.0
-1982.0
-560.0
-94.0
1996.0
31.0
-1214.0
-404.0
-373.0
-90.0
51.0
-833.0
-94.0
-777.0
-538.0
-4038.0
-1164.0
-455.0
-1335.0
23.0
-77.0
304.0
215.0
365.0
-2368.0
1987.0
334.0
252.0
478.0
-554.0
315.0
-533.0
469.0
152.0
227.0
-2121.0
81.0
441.0
486.0
-824.0
2141.0
297.0
1387.0
174.0
-341.0
533.0
-212.0
-243.0
-489.0
-1071.0
-249.0
-266.0
-732.0
-1033.0
202.0
19.0
-655.0
-610.0
-51.0
-714.0
-923.0
-888.0
-312.0
268.0
1086.0
-4058.0
-569.0
15.0
-73.0
-145.0
1585.0
-952.0
-562.0
2168.0
1204.0
-352.0
-204.0
1367.0
-604.0
2030.0
60.0
-830.0
-37.0
-26.0
-973.0
-938.0
-628.0
-380.0
-1367.0
-1173.0
-647.0
358.0
2243.0
35.0
2192.0
-993.0
-907.0
-2187.0
-678.0
-1116.0
-406.0
-1305.0
-912.0
-1.0
-104.0
-234.0
-2004.0
-1593.0
-765.0
1539.0
2.0
-1250.0
-207.0
-1532.0
-866.0
-2580.0
-922.0
-243.0
-1771.0
-442.0
-398.0
313.0
993.0
513.0
-1393.0
1292.0
1631.0
290.0
2128.0
-182.0
-215.0
-1060.0
169.0
1170.0
251.0
-563.0
858.0
533.0
1124.0
-485.0
429.0
1271.0
334.0
85.0
-263.0
1919.0
1494.0
-200.0
-607.0
-1498.0
-317.0
-319.0
98.0
-1077.0
1056.0
-201.0
-73.0
-454.0
1060.0
-620.0
-2352.0
-477.0
866.0
1572.0
871.0
-209.0
-897.0
-147.0
39.0
698.0
-380.0
-596.0
-222.0
-310.0
2100.0
-661.0
-204.0
1883.0
-337.0
-35.0
-156.0
-675.0
-196.0
-347.0
-348.0
-1316.0
-36.0
33.0
430.0
1037.0
-900.0
-116.0
2026.0
-1147.0
1342.0
1597.0
-674.0
-820.0
-1133.0
1854.0
-660.0
-2405.0
-1516.0
-1721.0
-2383.0
-1774.0
-2927.0
-181.0
1789.0
2160.0
646.0
-1339.0
40.0
285.0
-1104.0
-3113.0
-357.0
1974.0
-217.0
-499.0
163.0
-679.0
-154.0
-126.0
-396.0
2098.0
2152.0
125.0
2343.0
-135.0
322.0
-810.0
-73.0
396.0
258.0
-2026.0
259.0
393.0
822.0
-422.0
122.0
1791.0
278.0
120.0
27.0
114.0
60.0
-577.0
-384.0
-187.0
353.0
978.0
-668.0
615.0
-529.0
-365.0
4.0
-591.0
-49.0
-1766.0
-245.0
-775.0
816.0
1183.0
1893.0
-496.0
1087.0
-258.0
148.0
84.0
1233.0
-81.0
1219.0
164.0
1385.0
500.0
-414.0
655.0
-433.0
970.0
2162.0
-74.0
286.0
1707.0
-680.0
-1046.0
-120.0
-84.0
1931.0
105.0
442.0
-471.0
-100.0
576.0
277.0
1267.0
-1274.0
-1331.0
-659.0
-477.0
-2.0
-8502.0
1932.0
-415.0
-197.0
-300.0
-1811.0
-155.0
-443.0
632.0
-289.0
-1173.0
997.0
-752.0
-1085.0
-2200.0
-944.0
-830.0
-4006.0
-1501.0
-319.0
-487.0
-315.0
1251.0
-1555.0
400.0
169.0
-2424.0
2215.0
-950.0
-1438.0
-1320.0
-349.0
2223.0
1020.0
-2594.0
-1231.0
2117.0
485.0
-222.0
-37.0
2151.0
592.0
-387.0
-1448.0
-1929.0
1929.0
-3760.0
-1362.0
-1291.0
1728.0
2141.0
-204.0
36.0
-706.0
-586.0
-1623.0
-2722.0
-1236.0
-2207.0
-2354.0
-1633.0
2149.0
2229.0
2162.0
-636.0
-553.0
2030.0
-2117.0
-148.0
57.0
-722.0
-1547.0
2244.0
-1111.0
-2344.0
-972.0
-3.0
-558.0
-484.0
2156.0
-1308.0
2073.0
-1339.0
-2599.0
-916.0
-1974.0
-1340.0
-437.0
-1212.0
-1106.0
-1337.0
2222.0
-1135.0
-4494.0
-2101.0
-872.0
-1471.0
-1114.0
-1440.0
-879.0
-560.0
-1386.0
952.0
275.0
2271.0
-1761.0
1014.0
-873.0
895.0
1136.0
464.0
2225.0
1160.0
629.0
-3914.0
-3071.0
-1474.0
-3367.0
818.0
-2078.0
40.0
1726.0
-1224.0
363.0
-2554.0
-742.0
2205.0
-590.0
668.0
-574.0
-656.0
2226.0
-974.0
68.0
-5483.0
-4486.0
1466.0
1871.0
-3434.0
-6746.0
1775.0
2123.0
-1483.0
354.0
2169.0
2202.0
-2940.0
-3535.0
-4966.0
1353.0
-3660.0
-2805.0
-2803.0
-6634.0
-2238.0
-1034.0
-3312.0
1974.0
-4220.0
334.0
-1769.0
-408.0
2099.0
-448.0
-958.0
28.0
308.0
1466.0
-44.0
2063.0
885.0
722.0
202.0
705.0
682.0
393.0
2131.0
316.0
1930.0
994.0
273.0
1298.0
1347.0
-2118.0
-2513.0
-1104.0
1533.0
-145.0
-1162.0
-1825.0
1702.0
1656.0
1517.0
-3072.0
-616.0
-2506.0
-6692.0
-3207.0
1485.0
1444.0
-5490.0
-10928.0
-4271.0
-2964.0
1559.0
-3312.0
1593.0
-4102.0
1589.0
2225.0
-6803.0
-5298.0
-3341.0
-3844.0
-4933.0
-5199.0
-3040.0
-1298.0
-1566.0
-1400.0
1290.0
2072.0
-786.0
-450.0
2042.0
-670.0
-218.0
1860.0
-78.0
2004.0
1054.0
-1487.0
1997.0
-172.0
-3081.0
1111.0
1922.0
-499.0
5.0
232.0
384.0
2167.0
-1558.0
-183.0
573.0
-1302.0
410.0
-1058.0
-1423.0
472.0
1805.0
-1110.0
-1504.0
-1056.0
-2068.0
-563.0
-844.0
-760.0
-1346.0
-992.0
1529.0
-1564.0
280.0
404.0
-51.0
-740.0
-572.0
1953.0
-77.0
263.0
-839.0
1622.0
277.0
657.0
-75.0
36.0
-304.0
302.0
125.0
-156.0
-844.0
-1669.0
-9.0
1403.0
-2057.0
1329.0
-2287.0
-1477.0
2046.0
-1329.0
-4040.0
-3125.0
-867.0
1059.0
-4892.0
1561.0
-3477.0
-9024.0
-1640.0
-206.0
-6006.0
-1015.0
432.0
-6034.0
2027.0
-4825.0
-2176.0
-2157.0
1830.0
-1207.0
-1224.0
500.0
-769.0
-1107.0
-5184.0
-429.0
-3309.0
-1651.0
-255.0
-21.0
-1848.0
-242.0
434.0
-1875.0
-380.0
-1116.0
-460.0
1609.0
-1919.0
50.0
-289.0
230.0
2112.0
-807.0
-1051.0
2017.0
2068.0
232.0
-878.0
198.0
-1498.0
657.0
-7.0
-1008.0
-1789.0
-1694.0
-1132.0
-1425.0
-845.0
370.0
1951.0
-689.0
-522.0
-1711.0
-1909.0
150.0
-2692.0
-409.0
-1103.0
690.0
1716.0
-1051.0
-2435.0
-164.0
1768.0
-207.0
-1211.0
-685.0
-177.0
364.0
-2.0
1640.0
-171.0
-1008.0
1578.0
215.0
-612.0
1737.0
-1142.0
-217.0
-704.0
-81.0
2016.0
1644.0
-2337.0
1063.0
224.0
-76.0
-374.0
390.0
434.0
2283.0
268.0
21.0
478.0
-1759.0
-571.0
-538.0
1890.0
629.0
-781.0
450.0
-1279.0
-1713.0
498.0
-1200.0
1921.0
2108.0
1919.0
505.0
-19.0
-10.0
-1018.0
-81.0
-2720.0
-319.0
78.0
-349.0
-482.0
450.0
-383.0
-13.0
113.0
-1026.0
385.0
-210.0
622.0
419.0
-208.0
-9.0
-1192.0
-1599.0
2073.0
-15.0
-4364.0
-368.0
2092.0
218.0
-278.0
329.0
215.0
1976.0
-35.0
-1151.0
185.0
-839.0
60.0
-2855.0
-1493.0
190.0
-440.0
-1354.0
-71.0
-1691.0
-888.0
278.0
-764.0
63.0
-1072.0
-577.0
-254.0
377.0
-1775.0
663.0
128.0
292.0
-1585.0
1846.0
601.0
319.0
-609.0
1350.0
2194.0
298.0
-540.0
455.0
-154.0
1816.0
-1509.0
-1672.0
-1912.0
-1934.0
-719.0
1400.0
-3051.0
-2341.0
450.0
-2192.0
2100.0
-2284.0
-1851.0
-343.0
-1821.0
2208.0
2001.0
-989.0
242.0
-1109.0
1913.0
445.0
-1521.0
551.0
-599.0
170.0
704.0
-1419.0
385.0
-1668.0
2181.0
-1545.0
-429.0
-836.0
-958.0
-211.0
-1053.0
-1042.0
644.0
-1264.0
-823.0
-174.0
0.0
488.0
-318.0
-167.0
-2733.0
1731.0
512.0
547.0
1452.0
1480.0
696.0
1909.0
1948.0
-1328.0
-2993.0
1380.0
2113.0
-1097.0
-3675.0
2219.0
-1410.0
1921.0
-1505.0
-3921.0
1895.0
-1588.0
-4304.0
-2115.0
-1679.0
1700.0
2100.0
-2445.0
-3274.0
-691.0
-2784.0
234.0
-760.0
302.0
-2435.0
-849.0
284.0
425.0
-818.0
-1567.0
70.0
-182.0
414.0
1852.0
-227.0
629.0
-645.0
1241.0
-218.0
1532.0
189.0
419.0
376.0
124.0
686.0
653.0
-597.0
389.0
530.0
-2581.0
-2248.0
128.0
494.0
521.0
671.0
540.0
551.0
-108.0
-2026.0
-753.0
1253.0
1303.0
-1215.0
-680.0
1523.0
719.0
-2138.0
-440.0
-359.0
-2038.0
-1188.0
-2767.0
355.0
163.0
57.0
120.0
-1360.0
63.0
-2066.0
-419.0
-2663.0
-446.0
1522.0
-218.0
-2684.0
-379.0
-1050.0
-226.0
-1558.0
-2267.0
-2180.0
1611.0
1635.0
304.0
399.0
1518.0
1211.0
1680.0
1799.0
632.0
-6252.0
24.0
-426.0
-565.0
-2205.0
2143.0
-1723.0
1795.0
1474.0
-3766.0
1946.0
2020.0
1713.0
-4038.0
-2923.0
1938.0
-61.0
-962.0
-1113.0
-4297.0
-1600.0
-6931.0
-3143.0
-3350.0
-5913.0
-1350.0
1535.0
-1230.0
-1645.0
-2981.0
1085.0
-1764.0
-3564.0
2132.0
-2324.0
2225.0
-3769.0
1605.0
1872.0
-3971.0
-4506.0
-1342.0
-2571.0
2004.0
-1906.0
1767.0
-2581.0
165.0
-3020.0
-39.0
-3134.0
1544.0
-2231.0
499.0
2053.0
-2036.0
-201.0
2306.0
-931.0
-364.0
1692.0
25.0
-2025.0
-1158.0
1828.0
101.0
-1983.0
1843.0
-1256.0
-126.0
2249.0
-3345.0
328.0
-552.0
2222.0
-796.0
-520.0
-804.0
-1930.0
389.0
-2373.0
-71.0
378.0
-311.0
1.0
45.0
634.0
395.0
-322.0
-1295.0
2161.0
548.0
2190.0
2268.0
-39.0
491.0
-276.0
-128.0
2240.0
260.0
-591.0
230.0
2125.0
-282.0
253.0
435.0
639.0
-1409.0
-983.0
59.0
-37.0
365.0
-577.0
-189.0
-9.0
228.0
1490.0
-440.0
528.0
-8047.0
-4.0
229.0
-32.0
1998.0
-3125.0
461.0
-4.0
509.0
747.0
680.0
472.0
402.0
1699.0
2210.0
1946.0
2236.0
228.0
1147.0
766.0
2164.0
873.0
990.0
742.0
1105.0
2151.0
1553.0
6.0
-117.0
1349.0
1149.0
-171.0
247.0
-1617.0
-764.0
-1240.0
437.0
1923.0
1801.0
-406.0
-577.0
-128.0
-1376.0
-4776.0
-456.0
1361.0
1813.0
-3341.0
1664.0
-3191.0
-3269.0
-39.0
-2140.0
1551.0
-3433.0
-3761.0
-331.0
991.0
-3508.0
-1937.0
1407.0
-12430.0
1232.0
-2215.0
-2920.0
1157.0
-768.0
-2041.0
-2124.0
-4109.0
-2368.0
-1038.0
-1704.0
-1043.0
2192.0
1487.0
-2317.0
-67.0
1606.0
1896.0
-3747.0
-3743.0
-2197.0
2152.0
2054.0
-6710.0
-6623.0
-1407.0
1797.0
-896.0
-587.0
2276.0
63.0
-3141.0
-11196.0
-1530.0
202.0
1776.0
-2456.0
-1233.0
1173.0
-8079.0
330.0
1450.0
-122.0
-1901.0
-955.0
1545.0
-3501.0
-1441.0
-1269.0
-1238.0
-2327.0
-1595.0
1870.0
306.0
400.0
-742.0
-647.0
-2706.0
1954.0
-342.0
-2358.0
-417.0
-2503.0
-3335.0
1728.0
1709.0
-2716.0
48.0
1454.0
-2282.0
1591.0
222.0
588.0
725.0
746.0
1031.0
999.0
260.0
108.0
1653.0
-7746.0
519.0
-1026.0
-3184.0
-1777.0
-4084.0
-1874.0
-2223.0
1004.0
-797.0
-415.0
-1447.0
-3186.0
680.0
-752.0
-2959.0
-706.0
-52.0
-662.0
-4341.0
-3104.0
1619.0
-288.0
-2908.0
-2647.0
-1228.0
-2387.0
-3564.0
-3454.0
-466.0
-2387.0
1691.0
1797.0
-1944.0
-1801.0
-1809.0
-2809.0
2017.0
-435.0
-5557.0
-2327.0
-902.0
2048.0
-2015.0
-956.0
-1784.0
2045.0
926.0
1353.0
1625.0
-1395.0
1694.0
-3531.0
-1881.0
-2164.0
1770.0
-5971.0
-1489.0
-651.0
-1574.0
-2440.0
1187.0
-1075.0
-3019.0
-3451.0
-2105.0
-670.0
-1919.0
-871.0
1634.0
-597.0
-155.0
1811.0
2131.0
999.0
-4152.0
1506.0
1859.0
1905.0
-1508.0
-1526.0
-25.0
1834.0
-1466.0
-2888.0
1058.0
-750.0
-1208.0
1540.0
-3312.0
1631.0
-2191.0
345.0
-2798.0
-3082.0
-4683.0
270.0
-5.0
-3583.0
1519.0
-506.0
-1613.0
-295.0
1852.0
680.0
-1396.0
508.0
221.0
2116.0
-550.0
-2144.0
146.0
-226.0
-918.0
752.0
-5611.0
505.0
-64.0
-793.0
-2661.0
-2378.0
-1820.0
-1605.0
-1275.0
1891.0
-849.0
1314.0
-285.0
-144.0
340.0
-1712.0
1437.0
-2292.0
-161.0
-84.0
-1038.0
-6.0
454.0
709.0
-5030.0
-353.0
1780.0
1807.0
-1348.0
-948.0
-158.0
1969.0
-1895.0
-3249.0
-1752.0
-2049.0
-2037.0
-1299.0
228.0
1849.0
-4275.0
-2750.0
-1481.0
-7554.0
-3225.0
-316.0
-6477.0
-2550.0
-677.0
-4133.0
1497.0
232.0
-1039.0
-4570.0
866.0
-1779.0
217.0
2130.0
-2377.0
-466.0
-860.0
1755.0
-8.0
-2434.0
18.0
1107.0
-3356.0
1721.0
776.0
561.0
348.0
1065.0
-59.0
1742.0
-81.0
1621.0
1023.0
540.0
2031.0
2128.0
1340.0
792.0
-120.0
805.0
1427.0
-450.0
513.0
-279.0
1837.0
557.0
-603.0
-834.0
711.0
1826.0
-366.0
-1451.0
-1234.0
-1613.0
-1680.0
78.0
-1518.0
3.0
-2129.0
-1344.0
-1458.0
-2490.0
-1196.0
-2634.0
-9281.0
417.0
294.0
2197.0
662.0
-532.0
-147.0
2155.0
303.0
-197.0
-9403.0
603.0
-741.0
583.0
2070.0
781.0
-964.0
1382.0
2075.0
2163.0
-665.0
1176.0
1112.0
2094.0
-1852.0
179.0
774.0
862.0
-669.0
-446.0
-1363.0
710.0
1820.0
-137.0
-23.0
-177.0
496.0
-508.0
-579.0
312.0
-4460.0
138.0
1552.0
925.0
-9245.0
2106.0
1884.0
28.0
552.0
501.0
2211.0
2187.0
-1021.0
-2841.0
761.0
-10629.0
-443.0
1863.0
1105.0
1381.0
1093.0
597.0
1800.0
271.0
-1124.0
1392.0
-5827.0
-4902.0
-1017.0
1892.0
2112.0
840.0
-448.0
2353.0
262.0
856.0
-12256.0
26.0
-106.0
-1369.0
-2678.0
-829.0
-1388.0
-879.0
250.0
-1645.0
-3170.0
-13801.0
1821.0
-2867.0
731.0
-10316.0
-515.0
-8446.0
248.0
-631.0
-1749.0
-189.0
-1016.0
-62.0
-148.0
307.0
1153.0
543.0
1378.0
203.0
2353.0
-9276.0
-236.0
599.0
-1075.0
-2109.0
-942.0
1719.0
2099.0
-328.0
-777.0
1358.0
-9086.0
242.0
-3489.0
2142.0
56.0
2165.0
-355.0
1558.0
2030.0
736.0
1708.0
-11316.0
-14043.0
-11032.0
1934.0
-2015.0
-2112.0
-12970.0
-620.0
637.0
-3021.0
580.0
-696.0
190.0
-555.0
-3988.0
800.0
1591.0
629.0
1433.0
-219.0
1747.0
1368.0
2034.0
353.0
1672.0
1911.0
799.0
391.0
-6483.0
1084.0
1586.0
258.0
1932.0
1468.0
536.0
629.0
-168.0
-4867.0
1382.0
545.0
1734.0
2078.0
-1617.0
613.0
733.0
460.0
-6021.0
1610.0
322.0
56.0
304.0
1881.0
2032.0
-2773.0
1751.0
2081.0
2234.0
123.0
-2426.0
-1873.0
1986.0
-2692.0
2231.0
-5320.0
2054.0
-3640.0
-3426.0
-3799.0
-2483.0
-3380.0
-1375.0
-3816.0
1476.0
136.0
-2268.0
-2088.0
-2533.0
1887.0
2115.0
-3332.0
-2466.0
747.0
-2629.0
1409.0
251.0
2115.0
-1808.0
-5679.0
1822.0
2085.0
-2490.0
-3475.0
-1765.0
-2274.0
2182.0
121.0
-587.0
-1365.0
-403.0
-412.0
-2429.0
-1438.0
-2219.0
2059.0
-1173.0
-1313.0
884.0
-92.0
-4451.0
-1781.0
47.0
-3823.0
-1937.0
1704.0
-557.0
-7808.0
-167.0
1737.0
666.0
870.0
2252.0
2105.0
892.0
-792.0
1810.0
-141.0
624.0
319.0
954.0
1211.0
1685.0
1165.0
366.0
421.0
1743.0
163.0
1662.0
598.0
2047.0
254.0
519.0
1382.0
1307.0
1038.0
1170.0
-1333.0
1120.0
2145.0
399.0
809.0
-243.0
1648.0
534.0
-963.0
-1419.0
-287.0
-7350.0
2229.0
-328.0
358.0
259.0
495.0
562.0
-143.0
694.0
1724.0
139.0
-1918.0
-545.0
1412.0
32.0
231.0
341.0
1664.0
592.0
1997.0
1113.0
2227.0
1862.0
736.0
1613.0
1384.0
523.0
-427.0
355.0
2065.0
2072.0
-451.0
1292.0
2233.0
2169.0
75.0
2199.0
2259.0
2230.0
29.0
10.0
659.0
2276.0
1328.0
250.0
29.0
658.0
2152.0
194.0
-159.0
-601.0
321.0
1684.0
-40.0
432.0
-1006.0
1209.0
1170.0
2137.0
1143.0
2013.0
1117.0
597.0
738.0
1874.0
1842.0
1899.0
950.0
1272.0
1804.0
800.0
106.0
898.0
2084.0
1707.0
2269.0
158.0
67.0
1906.0
606.0
288.0
114.0
2116.0
1193.0
1772.0
2193.0
1126.0
1785.0
2246.0
1106.0
1001.0
-302.0
-3078.0
1488.0
-1661.0
1973.0
-1162.0
-3068.0
-1575.0
2244.0
1941.0
-1675.0
-3067.0
-471.0
-2038.0
2169.0
1051.0
-2881.0
795.0
-1939.0
-2793.0
-5143.0
-3141.0
-2716.0
-2360.0
-1330.0
392.0
2234.0
1941.0
290.0
-1391.0
-409.0
-1241.0
2179.0
1961.0
-313.0
714.0
-4419.0
-1718.0
-1203.0
-2826.0
-4645.0
-2585.0
2200.0
2202.0
1385.0
2239.0
2258.0
-2575.0
350.0
-3756.0
2272.0
2326.0
-1828.0
-5276.0
-2628.0
-2844.0
-3249.0
-445.0
943.0
-3502.0
-3150.0
820.0
-3137.0
-3350.0
-826.0
-1950.0
161.0
-1009.0
688.0
1839.0
-1933.0
2029.0
1927.0
616.0
-11.0
1916.0
242.0
-665.0
2211.0
787.0
-244.0
-1148.0
1587.0
1618.0
1922.0
746.0
574.0
729.0
72.0
-108.0
-28.0
45.0
1827.0
501.0
1679.0
1621.0
691.0
2245.0
1568.0
2182.0
89.0
591.0
591.0
287.0
1814.0
873.0
-363.0
1746.0
1964.0
782.0
1919.0
-689.0
662.0
-723.0
1133.0
2095.0
222.0
882.0
-261.0
326.0
-1027.0
167.0
2016.0
216.0
-346.0
435.0
844.0
642.0
1123.0
-8459.0
2251.0
359.0
1566.0
1922.0
1350.0
618.0
168.0
685.0
1784.0
750.0
-1228.0
799.0
2006.0
2117.0
-1264.0
-4812.0
-497.0
1900.0
-326.0
-1480.0
2016.0
-2317.0
1792.0
-4557.0
-4606.0
-2748.0
1640.0
-4010.0
-4001.0
1589.0
-1414.0
-2264.0
-1335.0
-2960.0
-883.0
-142.0
111.0
1977.0
-985.0
855.0
1522.0
-2417.0
-901.0
1923.0
2186.0
-2156.0
-2141.0
1026.0
-203.0
778.0
376.0
1745.0
-1878.0
1904.0
70.0
1979.0
-418.0
-772.0
-641.0
-2269.0
253.0
1389.0
-244.0
-1088.0
2108.0
310.0
-463.0
709.0
-102.0
2240.0
1563.0
-3234.0
-229.0
227.0
1821.0
-186.0
-2020.0
315.0
-91.0
-996.0
-605.0
-2206.0
-739.0
275.0
2089.0
752.0
-304.0
671.0
-65.0
-80.0
-2181.0
-2758.0
1860.0
-478.0
-1642.0
485.0
-1427.0
-1974.0
-292.0
-5881.0
781.0
797.0
2177.0
2242.0
113.0
-1640.0
-9.0
-1806.0
2178.0
112.0
-1585.0
1785.0
2249.0
1684.0
-1401.0
1957.0
352.0
2126.0
-48.0
-1384.0
406.0
2262.0
-1056.0
1404.0
-364.0
810.0
2101.0
-1325.0
-388.0
757.0
51.0
1197.0
95.0
1550.0
192.0
670.0
164.0
1149.0
982.0
2260.0
1358.0
1034.0
633.0
1907.0
-1239.0
1865.0
1051.0
1428.0
1464.0
1836.0
-363.0
1455.0
2232.0
1394.0
759.0
1632.0
-588.0
1825.0
1108.0
1574.0
155.0
1499.0
710.0
-1581.0
2234.0
-1123.0
-1514.0
735.0
1199.0
2296.0
-1594.0
-4432.0
-4202.0
-2421.0
1652.0
-3417.0
-9382.0
1817.0
-3544.0
410.0
-2152.0
-4102.0
-5788.0
1686.0
2262.0
-90.0
-4043.0
899.0
-5715.0
-3086.0
-6840.0
-7054.0
920.0
-5692.0
-1041.0
1641.0
-4598.0
1559.0
2226.0
-449.0
2022.0
1826.0
1658.0
2255.0
-925.0
524.0
-342.0
291.0
2199.0
684.0
-408.0
2058.0
2202.0
2111.0
101.0
2166.0
2180.0
2023.0
186.0
-288.0
2253.0
2172.0
1477.0
-157.0
773.0
656.0
1825.0
824.0
721.0
2.0
421.0
1257.0
-820.0
-319.0
-305.0
352.0
-502.0
1927.0
2146.0
1258.0
901.0
1279.0
1117.0
1762.0
735.0
2191.0
291.0
1062.0
2209.0
688.0
420.0
1267.0
1750.0
182.0
1474.0
117.0
-644.0
1747.0
581.0
-97.0
-1758.0
1384.0
555.0
-220.0
1858.0
567.0
1782.0
2275.0
356.0
2246.0
-291.0
-709.0
1741.0
-4449.0
1547.0
1893.0
-1602.0
1570.0
925.0
1818.0
2061.0
148.0
1692.0
-1369.0
1960.0
2319.0
38.0
370.0
1298.0
177.0
-644.0
-1136.0
1931.0
-828.0
313.0
-241.0
108.0
113.0
1985.0
-2247.0
2428.0
-674.0
1715.0
2295.0
1474.0
1806.0
-365.0
1779.0
1842.0
1952.0
-2581.0
1751.0
2262.0
2174.0
238.0
-1452.0
209.0
2077.0
-181.0
-536.0
283.0
-746.0
1274.0
-3028.0
-1174.0
-1128.0
1968.0
-5.0
-1246.0
1053.0
1237.0
26.0
-1074.0
403.0
-2176.0
-248.0
-908.0
241.0
2292.0
-1265.0
-2717.0
509.0
-346.0
1913.0
-1355.0
2416.0
167.0
-216.0
-1416.0
-2040.0
1697.0
-549.0
858.0
181.0
-1351.0
-2665.0
-608.0
1928.0
-2494.0
2043.0
1004.0
2012.0
-1264.0
-1731.0
2079.0
2012.0
-8373.0
-1453.0
-1115.0
2146.0
1449.0
-1898.0
-3065.0
-996.0
1667.0
1625.0
-363.0
571.0
-1161.0
1594.0
850.0
-1772.0
611.0
-1109.0
674.0
317.0
-581.0
710.0
-294.0
-228.0
-3094.0
-155.0
1865.0
-2015.0
-1922.0
-1801.0
-396.0
-956.0
1902.0
-3516.0
1914.0
-3891.0
1742.0
-3219.0
-2591.0
1712.0
882.0
1804.0
1671.0
-3141.0
-2300.0
1588.0
-671.0
-2900.0
-1262.0
-18193.0
201.0
-728.0
-238.0
913.0
1688.0
-1853.0
-865.0
-2948.0
-2134.0
1978.0
700.0
-584.0
163.0
-1819.0
-1149.0
-2937.0
-1043.0
-1202.0
-918.0
1548.0
-332.0
-1805.0
-2187.0
-3845.0
-1087.0
-480.0
-1391.0
2208.0
-6291.0
-1654.0
-1976.0
1377.0
39.0
1893.0
1159.0
-3714.0
2001.0
1649.0
-1939.0
1971.0
-1001.0
-1611.0
-1688.0
-1548.0
-4131.0
1600.0
-202.0
1888.0
2169.0
658.0
1805.0
-1816.0
-1754.0
2274.0
1200.0
-2697.0
-1190.0
-1535.0
994.0
1991.0
-1915.0
1658.0
543.0
2186.0
1997.0
-2848.0
-123.0
-350.0
-1140.0
-511.0
26.0
-4819.0
-1153.0
1673.0
-2051.0
-814.0
2218.0
-3014.0
-3304.0
-1409.0
2087.0
179.0
-760.0
-2422.0
2096.0
-664.0
2068.0
2157.0
1544.0
500.0
-879.0
801.0
2111.0
-1876.0
-3345.0
1899.0
2003.0
2118.0
-3469.0
71.0
2092.0
2114.0
578.0
-3195.0
1928.0
-2345.0
1822.0
-406.0
-4265.0
1760.0
1438.0
-2903.0
-2059.0
-1288.0
-936.0
-860.0
1416.0
-279.0
-1662.0
-112.0
1134.0
-930.0
-1554.0
-845.0
-3148.0
-785.0
4.0
1952.0
2192.0
-721.0
-2926.0
1302.0
2048.0
1952.0
-277.0
1635.0
303.0
1604.0
-540.0
-1834.0
543.0
645.0
2006.0
-534.0
-3530.0
1738.0
444.0
491.0
2065.0
-629.0
-1101.0
-344.0
2006.0
654.0
-496.0
-286.0
-1642.0
171.0
1438.0
2300.0
-123.0
-42.0
459.0
731.0
843.0
-1464.0
166.0
815.0
262.0
-670.0
114.0
2296.0
80.0
175.0
-3892.0
-4430.0
2129.0
-728.0
123.0
496.0
101.0
789.0
525.0
-208.0
2168.0
778.0
724.0
2284.0
437.0
306.0
409.0
584.0
2009.0
643.0
-853.0
442.0
2169.0
403.0
-321.0
2249.0
-482.0
2117.0
275.0
133.0
2259.0
-155.0
247.0
-515.0
-319.0
723.0
1855.0
-253.0
571.0
1847.0
-304.0
205.0
-559.0
512.0
-4010.0
-602.0
1133.0
-2397.0
-1569.0
390.0
1942.0
-509.0
646.0
2023.0
2203.0
101.0
-36.0
-2432.0
2201.0
-1095.0
354.0
1754.0
473.0
-130.0
-248.0
2043.0
447.0
-431.0
2032.0
-5147.0
-1031.0
1831.0
748.0
1984.0
2139.0
-2238.0
-668.0
-525.0
595.0
2465.0
1659.0
387.0
-117.0
-3550.0
1657.0
600.0
-510.0
588.0
-418.0
419.0
286.0
-2137.0
136.0
-368.0
450.0
-323.0
-224.0
1627.0
-899.0
-245.0
-2240.0
-395.0
-35.0
34.0
-609.0
202.0
602.0
-182.0
-271.0
-126.0
836.0
193.0
1672.0
703.0
-1541.0
1794.0
82.0
-1543.0
2009.0
180.0
-2006.0
-1074.0
-2151.0
-1058.0
-4914.0
287.0
-1836.0
2051.0
-1945.0
-3055.0
2002.0
-2478.0
1852.0
-2524.0
-3852.0
796.0
-4572.0
-3439.0
-1972.0
-814.0
-2377.0
-1343.0
-920.0
402.0
-4635.0
-708.0
-109.0
635.0
32.0
833.0
687.0
-979.0
560.0
2054.0
1938.0
11.0
397.0
1637.0
2003.0
861.0
435.0
521.0
-14.0
-48.0
506.0
804.0
353.0
285.0
670.0
1772.0
-256.0
1493.0
634.0
630.0
2138.0
759.0
580.0
681.0
608.0
827.0
1493.0
-413.0
118.0
-310.0
1771.0
442.0
-2865.0
1948.0
545.0
2141.0
490.0
-112.0
426.0
-357.0
802.0
515.0
336.0
2179.0
430.0
335.0
-9020.0
-2126.0
2120.0
-1542.0
453.0
331.0
-6961.0
-8480.0
-9280.0
-1083.0
2219.0
765.0
725.0
2440.0
368.0
103.0
54.0
-1419.0
2163.0
383.0
-1657.0
527.0
2170.0
2154.0
178.0
2214.0
692.0
2165.0
488.0
-123.0
2271.0
-30.0
-8256.0
-926.0
-98.0
-393.0
429.0
-287.0
392.0
629.0
471.0
-870.0
66.0
-77.0
-441.0
433.0
320.0
605.0
794.0
2089.0
764.0
-294.0
274.0
2243.0
755.0
729.0
677.0
-235.0
2085.0
392.0
432.0
-7156.0
2134.0
1416.0
-792.0
742.0
44.0
549.0
555.0
91.0
-648.0
1796.0
-2304.0
-1221.0
317.0
767.0
637.0
925.0
-391.0
538.0
1685.0
-16.0
358.0
211.0
-399.0
2241.0
-721.0
1743.0
2092.0
747.0
2272.0
-2701.0
1750.0
742.0
1986.0
186.0
-3415.0
635.0
506.0
1840.0
-5061.0
-2761.0
791.0
1390.0
-2165.0
-1340.0
-1360.0
-2150.0
-615.0
-11625.0
-2033.0
2172.0
-3023.0
-7857.0
-1875.0
-2781.0
275.0
1833.0
2012.0
-2787.0
-4030.0
784.0
1705.0
-7570.0
-1593.0
746.0
-420.0
2006.0
-405.0
567.0
1763.0
-973.0
1811.0
600.0
-672.0
-990.0
516.0
-206.0
-100.0
1618.0
724.0
-439.0
-421.0
1479.0
-84.0
-148.0
133.0
2140.0
877.0
-279.0
713.0
363.0
765.0
1954.0
836.0
1964.0
638.0
1366.0
896.0
925.0
-36.0
658.0
869.0
1657.0
-202.0
2023.0
638.0
718.0
2183.0
302.0
1487.0
1364.0
2143.0
-241.0
2095.0
2118.0
1791.0
840.0
452.0
1977.0
161.0
279.0
87.0
96.0
1625.0
913.0
-80.0
1542.0
708.0
662.0
1858.0
654.0
1480.0
1735.0
1768.0
616.0
162.0
511.0
1493.0
-212.0
-5635.0
-854.0
-339.0
1168.0
1460.0
1880.0
-3419.0
1941.0
-1223.0
-3217.0
-2695.0
1965.0
1875.0
2070.0
1871.0
2152.0
-3183.0
2048.0
1965.0
-1539.0
-3819.0
1789.0
2018.0
2136.0
-5105.0
2223.0
1939.0
2137.0
1808.0
-3334.0
2072.0
2432.0
1755.0
-1984.0
-702.0
797.0
1850.0
-44.0
681.0
1932.0
1639.0
2131.0
-501.0
-375.0
-245.0
357.0
722.0
691.0
753.0
2040.0
1802.0
607.0
725.0
2240.0
2186.0
2172.0
-3816.0
-3040.0
2077.0
2051.0
-3533.0
-831.0
-656.0
2188.0
-1217.0
-3812.0
-2483.0
-2355.0
-648.0
1409.0
-4982.0
944.0
-13215.0
1925.0
2320.0
-1338.0
-4004.0
-3241.0
-1780.0
-1540.0
1860.0
-406.0
-360.0
-3286.0
1870.0
-3797.0
-15279.0
-781.0
-2763.0
-1711.0
-1305.0
-2321.0
-184.0
-741.0
2214.0
-2394.0
-2551.0
-1005.0
-1816.0
-2672.0
-4683.0
-1054.0
-623.0
-2672.0
-1957.0
-2674.0
2159.0
-176.0
-999.0
-2956.0
-2304.0
837.0
1961.0
2430.0
-1227.0
-160.0
589.0
2203.0
2192.0
658.0
-1894.0
566.0
2266.0
553.0
238.0
689.0
793.0
2297.0
230.0
-404.0
832.0
640.0
-1715.0
-412.0
-424.0
2236.0
-11266.0
-217.0
94.0
18.0
-893.0
30.0
-700.0
-908.0
-2656.0
-1893.0
209.0
2184.0
748.0
2240.0
-1875.0
217.0
2188.0
2265.0
2088.0
-10338.0
-383.0
666.0
1996.0
-2793.0
680.0
1315.0
703.0
1433.0
14.0
-301.0
686.0
447.0
712.0
-109.0
-3141.0
1558.0
-596.0
571.0
2107.0
-6977.0
586.0
2291.0
399.0
2042.0
-740.0
296.0
687.0
-3.0
2121.0
942.0
-593.0
275.0
-702.0
805.0
766.0
-1195.0
1603.0
589.0
945.0
-2168.0
-334.0
961.0
419.0
504.0
-1769.0
-2556.0
1903.0
-1322.0
980.0
-1420.0
1995.0
2209.0
-3815.0
-5583.0
2300.0
1993.0
-3800.0
2029.0
-5556.0
1871.0
-6208.0
1774.0
2239.0
-5495.0
-6042.0
1964.0
-5449.0
-1755.0
-4012.0
2229.0
-4908.0
1966.0
1389.0
1017.0
2173.0
-5456.0
1668.0
-14993.0
-21554.0
-3859.0
1868.0
-6963.0
-20845.0
-5939.0
-3595.0
-4359.0
-6072.0
1756.0
-6620.0
-4995.0
-5881.0
-6512.0
-2350.0
-3927.0
-11752.0
-2187.0
-6519.0
2030.0
-5063.0
-4062.0
-1505.0
1055.0
-2387.0
-6936.0
-5184.0
1729.0
-1529.0
1518.0
-2006.0
2003.0
-1749.0
-481.0
-680.0
-3334.0
-1432.0
-1989.0
-3794.0
-1791.0
2026.0
-776.0
-1405.0
-4782.0
395.0
-1476.0
-2379.0
-185.0
-1435.0
-2955.0
1667.0
2072.0
-1591.0
133.0
-2115.0
-1395.0
2063.0
-1422.0
-398.0
657.0
887.0
-426.0
-335.0
940.0
-2377.0
-747.0
-4816.0
-2936.0
-2197.0
-1471.0
-1212.0
-980.0
2075.0
-1751.0
-1808.0
-3726.0
2290.0
1910.0
1759.0
1922.0
