-2013
-4883
-5362
-3406
186
6143
-6517
933
-1648
-657
-1153
3271
-1105
6024
-4230
-5089
2611
963
-3103
-5759
-5733
-7005
-3403
-2913
435
-1043
186
-3079
-1888
4310
-147
588
146
5206
-2112
-8212
67
2172
-4625
-7123
786
-2241
-10520
-1681
695
4118
-6249
-172
-3393
2460
1809
1793
3009
-2623
-4910
-7168
886
-4037
-7800
-3813
-4651
-5907
-10407
171
-201
755
-3489
2527
78
6499
-892
4692
-5086
-2629
-2055
-6181
3391
-827
925
-1962
-1849
-3317
-5626
1636
-2547
-1545
-7432
2232
-5983
3060
-2943
-147
-1012
2106
-5437
-2058
5225
4866
-1626
-6664
-4508
-3376
-5668
-2631
-19
-5765
-8335
3127
2177
-1940
-2089
4305
-4074
4758
-3065
-7562
-1817
3270
-2991
-6125
-2018
-701
-7896
482
1770
4444
-1749
-4074
-4328
578
-3378
2098
3628
2918
212
-3429
-3265
3795
-7715
-734
-4415
-1785
-11526
2762
233
-2019
-7124
-2137
-3243
2074
-3408
849
5910
-2757
-2814
-7442
1118
1746
227
647
-691
-1970
-6968
-3612
-3206
-1986
-6258
-2641
-1695
-1668
-2813
-2027
2153
-1687
-6130
-9609
3192
-219
-743
-4583
-3161
-3772
-1936
696
1570
-202
-8599
-2299
-1834
-2995
-3628
3708
2164
696
-3024
-8098
490
2093
-2344
-5238
-1193
-7219
-7416
-1234
-5282
1801
1669
1476
3891
-3695
-1837
-4343
9195
37
-959
-11040
3757
-7836
-2878
-8929
-2423
76
-6086
139
-369
4636
-6541
300
-6208
-2510
-1987
2286
2167
5499
-7377
-2059
3070
-5358
-1762
-3433
1141
-3163
-11897
-2153
784
155
-6837
2086
4132
722
-1310
-329
3103
2579
-6943
-7135
-1879
-2879
-3980
-4721
-2754
1085
-4016
1937
4665
-2570
-5465
-300
-1227
-371
414
-473
-3852
19
-2077
-3717
3870
3372
-3386
-5113
395
2173
-11290
3220
1624
4460
-9932
-2231
1011
-531
-5187
808
2852
-4038
-457
-5188
-1384
-302
-4485
-2833
-6148
-2217
-4252
-4116
1530
-2225
-1003
1186
1185
4375
-6490
3946
312
-245
-2633
-9063
2184
1658
-4297
-4121
195
523
-7296
1643
36
3413
-2849
-18
1559
4267
-8888
563
-4170
-1220
-437
-3715
1629
4209
-2779
-4802
-2054
112
-6485
260
-1914
-248
1974
1922
4549
-963
-1357
950
3541
-1336
-1205
-4437
3054
2369
-4561
-8770
-1991
102
-3128
2917
-2848
2415
-7196
-451
-2897
3355
-4149
3981
-2221
509
-2317
-7387
1141
4588
-4729
-6313
2764
-2037
-6926
1840
2717
-513
-2801
545
2057
870
-2585
6955
1760
3861
-4757
-1298
3224
-2685
-6075
-3418
711
-1431
-5272
1209
5360
1291
-5696
-122
-2318
-141
-3494
1669
6216
255
-2657
-7264
5802
7367
-2786
-5602
-6048
345
-6481
-4250
17
-3520
-1823
2792
-3632
5006
3357
4078
3194
1566
-5481
-3036
2256
2634
-2012
1829
420
-770
-2859
5341
-271
2552
-3811
-639
-806
135
225
5107
3499
-5193
-4333
-2763
4631
-1236
-5822
-3308
2146
-1318
-8872
-6
2040
1280
-3705
-4496
-542
2024
-2115
-4820
-1585
3289
-4869
-7130
3330
6068
-2797
-1379
-5949
1061
-7193
-4232
5983
-1518
-1983
4225
2435
621
-373
2392
1032
550
-3149
-6671
3390
45
-3877
-10762
-4075
-2588
-5051
-298
1493
1881
-7771
-3517
-873
4099
-5167
2345
2333
2606
-3046
-4276
3098
2077
-5120
2112
-7318
-3617
-8355
766
2426
3340
-4326
-1303
3838
94
-3137
3615
6115
399
-2129
-10724
3840
3296
-6422
-6889
-6223
-4834
-3253
2312
1362
-333
-3147
2698
2422
4156
-3157
-1130
-1872
356
-6344
-7084
4375
-1572
-2518
-6913
-2076
1125
-9268
2114
2319
3306
-4989
3493
2202
-3714
-3914
5133
5145
6063
-3382
-8620
2032
3073
-375
-898
350
-2884
-5122
5999
-19
4439
-4397
1852
3987
-2220
-5337
1991
-115
1705
-1377
-2362
1003
6303
-4522
-5042
-6341
1184
-7744
5275
3316
-3117
325
1579
-2581
3469
-376
1883
1915
-740
-158
-7137
-1636
3256
-5799
-7479
-1613
-2672
-7564
445
-957
-487
-5283
-1931
-1270
-1488
-4204
-133
400
1487
4545
-7249
5955
-108
1030
-3327
-4308
1344
-5413
-2534
-2898
2138
2233
-1358
-504
-1639
-708
111
5534
-473
-1137
-4983
2251
-671
-44
184
-4835
1383
-3640
949
3131
91
-5278
4655
1145
4349
-3749
2531
-1147
6361
-1690
-3926
1511
4219
343
-8562
-708
217
-8649
-445
2706
3061
-37
1035
-664
3277
-5
5660
6381
-4464
-1834
-8094
5859
-3528
1433
-1758
1169
-2193
-10899
1692
-1877
-355
-4008
93
6542
794
-1094
2670
2258
567
-1718
-4600
2100
695
-55
-1756
537
-1080
-11347
-2095
2122
1066
-3981
-4155
1139
4945
-171
2081
848
6215
-1063
-5552
-537
559
-7146
-2532
-1934
-328
-8259
4606
2917
2533
-2770
1073
5337
-598
-4568
3082
-2302
-2747
-2885
-3802
5508
-65
-4002
-3355
-5058
-2378
-8155
-1992
24
2001
-5134
3945
2799
4316
-3653
5582
4810
3356
1475
-5033
-215
5541
576
-5050
-4338
215
-6897
-3703
1390
1677
-5747
1283
706
1271
-3834
-3801
5746
1216
-4333
-4290
4562
5490
-254
-2517
-2358
787
-11202
-1840
5045
2744
-5955
3001
3848
1398
-1441
3133
4531
675
-1246
-3739
2975
97
2616
-1871
-7762
2864
-8140
1917
-2166
2155
-5088
-3098
1641
2577
1661
2141
5046
3635
-2955
-1620
-2589
5086
-3493
-1761
-3337
-929
-5402
226
6015
4558
-5599
3868
-103
4895
-1124
2489
2620
2510
-3802
-3220
5191
1324
-6336
-2624
2428
1211
-12192
94
6416
-458
735
6692
4441
3367
-2730
1709
6482
-326
-9332
-3892
3682
801
-4985
875
-2775
-3924
-3343
3367
917
2780
-3604
-507
5081
-467
-2191
3135
34
3615
-5438
-6572
5360
5672
-1198
342
2875
-606
-7003
2146
7817
2246
-5235
2859
6915
1876
-1467
4156
-328
483
-4285
-7200
2551
3428
-3906
-6832
-1803
1192
-5120
1749
2458
1623
-7614
5078
2746
4856
-1420
321
2706
5140
-4203
-7138
5600
3663
-4726
1666
-1329
2003
-8324
-1134
2487
1631
-4910
971
5129
-3587
-1407
-308
4775
4497
-239
-2546
4018
4858
-6956
-2971
-7505
116
-5806
3446
5529
2423
-4023
-1639
1078
-3458
304
-1285
1515
-413
314
-6025
614
5968
-1713
-2463
2239
1162
-7871
-314
3119
4306
-1987
-4271
1707
6835
2410
3978
37
5803
4687
-5253
1433
353
1162
-4123
-1408
609
-5526
2228
3711
1351
-5947
2582
7390
6887
-1471
-4694
959
5118
-1456
-2915
3351
3284
610
-4363
-1357
4280
-7378
5639
3203
5529
-2174
4380
693
1392
-1724
4257
2799
828
-603
890
7831
798
2208
-1595
-5262
681
-7130
3925
5284
6010
-4481
3344
-1187
-1413
-809
4263
5595
4440
1099
-4882
2196
-1982
505
-6355
-858
-4615
-4522
559
2329
1771
-1856
3349
5762
2013
728
3421
3486
3544
96
-5418
4088
3177
-998
-471
-6112
-555
-3836
1088
-611
3859
-303
-1905
-1305
1249
3870
2938
-467
-45
-3006
-4576
2006
-886
-1784
-7318
300
1138
-4223
1794
829
4751
-2438
4459
1710
-2297
-972
4486
3320
1972
2676
-1033
2911
1505
-2369
-7495
39
2995
-7091
4615
1031
5133
-3790
685
3177
3444
2660
6141
4344
3544
-889
-2871
978
-3852
-1267
-2809
-772
1697
-5671
597
-116
1055
-6611
2846
5138
5574
-2128
-2949
6656
7414
-1921
-2774
2948
7392
65
-7086
2219
2521
-1671
-9
3309
4030
-3632
3557
3683
5455
-4327
2718
313
2733
-622
-3115
7367
4638
3205
-5615
2066
-1667
-5513
2327
1132
228
-4723
597
1184
3912
-3077
5401
2365
5431
1753
-1755
2487
4773
1637
-6097
-1030
28
-2330
2444
3021
-2081
-4934
-235
1553
-1435
-3284
3839
4704
3646
1213
461
3870
5162
-2139
1286
-2902
363
-4714
2672
778
4419
-6056
-2789
3664
3234
-1965
2201
2174
9226
-202
-1434
4310
6416
-1326
-1333
-2843
148
-6825
1353
4761
1635
-2494
698
5240
6126
1732
2724
4980
5436
-1685
-5664
7469
3616
29
-4675
-99
2629
-9974
5400
638
3014
-5042
-3404
8399
5514
252
1971
5709
6637
-4855
-5241
3299
6347
-737
-3729
-596
183
-6983
5946
4630
-1592
-5820
2532
537
2865
-2990
4203
1975
1520
-1563
-6155
4534
7539
1013
-1209
-1370
926
-3895
-1549
1577
-197
-943
1173
5216
5094
-2122
4369
4095
1607
-2294
-8703
1981
2860
-486
-6641
-3548
4057
-4949
2398
4106
2740
-1735
2082
3294
3605
660
1778
5401
4600
400
382
3892
4574
-4149
1269
-1121
-3097
-3116
5463
3397
3795
896
6141
2185
5720
-196
4902
-4735
-3394
-569
-2213
3759
3829
-937
-3393
2468
673
-6104
-546
3556
2801
-13
4401
5114
3430
-495
315
5972
4314
-2102
-5935
7615
4610
-4262
93
908
-3260
-5159
2402
8058
1867
-1873
2794
531
2507
107
1017
4485
2636
-1522
-3415
4652
5396
1215
1388
864
-1342
-7867
5305
1742
4333
-7067
2711
1030
1444
845
4860
5461
5903
3585
-330
3440
4252
1833
-6145
-4506
1264
-4677
4001
3859
4766
-1306
1091
7125
1209
-3005
3071
7144
4567
-3505
1562
6741
6886
2825
-5532
1380
1350
-7972
-265
4505
7411
913
2617
2977
5539
2188
5594
9747
3136
-325
-1757
5866
7643
-1126
-551
-3383
-1104
-4707
2807
5699
3640
1970
1386
1621
7330
2239
2998
7507
-618
-583
-6360
4427
5535
-2152
-1813
1797
2952
-6605
3679
278
6221
-182
2292
7397
4617
2336
3715
5989
2512
-3118
-1590
2618
3281
2239
-4790
1987
717
-1388
1648
932
2700
-1393
-2375
5381
3372
-2078
6226
7046
1934
444
-301
1549
4701
4664
-2079
-10
-1779
-605
2769
-1981
6303
945
1645
4256
3638
-675
6844
8010
559
1033
-2894
4006
4703
2478
-2618
-4163
6874
-5967
6834
2847
8641
-2547
3895
1422
4166
-555
4198
3128
5056
-1314
-5205
-2357
7677
-5852
-5511
-218
-3482
-5151
4281
2284
816
-1808
3785
6456
3822
1606
7524
6118
2557
1441
-192
6071
2607
444
-906
867
2462
-5611
-218
5538
1477
-4094
5153
158
2561
-2269
5495
4061
-1083
-638
-6212
2775
4561
-5482
693
2872
4425
-1406
5184
6325
5136
-3173
8998
3076
2617
-1382
6655
9162
4422
-1814
-4420
2917
3644
2928
-2159
-6111
51
-4159
2189
6779
3240
-5107
3038
4743
8500
3745
6978
5722
3031
3384
-5671
4246
6485
2658
-7785
-2024
1835
-6530
402
3726
7104
-2754
5305
3234
3204
-3812
5739
3767
2477
-1975
-5682
6064
3736
3978
3501
-4608
2802
-5670
2520
4308
5094
-1135
3932
2283
673
-3228
1907
7911
5879
576
-6397
5069
2516
3644
-3972
-437
1352
-5733
3936
2481
5232
-3482
1263
3931
2684
-645
4857
732
4230
124
-600
5402
5663
4226
-2018
-395
-754
-5748
2353
4773
3721
-5745
1743
7296
1929
-1154
6750
6694
5418
1171
-958
4862
4632
-3690
-517
-1056
2575
-4586
3814
907
-900
-4105
-291
3700
1365
-1997
3858
719
2995
-1887
-4261
6351
6226
-1996
-2353
778
3302
-4340
5710
1259
3030
-4434
5407
4308
4229
98
6401
3390
3418
-2854
-7762
7346
2318
-2093
-62
-3762
1053
-6711
6107
7212
3956
626
-938
3902
5473
-4526
5282
5254
3810
1363
-3544
4631
6816
-244
-6553
2392
4610
-5596
4674
7004
5643
-2282
3011
1311
3192
-4991
4406
7144
5293
1548
-1646
6442
6609
-1385
-1123
3054
1148
-6908
6224
706
4306
-178
-966
3672
332
-989
4635
4605
3321
2887
-4902
4911
5648
-307
-3906
-432
5512
1267
5854
3077
2535
-1636
2625
5198
9845
-1996
5987
1998
5706
578
803
3766
4692
-2325
-2243
916
4285
-7284
2625
2683
-983
-2732
5158
5518
4385
-2862
7290
4682
2012
1104
-7879
4102
8404
-419
-3114
-1782
2252
-5226
3453
3310
5060
-8891
5056
4639
2672
-2747
2896
4443
1272
-3021
-3126
8104
5097
2514
-5179
1191
4597
-4893
4377
1038
2227
2847
2618
8785
6489
2841
4793
8642
9913
2227
-5241
5905
4306
3126
-1470
-957
1370
-4417
7870
3496
1313
-2286
974
4795
7968
1843
1024
5764
7265
457
-5512
5784
7706
573
-2746
-193
4571
-3370
6156
248
3388
515
3370
292
4269
1156
5912
5840
2531
2262
43
5084
7517
319
-2418
2848
-147
-3206
4770
5063
5501
-3443
6766
6535
6502
-1341
5924
5938
3723
2594
-4310
4398
4567
1589
-4776
-9436
2884
-6493
5539
5686
7394
1281
2003
6093
3285
577
5180
4928
4657
-298
-3237
5541
4798
1706
1902
-4348
-829
-5628
6790
905
2756
258
-2488
1430
4189
3200
7329
7609
4890
2066
-2235
5909
5013
-1270
2374
526
5287
-4579
3488
2999
4029
834
101
3197
2285
-3639
6005
6521
7287
-2550
-2188
7551
5133
6707
-3177
770
1944
-1985
961
2597
4187
325
4662
3618
6734
-4778
6691
5950
3793
-744
-3107
5465
4987
2338
-6192
1664
5261
-5409
257
1908
8507
-1825
-73
4217
6993
-1415
4625
5329
5952
-2982
433
3634
6457
-3392
3375
676
3402
-4948
6040
4129
2421
-4262
1354
4273
6230
499
8829
7296
7225
2481
703
6792
6724
2221
-3432
2659
-1378
-3603
6479
7081
6378
-909
-1503
5187
5866
4574
4338
1911
3438
503
-2703
6137
10588
2087
-3675
3602
2864
-3178
3753
9333
4670
2501
2157
5477
2569
-4667
2543
3083
6738
1480
-5254
5485
7146
3239
-2669
-90
2969
-10592
3465
5314
7489
-2151
6159
6217
7411
2061
3719
6484
2905
350
-4463
6966
6505
237
-1705
384
4485
-154
7047
499
4881
-1319
2605
8264
4462
952
6866
4052
6556
4917
-4418
7570
6288
1352
-6791
-4058
3617
-6391
695
8610
6415
264
5499
9091
5842
986
4265
8302
1451
484
-1964
1036
3839
-1070
-4238
2361
1374
-3741
6646
7290
5699
-1404
4813
4075
3997
96
5917
7763
3861
2858
-3005
6848
7751
2918
-3442
189
2617
-3108
3913
3534
2322
-3457
4029
10268
4497
2357
6486
3298
5590
2811
-4639
6548
5100
-368
-2446
1132
2973
-3891
7665
6882
2979
3146
6532
8713
488
-1483
8120
9080
8873
2199
-1539
5876
3907
-3817
-2164
2010
2328
-2985
2982
4511
6041
387
2524
3959
6413
-701
5919
8752
6400
336
-6866
3427
8397
-1206
-2158
916
3416
-2150
5401
8287
394
-315
6247
9932
7223
-295
9228
1935
3815
223
721
4799
5248
4209
3212
-3195
4650
-6455
3859
5174
6943
652
6239
1572
6314
5371
3046
9101
6525
217
-1861
8031
5605
1276
1487
1963
957
577
4399
1421
2266
-4979
6637
5639
5018
-5552
8341
6808
5962
3385
-4250
9930
5004
2411
-1405
-2322
-816
-2253
6725
3636
8201
-772
2682
7835
6169
4009
5136
1251
5295
1103
-3735
7891
6897
977
-3955
2368
4398
503
8631
2388
6016
910
3476
5871
6225
1391
7073
5480
7162
4037
-3118
2090
9434
-1712
1553
986
4240
-5438
2462
4740
2878
-1641
2319
8900
6915
4112
8725
4518
7350
155
158
6273
10156
803
-1556
-3843
5159
-1585
5599
2997
1739
67
3224
7769
5189
4117
4517
6563
309
-400
-6991
8900
6289
2605
4174
-708
4025
-6484
6352
6311
8072
1055
3537
808
4663
2815
5262
4656
6694
1051
-3117
9323
2525
1668
1076
1736
2105
-973
3305
4560
4665
210
4356
2687
5213
-1966
5592
6783
7494
-160
3642
4733
2976
216
-357
-739
5840
-7103
6710
2800
988
91
4039
5180
4984
686
8591
4157
7899
112
-4372
7222
7040
746
938
1319
3094
-2887
4816
6018
4310
3304
4279
7149
5110
1495
1283
8102
6528
-394
-8486
7809
6416
2335
582
2406
599
970
7852
8057
4813
-1440
4420
3296
3094
2849
5990
5778
4527
2945
-1284
8260
4017
1789
-5771
2809
4251
-4431
6585
7706
8212
-1051
3790
7520
5414
743
7567
8561
514
2613
-434
5798
8205
3867
68
2476
3056
-3047
4579
7107
7461
-298
1447
5981
4947
2693
10226
6284
8900
-480
-2632
10460
6932
1708
-537
1900
2917
-3670
3937
3854
3433
-392
8025
1989
4368
1345
10252
5592
6274
3173
-5129
4480
6815
4089
-489
578
6828
-6193
4221
6185
2695
-1307
4483
10459
9548
2985
2134
8647
8103
-1449
-2111
9638
8495
2577
-1628
-3110
3534
-1354
3915
9005
5302
-957
6990
5363
5508
-1063
1026
4577
5558
1525
-565
7241
6753
-444
-1514
1035
-1053
-2956
5774
8101
6999
-867
6976
5239
6431
319
8796
9191
5030
4195
-1079
7966
7353
4230
2619
1713
5654
-8356
5388
3563
2917
-1260
1003
7662
3498
4067
6044
6036
1326
4925
-2854
5742
8320
2803
-3374
4456
2794
-1909
3249
7129
3589
802
3894
4914
2835
2846
8409
10017
5195
3524
-5612
7154
7591
194
1569
3370
5809
2015
5793
4908
5902
-8
6184
1817
6816
-1144
7080
8767
3091
4258
-4746
8589
6516
-701
-687
-4323
1808
-4491
5346
4704
7210
938
3080
7400
6093
4291
8366
10918
7569
3310
1009
7042
6156
-681
-4631
736
3996
-676
5222
6885
454
479
6535
8822
7919
4238
7508
8723
8462
3827
-14
8637
7350
3932
2369
352
-825
-1790
6719
7140
7490
2140
7208
6095
8210
3395
10620
7092
6903
-644
-2186
6585
5630
-1856
-2686
-4808
433
-3932
4820
3007
8222
-2754
2547
6854
8167
628
2841
9125
1536
446
-1879
4542
10158
426
106
2675
5143
-1877
830
4704
7900
-2517
3697
7104
6398
306
8305
7985
6286
-2080
-923
4137
7649
3958
710
4762
8076
-8055
8765
7917
7016
-2612
5428
5324
8159
-3839
2667
6027
6604
4431
-2019
8489
6974
3309
-2299
-347
1295
-253
5627
5123
10903
-653
5954
3134
7311
4510
6718
4167
5064
-74
987
5364
9447
-662
3914
2228
6471
-3816
7054
3612
7434
-319
5063
2901
5408
5561
8403
7246
5114
3044
2608
6073
8009
1488
448
-2471
3678
1223
8711
4393
5452
104
7935
5784
5388
-2028
7100
10484
4767
4123
-861
6645
10063
-457
595
3492
4734
-4115
6251
9624
3777
1433
3555
4762
5502
-1164
6946
8854
4565
1275
-1955
6069
9667
1418
-651
-1337
2757
-3489
3828
3902
7427
3161
8161
4505
7606
4178
3550
6766
8751
1414
-4262
9448
8430
3154
2547
924
4693
-2778
3983
7435
8884
-331
4712
8364
8040
-3405
8292
5240
5860
3657
-2289
9330
9177
1115
4725
843
3587
2055
5329
3629
4263
-1465
7566
8004
7675
2690
3848
5890
9038
1649
1527
9661
7970
1928
2109
-3402
3482
29
3644
5403
8065
697
6115
6642
5256
5913
8043
5577
8054
1209
-825
6584
6587
1058
230
-818
5473
-286
5130
6560
2918
2862
5978
5667
9176
-1110
6869
8657
9641
4109
488
6266
7640
1594
-94
-359
1352
-739
3076
8565
7087
1238
4662
4570
3955
-655
7667
9692
2686
2202
-3451
7033
4594
4220
4619
3780
1852
478
10152
6360
8553
-633
7527
6762
7383
459
7926
4034
8069
1111
-3750
5405
6208
361
3486
3496
3491
-4575
4889
8119
6167
162
7364
6416
4955
5178
8491
6923
5167
-685
-1491
9775
7875
-1011
-610
-80
3798
221
5207
10386
7164
2127
7920
8208
9441
-5089
8504
8548
3383
5790
723
10789
8035
3496
-5365
3808
4562
1022
5287
9348
3450
1144
2995
7489
7172
867
6385
10059
4841
2968
-3076
8509
5316
106
2250
1410
5316
-4277
8985
9739
9678
-1665
5843
7596
6893
6002
9379
2830
5898
-713
316
8496
5937
3368
-1437
1169
3593
-267
7128
7905
6218
-3176
6991
6025
3928
8940
7493
9375
9155
879
-2402
5102
8484
2705
-771
2267
4661
-1351
5419
6640
8608
512
5060
6874
7366
3638
8960
7441
8806
4616
526
7591
7905
3533
103
5005
7013
-4388
4053
8725
6720
-273
7311
3389
9086
953
8423
8573
1858
-587
102
9858
8733
4446
2262
4726
5506
-4948
4378
8067
7098
2639
1903
3292
4985
279
7414
10025
6538
5477
-1264
9757
7532
-1956
548
2725
5993
90
7433
8959
2078
1600
5102
6156
9140
5183
7650
8512
7125
4058
-5640
4218
8231
170
-1506
1278
3472
1020
6256
5602
8335
-1677
8098
6126
6431
5006
11388
8829
5250
5449
284
4782
8554
-1264
676
2514
7605
-3938
6843
9061
3523
4139
7125
4221
4532
2939
9789
7460
6024
3840
-3605
11956
7829
5608
4781
219
1908
-3837
6246
7696
8172
-2541
7981
9016
6524
-369
9195
8133
8880
-1011
3220
10369
9599
-1560
2058
6422
3288
-1250
7902
7047
9726
-1332
6862
3100
7535
2104
9433
9331
8595
-1356
-2986
9087
9184
3797
-404
669
6289
-5629
5679
8888
8510
5962
8971
4875
4917
5767
9341
10953
7575
5191
-1250
9764
7501
5719
3555
3456
6246
2473
5810
8127
7605
1392
4968
7866
6709
4058
7618
7289
5644
5478
-1804
7348
8585
3639
-20
5013
4821
-2041
5777
7406
5288
-575
4508
8493
8274
2289
6763
10366
9527
4930
-4866
9295
9401
3669
4195
3151
4527
-3456
7898
8681
7426
399
5154
7873
8053
1455
6885
7796
6183
5968
-317
5982
11568
3303
5461
3369
8246
-1520
7670
6897
5566
57
7355
5463
6896
1208
7583
7186
9029
3926
-4727
6581
9197
6007
948
2401
6665
-4754
4615
10044
6373
2937
6217
9757
7240
-685
8824
6199
10251
2586
-3385
4609
8583
1644
102
3469
7462
-4867
9853
7314
8387
1008
6001
7512
7121
1333
5688
9554
8740
5342
-6440
9209
9404
4294
983
2317
4954
1069
4131
8852
10436
2655
5536
5073
8283
3617
7845
7409
9354
1692
217
9029
8289
4777
-1111
-1261
5617
-3165
9253
9672
8433
-2426
6471
7982
3481
2303
8601
9440
8540
4581
597
10006
9060
352
-1777
3984
7161
-1725
8449
5745
8640
710
4379
7427
8236
3240
6058
9702
6748
4290
-158
7874
9476
-262
-2333
4764
7013
-626
4408
8316
9953
2790
6883
6482
6091
1095
10521
9339
9871
5470
208
7791
7739
2151
812
2687
7911
1578
6990
6103
3121
-3175
4010
8762
8998
691
7460
6628
9916
-2132
39
8665
8432
2555
-1005
4753
6627
-5929
3925
7508
2980
-3491
5036
7673
7517
5103
9039
10904
10602
-118
-1650
7933
10308
1828
-802
4910
5776
-1995
6659
8332
9013
3940
9288
10719
8810
3375
7682
9675
7661
1823
5888
8498
8099
1365
1423
3983
6055
1201
4026
3335
7996
60
4444
10485
7018
2029
7514
7893
6789
7382
-1386
7879
9235
5808
2660
2048
4267
-2568
5640
4951
9926
1672
2711
6887
6854
6644
11129
9050
8680
5095
1077
9567
9024
6259
-1623
1425
6836
440
4054
9893
7662
698
4692
8912
8789
4803
10247
9733
9078
6946
4658
9333
6376
-1673
893
1154
5133
-851
6743
8576
7497
1405
8090
9201
7847
2739
6359
9863
7626
4010
618
7359
9153
-1382
1819
3710
2621
359
9802
7693
3535
732
7384
4325
9495
6325
4623
10524
8292
1997
271
9583
7392
7940
1001
2339
6489
778
7673
9303
8605
78
3723
7309
10193
5279
8532
10016
10635
4671
-201
8158
9801
2877
-1870
2683
5604
-368
2421
8583
8063
920
5288
8781
7795
5072
3124
9034
11650
3374
-1354
9410
8729
4037
3800
5102
2135
-2130
7653
7350
8821
2696
4878
7145
7480
719
11592
10041
8518
-231
5242
9510
11127
2490
-2843
4937
5217
1910
7520
9255
6741
-82
8204
5224
7003
4956
6366
8876
7663
3862
4133
10164
8058
1723
-345
2577
8036
-2420
4357
9306
6587
3697
8267
6953
7624
3322
6373
8480
8890
7368
4891
7317
10681
2798
1818
1791
4565
-2670
5316
5000
9349
-2209
9240
5188
8011
6070
9091
8361
9919
5637
-707
6374
9655
4393
-4446
3729
8284
-4584
7103
7317
7408
3330
3650
10116
5722
7023
8495
8324
8866
3238
4974
7138
8029
283
-1552
549
3608
-92
6498
8034
8680
4287
3268
8723
7068
3930
9146
8946
11010
8874
-912
5993
5890
3535
1768
2090
3013
2345
7616
9613
6769
367
9560
10242
9127
4608
8346
11467
8328
-1388
1687
9947
8664
2547
3747
5218
3762
-4764
9787
9494
7517
-165
4759
5931
6615
-278
6080
7107
9094
4616
-608
10200
9733
8988
2939
-312
7703
1436
5661
7778
8352
2793
9718
6892
7859
4730
8136
5523
9143
4755
-480
10624
11133
2671
2780
224
929
-1918
8809
8935
5908
563
5777
7582
6453
-302
10533
9707
10543
6627
1623
9021
9036
3856
-88
2700
5788
-1050
10307
5974
7673
1114
5496
8481
8522
6226
7736
10039
9767
7220
-977
9555
9858
3150
4369
3550
7532
4040
10883
9319
6989
2692
8065
8625
9010
4115
6619
8415
8392
6147
-3318
7582
10516
2744
3799
6543
7718
871
7407
8118
9392
2880
6353
6920
7620
-520
5479
9017
9675
9055
1415
10243
7667
3070
2763
3294
5844
-2859
5978
6517
7393
99
6396
7677
8641
3083
7029
10070
6882
2138
4852
8965
9076
5495
-815
-955
6627
1590
8121
8619
5145
684
4939
9364
8903
-290
6661
8568
7211
5421
-2133
9875
9850
698
3056
4118
8335
-38
8576
8617
7568
2403
5363
9611
6778
5386
7552
8831
5777
7885
4535
6993
8170
4215
2566
3478
5869
-488
4783
9509
8133
98
9984
10458
8385
2918
9788
9924
8072
5802
3068
8163
8998
4502
2665
4031
7269
3315
5826
7949
6378
2295
5206
8295
8253
805
7926
8686
5705
6544
1563
8400
10368
7288
2585
4672
6272
-2043
9607
3173
8996
3001
7291
9275
8809
2806
8220
11000
7650
2533
3164
8481
8653
1996
147
3770
5800
920
8860
6986
4893
2079
5441
9947
5094
485
6544
9819
9782
8916
1960
9545
11065
2013
1920
1923
4482
-1524
5982
6988
9277
850
7032
5989
6157
2137
8705
10186
7583
7269
-5691
11206
10832
5342
2251
4897
8245
1713
9336
8531
7613
1332
7993
10036
8920
3449
9492
8175
10401
4016
1443
9984
7516
4501
4922
2396
6890
645
9192
3311
6515
1177
6387
4341
7794
7206
8873
8456
8868
6572
-449
10527
7702
5271
4580
3592
6951
1810
8238
6776
4570
3723
8743
5204
9393
2122
9431
10452
8915
5724
3149
8135
10143
3915
3649
1125
7267
4102
3475
9245
6631
2813
10248
7061
9273
3148
6268
9630
6387
6429
-4389
9209
9836
2197
-220
4326
3590
3559
8335
7182
8251
1634
7138
8660
5928
5152
11015
8847
9683
4240
3104
8048
5016
8200
8635
4819
7534
1357
8436
4546
6730
1563
8887
11344
9166
4224
9254
10195
5263
6193
-866
10120
9485
4394
6046
4339
5221
4964
9114
8470
9695
2711
7534
9269
5952
4076
9675
10658
9184
5106
646
9572
9725
6983
4870
5294
5528
-2541
6643
5954
6467
7682
6048
9023
8887
2487
8927
9440
10236
5234
-1995
11083
10088
5250
2670
3061
3462
503
6989
10562
7360
3899
7203
8567
9464
1817
10470
10320
9127
6591
225
6940
9193
5942
39
4470
5723
5712
9767
4327
10288
2682
7805
6932
5936
2439
9993
10623
10958
3331
573
11546
8608
7043
4310
-1140
8250
-1729
7975
9634
9732
3641
8614
7289
10405
3115
10858
9137
8405
6828
3327
8479
10258
1584
808
4553
9072
5064
6783
5772
7582
238
3611
6797
8557
5792
8378
10162
6285
6888
-237
7755
7219
9054
1743
4862
7893
181
9334
4702
10329
1314
5763
11675
8693
7417
5636
9766
8176
6869
2014
9920
7694
4239
4526
3096
7474
-5727
6945
7835
10009
2708
5262
9346
10335
4380
9495
5545
10474
6335
4805
8658
11518
7181
3277
2057
6485
1739
2263
8448
6745
2174
6655
5298
10982
4394
6627
10718
7484
4255
1594
7338
9581
6980
3820
2103
6241
-624
9372
7933
8302
943
7576
9483
8594
5679
9120
6255
10019
5809
3767
10475
11144
5705
196
3436
6058
-1453
8855
8993
8591
2415
6692
9130
8482
6127
9834
9468
8584
8036
3322
8541
8519
3839
3267
2224
6160
2354
8539
7131
7320
1108
5225
10142
8121
3421
6643
9088
9952
3400
1516
6650
8312
6024
1875
6111
8500
4365
9359
5352
9005
531
8011
9795
9584
7395
9758
8098
9311
4227
981
10556
8565
4856
-1342
4516
5700
875
6611
8445
10444
-1494
7196
10602
8603
3134
9044
7770
10532
6397
2978
10190
7668
3538
545
5746
8271
2320
8085
8060
7702
-592
7820
7988
6570
7106
9558
10130
10507
6958
5799
10764
11256
5067
3480
4652
6330
4431
9415
10373
9807
7088
7535
10710
6633
7074
9990
9562
10583
4409
-2229
11370
8592
6869
1236
2982
7161
-6914
8262
7538
8860
1136
7791
3731
8667
5156
9685
10178
10796
7557
1966
8952
9007
5315
1579
2888
5075
6919
7900
12051
10801
3410
6787
12079
5921
2360
10767
8613
7600
5235
-2202
8692
11062
7870
2969
4777
8955
4419
8544
9234
6865
3761
3862
8491
10402
5883
8139
10465
9793
6753
3024
11182
5793
4966
3752
3928
6219
5184
9317
8347
11003
4623
5651
8717
8157
4097
10100
8944
7127
3182
1197
11415
8117
8492
2275
6218
6691
2065
10250
9618
9462
3210
5021
8425
6375
1384
9963
9267
10447
3681
607
10628
8843
4756
2817
3878
7692
1743
8315
8559
7295
-1713
9319
10541
10080
8124
8155
9163
6414
7504
1304
10784
9280
5374
1960
2913
9043
1296
9915
5380
9015
2227
8065
7978
9017
6121
7854
9888
6871
5539
2854
7063
9020
-844
3645
1732
7131
-3173
9098
9420
8414
3948
10784
7947
10521
6701
9892
10244
7379
4270
1499
11502
8153
3502
-1465
4179
6012
2844
8076
9670
8396
3677
9253
8470
9122
366
10190
10538
9904
8661
2901
10490
9906
4704
5351
3336
5142
-3621
6648
6315
8060
3713
9867
10043
4901
-954
9443
9785
10497
5921
1171
9717
11298
2824
5961
4955
5919
3779
7957
9807
9330
4826
6521
10223
9803
6696
10617
10066
9161
7524
2545
9321
8314
1157
-3853
5074
7115
725
9482
9983
9488
3727
9243
12040
10410
4356
10107
9817
10024
9725
544
7382
6756
6455
3928
3496
9310
-4852
10331
7962
8412
3649
6778
5771
8288
6328
8030
8970
7592
7243
462
11298
7235
4139
2594
5245
8142
1709
8800
9313
11084
666
8815
10394
6839
4905
10860
8567
7909
4548
3056
8768
10509
6417
2205
3195
7741
2923
6532
10998
9999
3855
8287
7981
8416
9925
9075
11619
8880
5172
2466
9490
7063
6066
1617
6381
7953
-2586
10480
9705
9498
6302
6706
9708
11060
1777
10520
8569
9677
3593
2201
10073
10171
8497
4151
6433
7342
-598
8927
10330
10098
3482
10636
9695
8771
1864
8801
10056
8289
8245
-3268
8339
10096
3907
1403
4611
7816
-1556
10521
8614
8138
3080
8114
11021
8706
4440
10469
10506
10696
6031
1732
8957
11253
6613
1698
4389
7663
701
10885
7234
7255
972
7785
7684
12188
6426
7586
8558
10356
6312
3623
10822
6142
3433
-755
5561
8598
5808
9951
9578
8626
4040
8657
9588
10113
9763
10286
8642
10120
5489
3273
6355
12734
4844
289
3707
9185
215
9705
10401
10214
2364
7030
8371
9470
5815
11775
6407
11339
8985
5614
10811
9349
6792
4885
7736
7384
3329
8632
10654
8202
524
8503
8743
9540
1472
10456
10616
10693
7674
-1057
10580
9203
8851
4832
