-2036
-1381
-6206
-2597
-1407
2027
-3206
-2448
3912
-45
-5398
3219
-444
5466
-3591
-6333
211
2322
-3980
-3719
-10672
4653
-10532
-1083
-207
-2977
-3794
-3034
-477
-153
-2026
2903
-4663
4487
-7344
-745
2173
-4756
34
-4997
-5285
2881
-7400
-2034
5354
-879
-8870
663
924
2503
-5267
1435
6121
2785
-2953
-2040
1918
-920
-1212
-3836
-5138
658
-4871
596
3196
2906
-8257
1714
5570
-1371
-3848
917
-915
1781
-198
-7251
-998
4905
-2145
-5116
-1992
1132
-9400
-3587
1404
395
-7101
695
3841
2295
-861
1796
4221
4967
-3501
-5765
2238
395
2229
-2879
-3750
-6009
-10950
-1427
1761
6199
-4212
149
-769
4987
-4281
-1308
917
-1175
-738
-7562
2815
5014
-3602
-5014
-5204
-2845
-4865
-219
216
4671
-7953
3930
5600
4446
-423
1686
3017
-1068
620
-401
-768
5920
-2026
-2681
-6484
-2249
-6464
755
1386
1653
-5307
7664
5367
4961
-3173
198
5576
3449
-28
-5660
-315
6422
-4352
3735
-4209
-1602
-1454
883
421
1822
-7023
4481
4480
-401
365
6899
6443
3007
-6840
-1332
2349
84
-2545
-1367
-3481
-3900
-7622
1027
874
4679
-5880
4609
764
-1533
-467
557
4023
3580
660
-1312
6434
380
3369
-2891
-4243
1495
-4695
-1
4560
4545
-4044
928
1659
-1013
1083
1029
5427
797
237
-3839
6309
1287
-3350
650
-3147
-4592
-3373
-2776
8198
257
-7028
2131
3533
6420
-2584
7918
9406
6534
2177
-4224
7258
5075
2235
-5539
-8020
3644
-4825
2401
2493
4123
-7367
3074
198
2216
1481
2079
6316
-163
-875
-7576
1405
1679
-2885
-2726
-1953
3705
-1368
1797
3630
4940
-3132
3564
4053
6141
405
4239
3668
3618
3095
-2371
5418
6068
-388
2284
-4132
1060
-2669
2398
210
4963
-5752
1866
7590
-242
631
2553
6431
4579
52
2788
4926
4836
-81
-2832
-3058
2820
-3190
276
2461
8258
-3339
2218
5474
1359
1198
5891
-129
7368
2611
105
8317
3817
3146
-924
2378
4018
-2672
2211
5149
4003
-2383
6485
2864
2953
-1998
2530
5760
7159
4302
820
6419
5301
-1016
-3981
3875
4261
305
5251
3318
2706
-4214
7761
8000
1275
1586
4436
2674
5502
7071
-3912
6603
7165
515
-338
955
4388
-4665
5496
3866
5893
569
1044
5113
5830
-179
5047
662
8556
5860
-4021
5151
8844
1365
-2539
3053
8501
-259
3527
2583
5048
-1012
4348
4788
9285
1047
7020
6447
-702
1944
-3028
8639
5834
1636
-4013
1291
6474
-1609
8086
6450
4575
-436
5983
3434
9245
4024
8665
7927
3676
27
-2189
9703
9210
612
713
2411
7472
-3035
6207
5362
8214
2061
2733
8126
5638
-539
4945
8054
4370
-1953
-4950
4826
4736
2938
-920
3420
280
-2317
7142
3086
7778
3721
3942
6094
9370
4393
9339
8473
2643
2783
-146
8707
11161
2867
3838
3276
4406
-5071
6557
8256
5817
2767
76
6812
8623
5979
6928
7265
3389
-288
1684
10698
9733
3606
-1043
4791
4246
-5359
3094
1726
7230
2423
5806
4775
6871
754
7374
9798
4446
2440
-634
8945
10210
-197
2359
282
5006
-4802
6811
8776
3542
-1132
4774
8326
5611
2083
11050
8556
9369
5416
-1448
9432
7496
-1529
-1865
5912
6553
-2694
7117
9768
7902
2355
5202
6524
9499
2030
7823
7743
4537
5193
-895
9965
8157
1473
1693
1499
6544
-2842
8651
7006
8573
2563
4078
6856
7463
4805
10843
8887
8237
6118
-1371
12151
9415
1481
1452
4596
2257
-2198
7225
4696
7779
1247
4512
7737
8906
1117
6611
8801
4958
5895
-1509
9995
8393
4656
4006
2567
6339
-2275
4888
5589
7523
3648
3249
6508
8053
3233
7661
6709
10568
7915
1299
9721
10229
-2677
4174
5713
2593
-2532
8384
9390
6722
2769
4391
10244
5383
4884
9897
8567
6363
5095
572
8234
6436
3202
6519
4226
5744
-4754
11018
10481
6558
2809
3467
11324
8086
2286
8202
8623
3496
6424
-3511
11611
11824
-3757
5054
2805
657
-1586
7382
2019
10016
59
9963
8276
3290
6738
5009
9536
7545
6944
2102
9943
11045
5097
-377
7126
10215
31
9371
8123
7523
3981
4177
8666
7156
5723
8745
8107
6792
8545
398
11551
11741
4680
-406
-1866
3281
-3157
9692
9417
6139
364
5978
7936
9460
2905
8879
8934
8901
6696
3941
10429
11225
5398
7492
5697
6691
-5759
10183
6550
8102
2455
7533
7831
8867
4217
10322
7740
9691
8844
-102
9626
10844
4056
6304
802
7909
184
4203
7803
8115
149
7972
8023
7840
1383
11128
7272
7048
7395
-2923
8072
9503
5069
4404
6324
9493
-3172
8420
9972
10125
4337
8145
5638
10124
3089
9836
9454
10647
4117
2354
12154
9097
2097
2799
5118
8246
-5281
10064
9525
7592
5271
8057
7555
7451
3593
6228
6663
9095
9252
3109
8637
10838
5912
646
6713
4431
-1230
4507
11879
10348
-924
7412
8229
10495
2607
9267
9401
10156
6553
-619
12192
9459
5763
656
4544
6085
1402
9780
7016
9961
-1878
8401
10082
8302
1726
10299
11025
10453
9780
850
11248
7595
5148
1010
3367
7247
6454
9729
10227
9202
2754
8476
8591
8318
5616
11039
9321
9315
6102
5137
10280
10256
6007
4113
5002
9520
-1579
7841
6695
8214
-2322
7975
9278
11568
7797
10861
10700
11463
5596
3410
11750
10982
5978
3265
4624
4448
-289
7141
9451
8346
-204
4964
10151
10517
4706
9592
9301
10742
3259
-43
11229
11928
3740
4754
6972
6985
-1880
7321
8944
10313
3254
8316
10430
10172
7687
10401
11074
9016
6940
6236
12899
9240
2940
5029
3738
9257
-1803
9354
9671
8141
3248
10352
7170
11096
9153
11479
10594
9124
7845
6156
9030
10240
2858
4767
6349
8613
-2666
8488
7843
10085
5486
8983
8387
9216
6709
10064
8159
10639
5187
1883
10555
11724
9105
4149
6575
9508
3110
8835
9603
9563
4996
9701
10840
10895
8356
11929
11001
8161
4564
4860
9989
10828
9509
2776
266
8758
647
9202
9247
9921
3938
6552
9235
9247
8834
11470
10844
8450
9106
2319
10027
10100
-341
8684
6646
9117
-1141
9943
9275
11587
5343
10261
8068
10345
596
7351
8930
9702
7472
5638
11984
12648
6167
3176
7069
8832
-517
7758
8706
8558
4286
7214
10997
9347
4137
10849
9535
9539
10022
1698
12987
5732
5269
6528
8740
8368
-2011
8636
10492
4591
7680
11293
8231
8951
6103
10155
10785
10713
9906
3033
11911
10538
1778
6177
5150
7535
3650
9961
10221
9721
6162
6956
8623
9687
7637
10528
9846
9205
7064
278
10061
8738
5086
6990
4990
7192
1385
9562
11349
9034
7139
7710
11707
10181
7725
11007
10095
9414
9173
3492
11856
11085
5394
5058
8029
9501
5147
7087
8983
7192
4178
10389
3673
11626
6954
7972
10965
11236
4009
1831
10476
11337
4896
4714
7803
9201
5050
10097
10902
9065
2499
7450
10202
8375
8464
9818
10207
8157
8658
7782
9652
11178
8169
9403
6618
9339
271
10284
10443
10282
629
10756
12642
10433
4352
9500
10712
9861
8459
2431
12043
11605
7441
2966
7831
9221
2635
11482
10328
11169
4752
9626
10640
10337
7387
10479
11343
10148
8534
5220
11277
9273
9236
6026
3840
11854
1529
9842
9971
8312
5044
8644
11252
11314
8441
11746
10473
11750
6574
1754
12200
10199
7020
7086
7625
7912
-1291
10069
9156
8793
3857
9705
10380
10229
7043
10679
10956
9247
7672
3510
10558
10412
8915
3005
6336
10172
5303
10598
11388
10668
2592
8147
11031
11513
4833
10603
10412
11306
8938
5398
7218
10942
8397
5504
4719
9339
2383
9405
7908
9679
6754
11202
12816
8033
6537
10737
9585
12030
7651
3113
11358
9834
6803
9882
6150
10613
2566
10638
11305
9239
5976
11603
11052
11429
7631
12157
10914
9368
9397
6555
10339
10523
7969
8251
7029
9494
2739
11341
11302
7943
5739
10718
10811
9624
7286
11631
10423
10513
7244
5165
10467
10794
8981
5022
8143
10215
4778
10882
10332
9799
7008
9324
11198
11608
8671
10683
11547
10382
9471
2584
11924
12093
8051
6040
6266
10265
2893
10843
9455
10084
2395
10865
10273
10852
8958
11372
11387
11347
9660
5348
10993
11476
8287
6928
3571
10785
-678
10598
10611
10972
6558
9654
11966
9323
6611
12472
12196
10536
8385
7872
11467
12598
9008
7490
8214
8176
1243
11507
11553
7944
4135
9539
11393
9550
7100
12299
11320
12570
9551
5324
12009
12090
9069
5937
8666
7863
5417
10192
11611
7933
2474
8829
9151
9528
2727
12029
11044
10314
10107
5848
12351
11033
9617
8737
6920
8192
4793
11007
11947
8975
6296
10666
11103
10377
5676
10574
11111
10621
7395
4909
12143
11636
6819
6919
6415
10787
1406
11037
11156
10976
6524
9481
11486
10891
6739
11771
11938
9278
9731
6759
11391
11132
5029
7255
8014
9576
1968
12759
11462
11415
4923
8480
11624
9809
8388
11486
10618
13065
9547
6975
10224
11729
9906
8928
9273
10974
4634
9943
11318
8815
4007
11972
11032
9862
6716
10495
11545
11940
9604
3814
12405
10931
9371
5178
9453
11119
2816
11886
12141
11398
5206
9229
9753
11311
6800
11491
10383
11225
10301
6895
10733
11652
9339
4823
9018
9324
3927
9886
9599
8528
6995
10618
11331
9977
7983
10555
11934
11976
11275
8232
11077
11721
6829
5511
8788
11492
6988
12397
9898
10413
5389
9799
7947
9534
7247
9557
10187
9988
10632
5636
12206
10660
8583
7379
7487
8521
2830
10903
10491
9997
6877
7543
10580
11348
7813
11420
11060
10247
6357
4964
11502
11021
9851
8678
5731
10050
-2476
10229
11572
9658
7104
7574
10086
11069
4915
11526
10594
10457
7213
7422
9450
11048
10261
6403
5559
10393
3322
11720
11753
10412
6464
8522
10833
10222
8507
10947
10682
11742
9460
3877
11407
11737
6082
8597
7055
10303
3951
11714
10144
10334
6127
9161
9780
10214
9273
11311
11302
11121
9937
7946
12147
12162
7887
5425
7240
11166
7000
10878
11190
10332
5240
10278
11948
11070
9078
10742
9259
10139
8636
3766
11156
12548
7738
8537
8956
10585
3752
11697
12325
9334
5984
11422
8808
11419
8955
11515
11806
11738
10190
4106
11737
11884
9097
7138
8136
10227
5637
10790
11903
8720
5524
9181
9896
11984
9422
12374
10485
10703
8908
9008
10036
12498
9336
9249
6501
9648
4963
11306
10049
11852
8138
10353
8221
11487
7164
11179
11539
11133
7875
5423
10689
11459
6835
8640
5839
10017
3783
11668
10229
10887
7916
8141
10810
11538
8453
11706
11304
10618
8971
6538
11448
11566
9712
9489
8705
8764
5882
10275
11158
11890
8602
8734
8531
11923
9730
11703
10551
10605
7839
6742
11724
11361
6431
6024
9139
8748
5083
9936
12016
11475
7828
11226
12251
12064
8894
10473
10959
10168
8088
8125
11574
10611
6397
4109
8700
7934
5261
10435
9679
12289
8851
10834
10530
10351
8513
11595
10139
11689
10493
6914
11087
11633
8200
8955
6726
7425
6520
11413
8677
12012
6669
12067
11276
11838
9069
10317
11398
9871
8231
6604
11089
11336
6947
8744
8324
10793
5919
11274
10577
10706
6138
8369
10604
11358
9334
11693
12107
12167
10100
5630
12048
11339
7205
8847
8720
10434
6211
11528
11942
11282
4215
10339
12290
11522
10142
12259
11819
10414
10383
7527
10729
12336
9923
6324
9538
11237
1867
11394
10817
8664
6706
8960
12566
11531
6617
10722
11486
11403
8577
6327
12734
10797
7978
5792
7605
10226
2854
12392
12172
9432
6615
10630
11200
10463
9531
12486
11258
10418
10672
1267
12718
11988
7186
9095
8198
10778
4799
11074
10964
11573
7062
11362
11884
10146
8376
11958
10013
11762
8726
7648
11676
12094
10134
8729
8418
9087
4877
11938
12214
11231
6370
9562
11183
12710
7687
11941
12302
9771
9164
5638
12427
11829
10169
7253
7427
8754
3050
12357
9658
11232
4489
10205
11719
11321
8624
12439
11792
11844
10776
3585
11380
11644
6952
5214
9954
10111
6490
11133
12671
11648
8840
9925
12688
10805
7443
10917
12516
11149
9357
5274
10682
11545
5588
6167
8427
10448
2753
10763
11481
10773
4579
11915
9825
12175
9947
11148
11619
12056
10824
6083
10408
11862
9136
9486
6632
10054
6071
10883
10519
9928
4540
9438
10013
9803
8037
11426
11596
11245
10556
6774
12292
12580
10265
5031
9295
10915
6881
9281
10545
10306
6226
11300
12077
11002
8345
12411
11650
12119
7280
5891
11526
11470
9818
9867
6636
11800
5644
10833
11110
11383
7112
8793
8987
11006
7674
11197
12182
11830
10507
7786
8840
11686
9948
5030
6972
8713
4977
11740
11123
8887
8083
10113
12655
11959
6840
10662
12403
10544
10632
6833
11843
12426
9121
7646
9469
10563
6917
10375
11556
10298
7017
9898
11025
10779
9512
11993
11748
11701
7217
5680
11937
10909
7821
5465
9875
8555
7088
10662
12477
11736
5497
10986
10281
11454
10038
11663
11437
8988
10525
2730
11763
11812
7780
6846
8848
11000
7797
11707
10748
11288
8274
8828
12307
11648
9234
11794
11481
11412
10308
5821
12144
12126
5607
7288
7844
11913
6859
10349
11278
11034
8516
8857
10178
12462
10157
12249
10969
11550
10108
7703
12121
12352
7069
7953
10099
10465
7358
11809
10614
10189
7001
11167
11816
12588
7268
12156
11955
11665
9594
7588
10145
11199
8832
6918
9217
11235
6711
11711
11024
12097
7785
10074
11151
11578
9727
11524
10280
11299
8788
8357
12342
11919
11048
9035
9609
9945
5298
9440
12406
8954
7146
11627
10869
10854
7162
11399
12950
11918
8155
6324
13181
10536
8218
10050
9034
10118
7861
10311
11237
11818
8700
10310
10891
11255
6712
10527
11104
11048
9452
9737
10690
12139
8947
6776
9511
10088
7289
11139
12807
10637
4286
11840
10524
9335
10611
12146
10669
11972
10999
6472
11766
11025
9264
8875
8555
10327
3977
11989
11052
10487
6340
10312
11269
11781
9697
10025
11193
12097
11264
6761
11179
12002
7703
6714
7588
11560
3610
10887
11792
8577
5086
9132
12973
10606
10093
11988
12310
10787
9503
7883
11403
10735
10946
5647
11528
11226
7489
11358
11657
10822
7041
10236
10866
11220
9763
12630
10972
12226
11293
5253
11840
10076
9420
8059
8922
8340
4037
11266
11077
11115
2182
11254
11252
11464
9479
11118
11082
11967
10927
7914
11470
12336
8821
6508
8327
10791
6428
11493
10816
8383
8328
10078
11141
10992
9587
12721
10674
12254
8311
6422
12495
12080
9895
8443
9414
11414
6952
11413
11607
10630
7636
10838
11258
11555
9504
8414
12176
11355
9437
7167
11940
12670
10531
8553
7739
10675
6052
11715
9075
11421
6067
10137
11126
11769
9859
11278
10356
11623
11842
3284
11516
11418
7205
6141
8896
9859
4121
12645
11318
11859
815
9508
11792
10955
7754
10774
11693
10878
10205
7502
12839
11659
11011
7237
8105
12149
5923
11253
12003
11455
5389
11043
12485
9835
9299
11295
11935
12459
9941
8738
11614
10347
8829
6727
8614
9393
7359
11288
11178
9570
4962
9037
9808
11476
9085
12198
12269
12284
9360
7291
12158
12408
9836
3730
7998
9397
7643
12090
11302
11067
2895
11418
11233
10839
10660
11220
11301
12125
11376
7671
10717
13033
8540
7391
8610
9370
3903
10923
11664
11027
6901
11147
11566
10392
10208
10935
10628
12121
11457
8350
12440
11171
9455
8220
8691
10559
5180
12007
11731
10189
5024
10808
12826
9735
9078
11996
11953
10108
9757
9340
10730
11901
9498
6081
9916
11246
7994
10439
10663
11086
9471
11907
11855
11447
8437
12332
12236
11045
9928
8306
12567
11284
8990
9313
9361
10459
6160
11555
12066
11506
6114
11223
11235
11295
10155
11861
12165
11797
11818
9703
12258
10285
10839
9328
8912
11157
5816
11183
11104
12026
7510
11651
11720
12511
9035
11969
11286
12126
8079
8167
12540
12491
9511
7834
10487
10967
6324
11599
12007
11184
6360
9266
11593
11490
10752
11417
11273
12058
9897
8391
11645
12318
10586
8496
10551
11538
6255
12415
11242
10898
8523
10883
12521
11936
10331
12355
11891
11535
10233
7938
12356
11242
7927
8984
8600
11657
7294
11840
11802
11011
6640
11848
12363
11193
8342
11516
11852
12712
9471
9920
13021
10577
11692
9593
8576
11556
7299
12632
11874
9972
6421
9039
10725
11594
8010
12656
12932
12567
9147
757
11633
11881
8581
5744
8647
10284
6376
11594
12891
8670
5816
10687
11087
9765
8544
11882
9879
10219
7256
7292
10842
11018
9416
9550
9048
10351
7154
11208
11576
11823
7232
9991
12716
9877
10311
12383
11326
11834
10764
8328
11909
12360
10496
8557
8231
10067
7320
12364
11721
11123
8032
10819
11040
10189
8079
12823
11584
11381
8222
7980
12013
11847
9545
4893
9995
8533
4335
11717
12156
11289
9117
10324
10791
11738
8732
10983
12187
11554
9580
9167
12554
11100
9942
8134
8824
9570
5436
10443
12179
11152
5255
10796
11887
11976
11131
11352
11290
10986
10749
8831
10718
12345
9052
5351
11290
11463
6741
12244
12487
10321
5366
10415
10955
11241
10328
11376
12035
10486
11189
8879
11882
12191
9825
6638
8952
10815
9533
11188
12120
10988
6653
11319
11681
12323
7486
10003
12699
12490
12079
7948
10667
12183
10155
9720
10389
10351
6321
11519
11683
11603
6593
12018
12731
11592
10321
11769
12384
10890
9445
7231
11692
11884
10046
9525
10741
10441
7640
9013
11138
10662
7218
11457
11925
11645
10173
12932
12602
12812
9445
5868
12049
10722
8430
8860
9494
10079
7968
11873
10906
9385
7176
10958
10457
11812
8629
12424
10023
11736
8910
7729
11928
11691
10140
8339
8555
9957
6085
9603
11532
10740
5028
11271
11241
11138
7673
11936
12480
12365
8120
8620
12423
12363
10303
9900
9515
10517
6091
10873
12957
10048
7233
11817
11929
11440
9378
12691
11869
11272
9832
9561
12717
11827
10041
8807
8250
10443
8719
11239
11106
11873
8541
9877
12498
10982
7551
12529
11648
12669
8791
9884
12563
10856
10163
7002
10355
11449
8515
12129
11976
12409
8484
11661
11986
12540
10458
10716
11773
10769
10401
8619
12239
12293
8906
9064
7992
9727
7904
12008
11505
10712
7520
11961
11367
12426
6978
12851
11860
11359
10366
7291
11931
12309
9452
7744
8203
11136
5790
11677
10932
10043
6982
12257
11125
11717
8679
12149
11726
11030
9927
8699
11980
10868
11088
8639
7965
10165
5935
10105
11457
11427
4689
11683
12827
12029
11068
11900
13056
12203
10137
7698
12207
12133
10817
6428
8610
11616
7960
11719
12070
9080
5835
10871
11858
11654
9687
12740
12702
11968
11111
8315
12653
12025
10608
9148
9917
11529
7368
11937
12297
11502
8851
11527
11671
12434
10088
12520
11034
11582
9318
4674
12142
12417
10611
8138
10833
11919
6048
13047
11465
11618
8670
10823
11992
12254
9762
9856
11842
12094
7314
10046
11792
11476
10775
8106
9208
10311
5942
12311
10892
11274
2155
10601
12903
12699
9369
11603
10520
11611
6289
8312
11891
10922
10029
8929
10211
11010
6776
11432
12624
10849
8152
12171
12707
11605
6232
12055
10323
10717
7904
9186
12450
11906
9094
9844
8741
9606
7881
12295
11246
11652
10101
10814
11558
11789
7105
11835
11800
10642
9068
8051
12474
12635
9782
6841
8320
10905
8396
12310
11381
12602
6794
9351
8661
11518
8863
12413
11865
12733
7459
7540
12468
11453
9467
9327
10824
11875
7199
11187
12360
11562
8116
11525
12161
10876
10182
11217
12839
12056
10651
8507
12593
12544
10250
8489
9653
11073
7282
12495
10985
11153
8427
10514
12412
11730
10757
9333
12348
11929
7928
8669
12611
12510
10681
9558
9358
10045
7640
10763
10919
12709
9267
11307
9711
11976
9343
12356
10987
12655
10175
7489
12555
12282
9924
9235
8607
9020
10172
12274
12670
10807
8458
11753
11555
12231
10890
12593
12196
12399
10945
8496
12423
12264
11465
9834
8988
11590
5022
10937
11929
10246
5283
10080
11564
10180
8362
12498
12087
12012
10938
8939
12595
12899
9900
6763
10434
10570
4203
10781
12281
10980
6510
11522
12335
10790
8677
12332
11909
10323
7324
7013
12565
12893
9150
9753
10881
10469
4934
12160
11435
10734
5524
11846
10711
10752
9177
11268
12549
11756
7192
8174
11534
12666
10508
8836
10593
8658
6645
10562
10984
11108
9159
10189
10752
11889
9558
11692
11967
10633
9834
8004
12573
12535
10414
9905
7188
9499
7530
10701
11688
11998
7350
12156
12493
11544
6159
12011
11311
12214
9547
8447
12829
12120
10603
7720
7929
9091
7073
11921
11379
10291
8332
8666
11865
11935
8661
11317
12120
10610
9645
8470
12100
11485
11459
8148
8773
12163
5708
11787
11063
11471
6821
10937
10764
12315
7888
12054
10747
11650
11205
7327
10524
11363
10605
8575
9989
9115
5050
11347
12776
11924
5235
9288
11292
12153
9235
11186
12582
11502
9788
8280
12689
10839
8604
5864
10569
9992
4820
12150
11165
10029
5407
9025
10012
12081
8321
11883
12043
7879
9511
6750
10752
11322
9071
8333
7665
12160
7110
10688
10015
11399
7230
10345
11618
11283
9747
9675
11616
11098
8515
6365
12018
11593
9416
7712
10019
10534
3552
9464
11885
11396
8875
10867
11322
11164
9489
12266
12659
11975
7321
6843
10257
11489
10594
8260
10518
11676
5910
10960
12240
11262
6161
10264
10985
12742
7908
12047
11933
12306
10696
5615
12244
12035
9466
7663
9879
11508
6465
11886
11520
12151
9051
11806
11081
11702
10109
12363
10896
12131
12038
7815
11250
12744
9421
5765
9994
11073
5603
11729
11483
12315
9832
11463
11058
11729
10091
11959
11141
12063
9301
5182
12264
12376
9344
8777
10772
10928
4584
12578
10470
11773
6209
11510
12403
11247
8214
11655
11560
12115
10205
8224
12965
12131
7058
7055
7834
9839
7388
11138
11512
10784
9632
9969
11510
12427
8003
12404
11405
10655
9974
9744
11797
11445
8195
9172
11288
10424
3982
10920
10639
10943
6300
11656
11986
11630
8700
11297
10477
11004
7831
8606
12458
11228
8398
9679
9771
9207
4454
10678
10160
11407
6142
12417
11870
11681
9583
12708
12381
12078
10665
9448
12003
12171
8147
7132
8840
10756
4310
10737
10482
11990
7438
11825
11204
10718
10515
11964
12108
11782
10798
9617
10790
12131
11007
8318
6977
10567
8896
11206
11899
11596
7175
10289
9732
12179
10621
11504
11546
12843
10214
9765
10952
12568
10571
10031
9833
9774
6474
11594
11509
11394
6837
11451
12597
12254
11183
12216
11192
10839
7430
8257
11589
11295
9481
9224
8297
10095
5772
10964
10912
12118
6850
11585
11991
11701
9956
12585
13012
12689
9204
8847
12230
12133
9603
7936
7624
9921
6360
11032
12248
11658
8514
12468
12227
12216
10283
12208
12231
12577
11442
9915
12612
11687
9893
8454
6999
9888
9873
10694
10944
10827
8902
10357
11690
11733
10490
10942
11769
10850
8237
9683
12555
11299
9587
6656
10574
10687
5707
12366
12389
11857
5305
10226
11752
11517
10556
12232
13044
11366
8154
8949
12284
11407
9394
9550
9586
11568
9771
12354
12007
10810
8139
11415
11774
11552
10003
12270
11426
12284
9720
7249
11584
12820
9366
4959
10015
11254
7690
11680
11759
12164
9052
11513
11503
10557
10353
11704
12322
11314
10006
8984
12646
11984
10116
9735
10013
10608
8509
12208
12293
12553
6622
11448
12169
11572
8523
11839
11327
12309
9153
8827
12821
12119
9529
5543
8366
9890
6310
11567
12190
10893
8267
12033
12011
11946
10728
12764
11815
12041
8675
8485
11016
12964
9065
7947
9292
9051
9766
12490
9948
11612
8336
10893
11163
11678
10770
10993
11057
11532
9614
9043
11985
12750
10639
8234
9172
10108
8872
11524
11788
9735
5020
11837
12644
10136
10009
12548
12733
11305
9018
6611
12642
12174
10043
8235
8840
11175
8549
11227
10649
11295
7298
11622
12030
11149
10668
12541
11788
11728
10564
9636
11901
11814
11138
10540
11159
10285
7913
11369
12228
12371
4415
10748
11227
11242
11273
11890
11522
10928
10400
7594
12082
11078
10392
10339
8692
10738
9118
11324
12448
11419
7288
11053
12437
12013
9600
12061
12120
12684
9310
6707
12253
12560
9478
8962
10280
11247
6295
11398
12282
11184
7226
11251
12136
10920
7976
12020
12543
11765
10312
7670
12527
12169
9141
8916
11516
11406
6400
10911
12224
10308
9787
12289
12254
11043
9177
10983
11859
11688
9324
8286
12806
12299
9793
9430
9347
8238
6685
11853
10414
12949
7399
12057
12755
12243
10352
11402
12088
12502
10952
9629
11778
12265
10470
9736
10477
11512
7421
11749
11575
10011
9004
10026
11056
12006
8846
11227
12410
12366
11212
8072
12640
12873
9269
8273
10825
10403
6195
11424
12400
11566
5059
12224
11453
12647
10283
12825
11926
11988
11282
8269
12103
11997
10812
10102
11200
10805
6673
10958
11642
12158
6785
11702
11092
12270
9229
11552
12645
9516
11378
8163
12154
12769
11198
10746
10096
10981
5579
11978
11674
11078
10555
10943
12905
12491
10427
11999
11316
11323
9484
8886
11702
12087
8909
7881
10129
10536
6086
11690
11538
11730
5790
11887
12139
12075
7534
12356
11929
12746
8987
6004
12159
12781
8143
8566
10051
10518
7267
11364
12180
11781
8647
11165
10482
11688
10690
12188
10465
11120
9473
8629
11730
12098
11074
9539
10081
9751
8042
11152
11184
10093
6700
11192
11939
11972
9892
12314
11849
12036
9399
8025
12215
11724
9899
9872
10192
9213
7101
11030
11210
11167
7734
12478
11014
11083
10242
13141
12064
11194
9631
9312
12128
12864
9559
8979
8459
9013
6209
11177
11270
10346
7861
11788
11988
12164
9266
11373
10958
10105
8319
7473
12919
11898
9224
9103
10663
11631
8372
11299
11233
11852
7073
11581
11762
11598
5603
11813
11615
12155
10847
8367
12112
11636
10147
8251
10260
10329
9724
12498
10899
9242
6242
11757
10928
12000
9747
10412
12411
11505
10274
7905
11658
11108
9647
7828
10654
11130
7010
13281
10018
9456
5260
9656
12233
12666
8629
10671
11791
11642
9208
9058
11411
12639
10711
8728
9611
11245
8847
12351
11654
9620
6462
10130
10490
10961
10692
11831
11903
10387
9298
7564
12453
10950
9492
5136
10590
10497
6548
11420
12120
10631
7436
9861
11785
12582
7491
12508
11412
12143
9134
7979
12709
11707
8110
9249
9668
11680
6796
11279
11103
9939
6468
11056
12032
11044
9276
11675
11554
12504
10756
9453
11718
11703
10712
6187
10546
8995
8003
11366
10616
11273
7483
11996
12136
12287
10086
11353
11514
11961
11381
6272
12036
11493
10366
8026
11225
10025
9400
11844
10654
9730
7188
10517
11532
10668
10523
11780
12410
12765
9825
7840
11084
10636
10519
9586
10287
10921
8756
10873
11632
11234
8389
8131
12604
11209
7275
11135
12705
12300
11339
6912
12448
12880
10862
9896
11132
11166
7913
12139
11914
11422
8989
9932
11230
12098
10262
12465
12787
11783
11272
9554
12396
12324
10518
5703
10775
11426
8169
11669
11923
10848
7490
12542
11773
12171
10131
12572
10862
13035
10886
9420
12514
11876
9119
9882
8787
11719
8884
12692
10664
12212
8563
12612
11585
11558
10867
12535
11274
12504
10162
6819
13169
12563
9071
8591
10146
11207
976
12294
12042
11591
9039
10945
11626
11996
11228
12822
13153
12239
11215
8552
12886
12806
10245
6924
9804
11634
8319
11281
10912
11606
8280
11518
12747
10789
7734
12996
12288
11885
10494
9053
12599
12468
8903
8176
11842
10661
8781
11857
10570
12052
6968
12240
12585
12189
10597
12659
11886
11758
10207
9250
12454
13275
10331
8478
11819
11530
7099
12164
11564
10856
8740
10867
11502
12626
10542
12645
11563
11639
11496
9692
11162
11664
8119
10022
10627
11274
7263
11851
12167
10791
8123
12248
12705
11770
10820
11852
11468
12051
9920
8513
12052
11481
9931
9217
9681
10755
9144
12335
13062
11517
6562
11499
12840
12760
8336
11809
12589
11868
11077
9531
12630
12722
11373
7554
10656
9263
6253
10937
11258
10100
9149
11178
12642
11541
9063
12118
12414
12803
11150
8758
12145
11844
8978
4804
9242
10048
4697
11668
12197
11717
6536
11597
12305
12421
10013
12083
10805
11903
9938
9702
12343
11988
10463
7209
10907
11344
5922
10522
10763
11707
8550
12329
11588
10765
8486
13037
11686
12570
9581
8174
12309
11729
11067
7691
10152
11411
9044
11397
12404
11277
7210
11037
11092
11315
8258
10812
12019
11301
10229
9278
12530
12587
8740
7387
10790
11037
6309
11033
11928
11025
5411
11213
12332
12758
9626
12716
12186
11216
9977
9684
12035
12833
10775
10425
10510
11455
8545
12154
12089
12438
9459
11173
10758
12062
10706
12041
11835
10930
11443
8254
11603
10700
9379
8630
9130
10898
6643
11133
12618
11562
9318
10461
11400
11137
9143
12911
11865
10821
9595
4318
9911
11795
8232
9671
8882
8837
3709
11509
11948
11053
7300
11923
11046
10719
8482
12693
7302
12794
9458
8157
10031
11513
10379
7557
8327
10215
8206
9594
11354
9364
8559
11649
9192
11030
9975
12515
12024
10870
10552
8555
12594
11518
10306
10301
9807
10345
6548
11041
11604
11710
7203
12374
11737
11439
10055
12349
12506
12193
11034
8983
12316
12215
9842
8759
9462
10917
6020
11927
12037
11632
7489
10242
12018
12436
8859
12196
12340
11785
10438
7921
11117
10991
8212
7201
8889
11422
8572
11745
11890
10248
6765
10746
12584
12413
9295
11327
9849
11871
8822
8254
11435
12229
10032
9066
8899
11283
8249
11757
11568
10799
9950
11757
10806
12441
10424
12441
12635
12070
10718
9424
12256
13028
10452
8434
10135
11030
8690
9861
10195
10011
7913
11355
9739
12153
9513
11214
12541
11208
6644
8599
10759
10915
7789
9889
8710
10912
4733
10994
9550
11226
6583
11470
11955
12715
10590
12537
12756
12330
11083
9510
10716
12496
10464
11221
10167
9433
6433
11628
12574
10964
8528
11461
10256
9925
7620
11068
12226
12226
8657
9198
12509
12543
10478
9324
10179
9730
8032
11854
12663
11350
9931
11634
11067
12403
8154
12073
11853
12143
9672
7067
11983
12640
9707
9705
9213
10003
8285
11943
11279
11400
9052
10284
9596
10030
10642
11552
11969
11418
11239
6354
12281
12837
10360
9567
9810
12343
6846
11366
11083
10669
8770
12034
11664
10340
9909
11742
12814
11085
9981
9134
12177
11689
10480
7927
8547
10330
8318
11635
11652
10936
9639
10869
12041
10970
9344
11957
11440
11977
10509
6841
11919
12169
9459
7395
9582
10265
1194
12168
10750
10849
8482
10697
11969
11901
9306
12130
12278
11901
9115
7140
10744
11989
9091
7944
8295
9812
7300
11736
11736
12841
6671
11730
12629
11342
10112
12907
10779
11986
9934
8094
10732
12888
8686
8290
9694
11109
9001
10415
12371
10914
6016
12128
12796
11752
10973
12033
12638
12451
10890
10309
12262
12551
10395
10595
8693
9238
8394
12384
11996
10962
7270
11868
11685
11335
11305
12083
11678
10582
9324
7632
12505
11641
10767
8853
9910
11494
7730
11905
12642
11918
4210
8945
11754
12105
9103
12245
11470
11398
11022
7974
12055
12705
10002
8668
8997
11148
6004
11399
11973
10715
8881
10434
10039
11865
8958
11722
12149
11157
8936
9054
11435
12923
10423
9162
9078
10305
8240
11549
11282
11900
7277
12044
12029
11611
10456
10369
11979
11260
9484
8580
11911
12196
9433
8883
