-11263.300000000007
-11622.800000000003
-13627.200000000004
-13061.80000000001
-9119.400000000001
-14366.699999999995
-12986.20000000001
-9716.000000000004
-5046.800000000001
-9739.800000000008
-10621.0
-7595.8000000000075
-5953.500000000004
-7049.500000000005
-7160.400000000002
-5705.600000000001
-5450.800000000003
-3331.6999999999985
-9846.50000000001
-9319.800000000003
-15415.0
-9693.900000000003
-7807.200000000003
-8603.8
-6023.7000000000035
-10209.000000000007
-10995.1
-4174.899999999999
-10811.900000000005
-7394.400000000006
-7906.000000000007
-10430.900000000018
-11098.200000000012
-7038.500000000007
-2283.4999999999973
-4209.499999999996
-4939.599999999997
-6459.800000000002
-324.6999999999982
-6880.9000000000115
-3534.9999999999955
-1221.3999999999983
-4333.2
-12258.100000000022
-7391.900000000003
-9642.100000000006
-12706.300000000001
-6507.000000000012
-4136.0999999999985
-6695.500000000009
-6844.700000000012
-11170.100000000006
-10785.300000000007
-6083.400000000002
-3791.799999999996
-6212.300000000005
-5782.4
-7534.100000000012
-3068.1999999999975
-3717.1999999999985
-8670.700000000017
-3280.399999999997
-5346.699999999994
-6229.699999999998
-7526.500000000015
-8598.900000000021
-3352.899999999994
-3630.2999999999984
-8548.10000000001
-6846.200000000006
-6924.000000000015
-3998.1999999999985
-5006.9
-3572.399999999996
-5111.799999999998
-5369.800000000002
-3020.8999999999946
-3184.9999999999977
-4826.000000000001
-1858.499999999998
-3501.399999999997
-9544.800000000001
-2520.1999999999957
-2437.2999999999993
-1084.0999999999967
-108.69999999999527
-8291.100000000002
-3773.999999999998
-1958.1000000000001
-2384.6999999999994
-4820.0999999999985
-998.5999999999984
-3528.6999999999957
-4232.599999999999
-516.999999999997
970.3000000000037
-928.4000000000004
-3590.5999999999985
-1110.0999999999938
-5580.199999999998
-300.0
-4239.700000000001
-9265.800000000003
-68.69999999999646
-296.699999999998
-2219.9999999999973
-2772.5
-1051.2999999999988
29.800000000003195
-1252.5000000000005
-2125.499999999999
-2533.0999999999976
-4117.799999999997
649.3000000000055
-1888.499999999998
-10100.40000000001
1141.7000000000057
-1075.199999999993
-6376.300000000003
-2498.0999999999963
-5144.8
-3538.2999999999975
-3976.799999999997
-5364.999999999995
-807.2999999999947
-2443.599999999995
-5254.3
-2890.899999999998
-1301.0
116.09999999999961
-1999.9999999999984
-3007.3999999999996
-7689.9000000000015
-3440.5000000000005
535.2000000000041
-2255.199999999999
-2775.9999999999986
-1154.5999999999963
-271.4999999999934
-1431.5
-1928.699999999997
48.90000000000338
-1811.0000000000007
-4423.099999999999
-1062.9999999999968
-316.6999999999928
183.10000000000318
28.300000000000594
-520.3000000000017
-266.799999999997
-2609.3999999999983
1191.600000000009
-6149.400000000007
1070.700000000005
1145.4000000000026
-747.3999999999947
-3220.7999999999997
560.0000000000043
-50.799999999996544
-2323.5000000000005
114.30000000000388
247.10000000000596
-2741.999999999996
-3467.5999999999967
467.49999999999943
-4090.6000000000017
-2050.1999999999975
496.70000000000596
-2935.7999999999997
-6325.9000000000015
-4541.200000000001
-2618.799999999997
2634.8000000000047
-2105.7999999999947
2315.0000000000055
-685.1000000000008
-1688.099999999997
-1865.6999999999946
-2227.6999999999975
-854.0999999999967
-277.09999999999513
-4057.4000000000015
-3102.7999999999965
-427.19999999999504
-1637.199999999996
259.69999999998845
-2600.2999999999997
364.30000000000393
-938.7999999999956
-4702.4
1103.1000000000058
-2863.3999999999996
1202.2000000000044
170.30000000000217
-654.9999999999943
-1570.399999999997
-2063.099999999995
-1359.0999999999974
-1201.3999999999933
-4970.799999999999
-5604.200000000003
-4072.9999999999986
-1205.9000000000003
-254.4999999999947
1606.7999999999802
1715.7000000000087
-1186.0999999999956
1452.4000000000049
1102.400000000007
-1149.4999999999957
-1413.799999999994
-905.3999999999954
1153.9999999999932
1831.600000000004
-1538.2999999999968
-4731.599999999996
-53.30000000001522
557.6999999999898
-4218.999999999997
-1117.5999999999974
-2234.7000000000003
631.9000000000015
-361.1999999999951
-771.6999999999948
1855.3000000000045
441.9000000000058
-875.0000000000005
418.1000000000029
-3013.500000000001
1046.2000000000019
-1040.1999999999955
-1421.2999999999995
-1971.5000000000005
317.5000000000082
3536.899999999981
1065.9999999999786
2992.3000000000075
-1893.9999999999945
-2356.6999999999985
-1257.7999999999934
128.70000000000434
217.89999999999085
1091.2000000000069
-839.7
1211.2999999999834
544.2000000000058
-515.4999999999968
1030.1000000000017
-585.7000000000135
-1559.999999999998
-4302.399999999997
992.7999999999852
-2917.3999999999987
-604.2999999999976
30.20000000000445
1320.2000000000069
2700.7000000000094
1043.7000000000073
-233.89999999999606
474.2000000000022
549.0000000000065
-825.1000000000008
2371.2000000000044
517.2000000000054
31.500000000001535
101.30000000000659
-326.90000000000316
2528.5999999999876
646.4000000000024
597.1000000000053
-1392.6000000000001
2460.300000000005
1695.3999999999987
-445.7999999999952
3.7000000000060425
526.7000000000055
151.00000000000756
-422.0999999999933
781.3000000000009
-355.0999999999967
90.80000000000565
3211.4000000000033
-93.2000000000005
2682.7000000000066
1363.5000000000073
373.699999999993
2050.400000000002
-450.9999999999945
3255.0999999999913
1148.9000000000067
-133.99999999999477
927.6999999999836
102.80000000000683
1535.9000000000049
1170.4999999999925
2302.0999999999985
-2528.3000000000006
3718.9000000000065
1623.1999999999812
659.4000000000035
-1148.1999999999946
688.0000000000025
2105.3000000000043
765.6000000000054
2605.299999999974
2227.3000000000075
-1553.7999999999993
551.4999999999907
1468.2000000000037
891.100000000008
1265.5000000000057
2423.099999999977
497.69999999999493
323.19999999998987
-458.1999999999952
1185.5000000000039
1236.1999999999816
1628.4999999999832
3355.0000000000045
-660.6999999999964
-176.59999999999317
1519.299999999992
306.40000000000373
552.2000000000065
1338.9999999999789
-3901.999999999995
4344.999999999998
1473.5999999999958
-1977.8999999999978
906.5000000000068
732.3000000000075
-2064.9999999999955
162.50000000000549
1216.7000000000005
36.499999999984084
127.09999999998314
1659.4999999999989
282.19999999999976
1649.3999999999844
1711.099999999995
-152.39999999999603
3140.2999999999815
3611.200000000006
-1744.3999999999978
405.6999999999852
2414.3999999999764
259.600000000002
906.5999999999945
1686.999999999984
-987.699999999997
-1461.8999999999974
-953.5999999999974
1929.3000000000031
1406.7
2546.9999999999836
965.7000000000063
-600.4999999999965
1860.0999999999876
2477.8000000000043
845.1999999999975
2800.9999999999754
2547.5999999999817
3057.9999999999973
2905.5999999999863
745.7000000000039
4239.599999999988
861.8999999999864
973.1999999999929
2635.100000000001
2235.000000000006
-1517.899999999994
2968.4999999999873
3902.3999999999987
1954.1000000000072
1709.3999999999871
486.1999999999895
519.6999999999863
1247.9999999999975
-1250.2999999999975
1396.9999999999934
-1646.3999999999949
1962.5000000000055
3008.099999999999
588.7000000000046
1917.8999999999799
3955.899999999978
2274.9999999999995
1930.700000000008
2676.899999999979
2710.199999999986
886.2000000000069
1400.4999999999868
367.6000000000047
983.8000000000055
1716.9999999999845
1445.9999999999945
3689.999999999995
2210.400000000003
2751.6999999999775
1102.5000000000036
-126.0999999999962
-1386.3999999999955
-7523.299999999999
1255.3999999999753
2544.2999999999893
187.59999999999496
-383.99999999999716
1741.09999999998
4605.499999999978
1659.7000000000023
4102.7999999999865
1692.0999999999829
2968.69999999998
3530.0999999999794
-1164.9999999999955
3062.9999999999955
16.4999999999811
1468.6999999999778
620.5000000000028
3120.300000000003
-1477.8999999999926
2025.4999999999732
250.00000000000603
-175.70000000001312
492.8999999999893
-3088.9999999999955
186.6999999999885
-806.9999999999936
-2363.9999999999955
3922.899999999999
-1604.0999999999942
345.90000000000566
2432.500000000003
231.2999999999869
598.5999999999832
2786.99999999998
1026.8000000000031
1485.8000000000002
808.8999999999884
2057.6999999999903
-597.6000000000032
491.69999999998055
1594.9000000000044
475.4000000000021
2115.7999999999724
1767.899999999986
362.29999999999467
5235.799999999981
3246.6999999999857
782.3999999999974
-165.59999999999687
1366.199999999995
2575.8999999999955
1030.2999999999831
2380.5999999999817
1604.2999999999784
-3828.6999999999975
110.79999999998375
-333.1000000000104
-188.2000000000103
2193.999999999987
646.7999999999894
2902.3999999999824
2848.49999999998
382.90000000000134
1340.3999999999908
-947.0000000000157
3582.6999999999816
4634.400000000003
1437.6000000000022
425.50000000000256
4557.999999999976
3581.999999999991
3373.499999999979
-1525.6000000000133
1307.3000000000052
4227.499999999992
1598.2999999999793
4213.499999999988
2884.5999999999935
1850.200000000003
3636.099999999997
823.6000000000035
3986.999999999983
4906.499999999981
4138.599999999985
2302.500000000002
663.8000000000053
631.799999999997
4737.7999999999865
2428.999999999979
1278.799999999988
757.0999999999914
28.500000000002608
3715.6999999999775
2018.7999999999815
1534.3999999999962
-563.2000000000148
1468.9999999999843
3195.9999999999936
1895.0000000000032
3473.7999999999865
2867.899999999995
699.599999999987
2477.6999999999784
5575.999999999976
705.6000000000038
2736.9999999999795
3662.2999999999847
919.3999999999994
1419.8999999999842
1413.0999999999865
1487.0999999999829
3556.9999999999804
3244.500000000003
3310.9999999999864
152.79999999998398
-501.00000000001785
4588.699999999989
2358.5999999999985
4621.9999999999945
3420.2999999999793
1485.7999999999886
918.7999999999857
2333.5999999999913
2310.7999999999847
-2136.7000000000144
1415.1999999999855
930.4000000000017
1818.7999999999881
2481.299999999987
2350.6999999999875
1952.499999999981
3030.1999999999794
3370.8999999999814
3133.8999999999837
2123.299999999985
1912.19999999999
3344.4999999999836
4420.599999999975
3487.3999999999833
3403.199999999978
1763.7999999999884
2923.09999999999
3492.899999999982
2464.9999999999864
612.6000000000012
3223.699999999988
3279.7999999999797
1095.9000000000046
346.70000000000255
3041.7999999999947
-2443.999999999998
3113.3999999999814
4392.99999999998
3394.399999999979
3444.8999999999915
5035.599999999972
3509.3999999999814
1462.4999999999848
2049.399999999981
5400.8999999999805
1792.8999999999812
3255.0999999999813
3096.699999999987
4192.999999999986
4027.499999999978
3052.199999999975
5517.499999999987
1911.4000000000044
2200.6999999999916
3686.899999999982
4427.799999999981
3937.899999999984
5048.599999999981
4375.299999999984
5171.399999999984
3524.5999999999763
3022.3999999999974
3217.299999999996
4264.199999999988
4136.899999999983
616.9000000000042
1200.3999999999833
3006.399999999982
2854.599999999978
1246.499999999994
3122.699999999994
4346.099999999984
1919.4999999999811
2720.399999999986
3954.299999999975
3706.9999999999786
2010.2999999999888
4774.299999999982
4636.799999999976
2762.4999999999905
3054.1999999999857
3302.799999999986
4555.099999999988
4469.39999999999
3331.5999999999854
1928.3000000000004
3741.5999999999826
4253.299999999975
4543.299999999978
4446.199999999979
4704.299999999979
6120.299999999979
3778.0999999999854
2277.1999999999875
3931.1999999999807
4636.799999999984
5760.69999999998
3800.799999999995
3035.5999999999926
6306.699999999973
6333.299999999971
4880.199999999988
4492.499999999986
4133.59999999999
4128.499999999976
1900.6999999999869
5749.899999999985
4911.299999999975
5393.599999999983
5801.99999999999
4863.09999999998
1944.1000000000056
2862.5999999999967
2771.299999999994
1910.699999999999
3793.4999999999786
5389.899999999986
5804.399999999981
6212.9999999999845
4782.199999999967
3441.699999999987
5561.9999999999845
1688.7999999999897
5051.599999999974
5185.29999999997
3561.299999999989
1090.100000000005
1647.499999999987
4821.59999999997
1917.800000000004
-1212.7000000000116
3318.799999999975
264.7999999999936
5007.599999999985
1967.8999999999867
1115.5000000000027
2872.1999999999853
1466.899999999987
2176.499999999986
4050.899999999983
3616.4999999999804
5640.799999999985
4868.199999999989
4452.199999999972
5015.09999999997
6760.999999999985
5182.4999999999745
4791.199999999972
4945.599999999978
5741.29999999998
5046.399999999968
3138.3999999999887
4042.8999999999805
2028.1000000000054
5164.599999999975
3124.4999999999786
4055.599999999989
3560.299999999982
3943.8999999999814
1281.8999999999962
425.29999999998415
2842.2000000000025
3013.59999999999
3774.299999999983
3514.999999999986
2733.499999999992
2825.9999999999873
6341.299999999984
2967.7999999999843
3785.89999999998
4750.89999999997
4045.899999999974
3432.9999999999895
6743.999999999981
6090.399999999981
3674.8999999999805
4352.299999999982
6747.399999999986
4810.3999999999605
4108.999999999985
6226.199999999985
6208.199999999986
5616.099999999978
3768.5999999999867
5037.7999999999865
3444.399999999988
4884.49999999997
4077.3999999999664
4879.49999999998
3969.5999999999767
3436.999999999975
5348.699999999985
6389.399999999978
4897.299999999979
6612.899999999982
6263.799999999984
4341.599999999971
5320.399999999986
3926.8999999999814
5479.499999999974
2983.8999999999833
5230.2999999999765
3540.9999999999995
3890.39999999999
6197.199999999984
3765.3999999999887
4187.19999999997
4745.899999999971
5271.79999999999
4307.499999999978
4187.499999999971
4806.399999999976
4940.199999999979
4195.499999999983
4763.699999999975
4358.299999999974
5394.799999999965
5581.499999999978
5779.999999999982
4640.799999999981
5057.499999999973
5627.39999999998
3024.4999999999836
6111.3999999999805
6474.199999999983
4567.499999999982
2361.499999999988
6105.799999999982
4838.399999999968
2117.4999999999873
2184.1999999999903
4810.999999999975
3970.299999999976
5713.299999999984
4256.499999999978
4264.099999999982
4987.499999999972
5408.399999999977
6278.399999999983
2656.400000000007
6396.499999999981
5624.599999999979
5394.999999999984
3887.0999999999926
6302.699999999976
5589.299999999976
6489.799999999983
3251.799999999977
4038.2999999999765
6193.999999999968
6629.799999999976
5718.4999999999745
2943.4999999999995
3661.999999999994
4637.99999999998
4710.099999999977
3805.8999999999883
5229.099999999979
3965.2999999999943
5837.399999999971
5386.899999999966
3049.7999999999993
4391.2999999999765
2845.100000000008
5482.199999999987
5914.499999999989
3835.999999999987
3424.699999999988
4855.399999999969
4652.799999999983
4246.399999999973
5512.199999999971
6341.099999999979
6036.899999999985
6953.999999999985
2636.0999999999835
4389.999999999979
6542.999999999989
4772.699999999975
4424.099999999986
3975.299999999985
5778.599999999971
6816.099999999987
4008.799999999981
4836.499999999978
4637.699999999984
3182.099999999983
6871.699999999986
5335.899999999982
2971.799999999995
4503.199999999977
4750.099999999978
4526.499999999978
1944.7999999999902
4476.799999999973
5823.799999999972
5684.099999999975
3013.199999999998
3876.9999999999827
6812.299999999987
6225.099999999981
4493.999999999975
4057.299999999988
4185.39999999999
4858.39999999998
4086.59999999998
4736.29999999998
5402.099999999979
2583.5999999999954
3469.9999999999905
2741.599999999976
4282.799999999994
3862.899999999988
3785.799999999986
4270.499999999983
4386.8999999999905
4078.899999999987
4379.299999999978
6099.699999999974
6606.999999999989
3413.599999999984
5165.599999999976
5658.599999999976
6387.399999999988
6670.799999999985
5078.099999999985
5357.49999999998
6632.799999999985
6140.399999999982
5145.99999999998
5608.599999999983
6084.599999999976
5388.399999999979
6483.09999999999
4245.799999999976
3236.299999999991
5331.099999999977
6743.299999999991
5945.5999999999785
5519.899999999974
5776.099999999986
4338.299999999985
5760.399999999977
4343.399999999988
5550.199999999977
5508.499999999974
5694.599999999981
4710.499999999988
4551.699999999986
5718.999999999977
7172.5999999999885
4032.699999999986
4962.299999999983
4734.699999999989
5585.6999999999825
1674.299999999992
4903.499999999987
6695.899999999987
5949.2999999999865
6037.499999999983
5242.499999999984
2462.5000000000027
5500.699999999981
4350.0999999999885
2632.4999999999877
4138.89999999999
6145.999999999977
6997.799999999985
7065.799999999986
4445.399999999986
5388.399999999976
4226.999999999976
5007.499999999988
6396.999999999986
6921.899999999987
4618.799999999983
4760.099999999994
6539.899999999991
6375.0999999999785
6012.5999999999885
5441.899999999981
6622.899999999984
4680.699999999987
5099.79999999998
4000.499999999983
3873.799999999985
5976.999999999987
4104.399999999987
6466.999999999987
2476.299999999987
6282.699999999983
7130.399999999988
6727.999999999984
5221.89999999999
7062.299999999987
3301.999999999987
3040.699999999987
6366.799999999982
1727.9999999999952
2873.9999999999827
3459.799999999982
3315.3999999999864
83.10000000000045
178.59999999999667
6276.399999999992
3042.3999999999814
965.9999999999944
1973.7999999999834
3937.5999999999867
3088.0999999999794
3683.699999999971
4394.799999999994
4012.499999999983
4328.999999999979
5718.199999999977
4280.499999999976
4857.799999999973
7096.799999999989
6576.199999999978
2419.699999999983
4678.79999999997
3503.99999999998
6218.299999999986
7051.599999999986
6976.199999999983
2553.299999999984
3876.39999999998
3918.199999999973
6043.299999999976
5248.499999999983
6272.199999999978
6478.199999999978
3531.8999999999833
3393.1999999999857
5604.299999999983
3643.599999999995
2134.4999999999836
5879.499999999981
2755.299999999984
2489.3000000000015
3734.6999999999875
6724.599999999984
4212.49999999998
2625.6999999999966
3515.1999999999857
1809.399999999979
6498.099999999986
5707.399999999983
3373.0999999999904
5849.999999999976
6343.899999999991
4559.6999999999925
3474.5999999999913
3443.899999999993
5406.799999999986
3461.2999999999915
4951.199999999981
6429.899999999984
4309.299999999987
4098.399999999996
4808.699999999971
4929.5999999999885
4710.9999999999845
4893.199999999982
6066.099999999982
5076.599999999976
5054.59999999997
7086.5999999999885
6372.599999999977
6391.399999999989
4964.599999999977
5961.499999999971
6451.999999999981
4914.999999999974
7298.999999999991
4890.399999999972
5069.899999999978
6821.499999999984
7076.599999999984
6889.199999999988
5371.199999999974
7021.2999999999865
4775.5999999999785
5772.199999999974
4822.199999999977
3707.9999999999804
4511.2999999999865
6397.399999999987
6162.4999999999745
3280.099999999989
6856.399999999986
6658.299999999989
6205.399999999971
3346.199999999992
5453.299999999975
5816.599999999982
6583.999999999984
4957.799999999978
5845.099999999981
5410.5999999999785
4315.599999999988
4038.199999999985
3574.399999999996
3678.0999999999876
4326.7999999999865
4542.799999999989
3364.59999999999
3988.9999999999786
4025.5999999999894
5024.7999999999865
4684.799999999976
3621.599999999998
4933.299999999981
3493.0999999999926
5402.099999999982
6568.699999999987
5197.899999999981
5798.599999999978
6781.299999999984
6761.7999999999865
4655.7999999999865
4878.299999999978
5461.4999999999745
3558.3999999999864
6926.999999999987
4010.599999999982
3424.2999999999797
4879.899999999985
7166.59999999999
4561.299999999972
6291.299999999979
4440.999999999968
5384.49999999997
3868.6999999999803
5029.799999999971
4078.099999999985
3470.1999999999857
5073.899999999976
6166.899999999981
3942.7999999999856
7084.199999999988
5246.999999999966
5313.899999999973
4279.699999999984
5757.69999999997
6488.799999999992
3773.399999999987
4293.999999999985
4571.099999999978
4571.999999999977
5566.599999999972
6157.899999999983
3712.7999999999793
4940.399999999983
6822.199999999989
7063.09999999999
5018.69999999998
5714.899999999978
5233.699999999981
5176.699999999979
4637.899999999984
3805.0999999999844
5155.399999999979
6554.599999999988
5960.599999999977
5462.699999999976
5855.299999999977
6236.399999999977
6855.499999999981
5456.099999999975
4415.799999999976
6843.099999999984
5713.199999999971
6973.599999999985
5366.399999999973
5625.799999999976
6121.599999999971
5297.899999999969
6911.499999999983
5773.999999999979
6203.3999999999805
6977.899999999985
7034.7999999999865
5642.999999999971
6901.399999999987
5410.5999999999785
6761.499999999987
7038.599999999985
5851.899999999977
2902.9000000000024
5001.399999999976
6782.79999999998
5258.399999999971
3920.1999999999816
6521.299999999972
5860.799999999971
6199.099999999975
5661.399999999971
4810.89999999998
6844.999999999976
6025.399999999972
5338.4999999999745
3772.8999999999805
4388.499999999979
6823.999999999987
5092.099999999978
4972.799999999975
4852.099999999977
5486.999999999975
5783.199999999981
4974.099999999975
5596.699999999971
5603.69999999998
6049.799999999977
5364.9999999999745
4002.99999999998
6645.1999999999825
5806.599999999969
5516.199999999972
6239.099999999991
5323.099999999976
5524.09999999997
7021.69999999999
5646.999999999971
7189.999999999988
4011.1999999999866
3889.399999999982
5769.099999999977
6738.399999999977
5769.899999999976
5042.899999999979
5820.599999999983
6314.899999999995
5358.899999999983
3217.9999999999886
4565.499999999991
6120.899999999981
5968.69999999998
4420.49999999998
4043.5999999999885
6169.499999999987
7161.199999999989
6610.399999999976
3642.199999999991
4141.9999999999745
5039.999999999975
5198.999999999977
4176.799999999982
6235.399999999985
2553.099999999986
7039.799999999985
5137.499999999989
3193.6999999999953
4189.499999999977
5780.09999999997
4682.499999999987
2875.999999999988
3763.8999999999864
5864.499999999975
3791.099999999987
6845.999999999984
4849.9999999999745
5193.299999999982
5108.499999999981
5086.099999999983
5262.299999999973
6610.899999999981
5710.899999999968
4979.39999999997
5923.799999999979
6773.799999999987
6868.599999999983
5709.799999999972
5695.499999999972
6902.099999999987
3820.5999999999863
4602.799999999972
5525.59999999997
6803.899999999986
5720.39999999997
5513.399999999974
5821.299999999971
5701.49999999997
5329.699999999972
5136.499999999962
4907.89999999997
5298.799999999972
7130.999999999991
5526.099999999973
4897.899999999978
5889.499999999978
6744.299999999991
6117.399999999972
6022.499999999974
6201.899999999979
7093.799999999985
6455.999999999991
4621.999999999984
5292.199999999976
5845.799999999979
6462.499999999984
2523.2999999999843
2825.299999999989
3558.999999999982
5326.099999999976
6729.299999999984
4717.899999999979
5283.299999999976
3992.29999999998
3667.9999999999864
5806.299999999975
4443.39999999998
4479.499999999984
4937.199999999982
4218.999999999991
6037.099999999987
5458.699999999973
5743.699999999973
6674.999999999988
6192.699999999981
4859.7999999999765
5611.199999999979
3512.4999999999877
4933.299999999986
3878.8999999999755
4433.89999999998
4497.499999999991
4613.199999999985
7094.9999999999845
5094.999999999982
2684.399999999976
6484.2999999999765
5053.699999999978
6118.19999999998
3873.899999999974
5470.199999999985
5318.599999999978
5255.79999999997
6090.599999999976
5895.799999999989
4416.899999999979
4150.099999999988
4753.899999999975
3574.6999999999766
4410.399999999971
6159.499999999976
6737.899999999988
3578.599999999984
5749.899999999979
6956.599999999989
4610.6999999999825
6441.999999999988
3998.299999999982
3936.3999999999846
5595.299999999973
3824.7999999999806
4112.799999999987
4542.299999999981
4453.999999999993
4719.499999999985
6834.499999999986
4523.4999999999845
3762.39999999999
3424.0999999999913
4874.899999999981
3490.5999999999904
4719.099999999979
4826.899999999976
6996.399999999986
6490.199999999983
4440.4999999999845
7007.399999999985
4971.599999999975
7092.799999999986
5921.899999999974
4252.599999999981
3812.0999999999844
7107.799999999985
7041.599999999989
5140.199999999985
4342.999999999988
6048.49999999998
5065.099999999998
5419.299999999984
4700.49999999998
4499.599999999989
6065.899999999976
5408.4999999999745
7001.599999999994
4412.999999999983
6322.599999999978
5145.199999999978
5470.699999999978
2224.199999999994
6492.89999999998
4625.39999999999
6598.899999999986
4777.599999999983
6416.199999999983
6639.099999999978
4631.799999999978
6571.699999999989
4773.899999999986
565.099999999998
6548.699999999982
6797.699999999989
4165.299999999979
4510.699999999979
5571.599999999981
4936.499999999981
5798.399999999972
4386.199999999981
4986.799999999984
4772.199999999982
5899.199999999979
5071.099999999979
6029.799999999976
6829.999999999983
5119.6999999999725
6296.89999999998
4882.499999999976
5542.7999999999765
5094.099999999987
5196.799999999978
5095.999999999972
4861.899999999986
4323.799999999983
7048.699999999988
5685.599999999974
5529.899999999974
6502.999999999986
5709.199999999978
5708.799999999978
4583.69999999998
5045.799999999974
5779.69999999998
6041.199999999972
6739.199999999981
6260.199999999981
4315.799999999985
6789.599999999986
5855.9999999999745
6499.799999999985
2432.4999999999927
6089.799999999977
6618.299999999983
7033.399999999988
5828.199999999979
5746.699999999996
6866.09999999999
5466.1999999999825
5930.59999999998
4764.99999999999
5272.099999999982
5572.999999999974
7027.799999999986
5818.499999999983
5291.999999999986
6899.399999999989
6014.39999999998
5787.899999999978
5564.399999999978
5112.199999999987
4863.399999999982
5506.89999999998
5642.199999999974
5950.599999999981
7111.799999999987
7008.599999999983
5470.399999999982
5629.999999999977
5846.89999999998
6829.099999999991
6387.199999999977
6001.5999999999885
4970.099999999991
6265.899999999985
6479.399999999977
7113.9999999999845
5932.399999999985
5224.199999999986
5639.699999999983
5695.299999999978
6542.599999999984
6183.199999999984
2952.299999999992
5042.79999999999
5918.899999999985
6005.099999999984
4841.89999999999
6316.9999999999845
5890.699999999977
5223.299999999978
3271.799999999991
6694.999999999977
6075.599999999975
7215.5999999999885
5498.099999999983
5755.799999999984
7159.699999999992
6501.199999999979
4771.19999999998
4412.299999999985
5539.4999999999845
4989.999999999978
6149.199999999978
5652.899999999983
6601.099999999987
5768.49999999998
4317.699999999986
4556.299999999983
2364.399999999988
5070.399999999984
4960.799999999983
5830.399999999982
4705.699999999985
5261.2999999999765
7127.499999999987
6571.699999999974
5024.599999999982
4452.399999999985
6229.499999999979
6661.899999999981
5613.699999999972
7255.5999999999885
4144.89999999998
5251.499999999977
7000.399999999982
7127.199999999985
4310.499999999979
5267.7999999999765
5912.499999999974
4612.5999999999785
6354.599999999991
6087.799999999984
4304.699999999983
6095.59999999997
5573.599999999973
6040.499999999976
3901.8999999999933
6917.999999999985
6384.2999999999765
5826.899999999971
5534.899999999976
5879.7999999999765
6147.799999999973
5277.199999999976
5819.199999999981
5593.4999999999845
7091.999999999985
5464.899999999976
5288.599999999984
5390.199999999988
5167.699999999986
5687.099999999983
5065.499999999978
6069.099999999973
6325.599999999978
5772.59999999998
5524.7999999999765
5049.399999999971
4970.299999999984
5577.499999999979
5850.79999999998
4295.0999999999885
4572.499999999991
5652.899999999971
6337.199999999972
5608.799999999968
6880.399999999989
5548.899999999983
6044.8999999999805
5526.599999999974
6052.099999999975
7196.999999999991
5507.999999999982
5574.799999999983
5079.499999999984
7156.199999999989
5741.899999999981
6030.799999999978
7277.19999999999
5175.799999999986
6068.2999999999865
6199.999999999981
3220.999999999998
7213.799999999991
4501.299999999985
6181.699999999987
4272.69999999999
3482.59999999999
4896.699999999986
4649.999999999988
4234.499999999988
5419.799999999988
4466.099999999983
7146.199999999989
6421.799999999985
5437.999999999995
6350.799999999983
4819.799999999978
6350.5999999999885
4721.499999999985
3624.7999999999874
5648.89999999999
5534.599999999974
5354.699999999986
5773.599999999977
6168.29999999998
4573.599999999997
5386.199999999981
4984.999999999984
5318.89999999998
5685.299999999982
5288.399999999981
5422.099999999974
6525.899999999977
6079.899999999968
6793.099999999988
6072.699999999966
5255.49999999997
6244.199999999983
6037.499999999966
6052.099999999963
7153.399999999987
4892.0999999999785
6167.799999999978
5894.499999999965
6128.899999999967
5946.99999999997
6427.499999999977
6010.599999999962
5714.99999999997
6158.899999999972
5698.599999999985
4980.699999999976
5999.199999999966
6087.999999999968
6109.099999999976
5384.699999999984
6694.5999999999885
6922.099999999986
6666.499999999976
4039.1999999999844
6586.599999999972
6321.599999999976
4347.699999999976
4413.699999999981
6327.99999999998
7115.399999999986
5996.199999999976
6527.09999999998
5247.99999999998
3512.7999999999884
6262.599999999975
4141.5999999999785
5539.899999999977
5891.199999999978
4224.299999999981
5683.4999999999845
6857.499999999984
4901.699999999987
4990.999999999992
2124.4999999999905
4712.399999999982
4097.69999999998
4957.299999999975
6711.499999999994
4378.499999999978
4519.099999999984
5131.299999999977
5979.699999999974
6501.39999999998
5500.599999999975
4718.999999999981
5168.099999999985
4649.0999999999885
7079.999999999984
4614.699999999981
4779.1999999999825
4664.5999999999885
7124.199999999989
3745.399999999983
6549.399999999987
5233.099999999979
4416.5999999999885
5283.099999999977
4990.399999999975
5092.499999999976
3615.4999999999877
6291.199999999975
5352.4999999999745
4762.499999999981
4103.099999999988
5279.899999999977
6441.099999999977
6930.399999999986
4559.199999999979
4917.399999999977
6358.79999999997
6737.599999999978
4560.799999999983
5233.599999999989
3998.9999999999927
5913.299999999983
5757.599999999981
5789.9999999999845
4736.799999999991
5611.899999999983
5657.799999999977
7103.199999999991
5682.2999999999865
5219.8999999999805
5403.199999999982
4963.399999999987
4528.599999999985
4915.999999999983
5106.199999999981
4822.39999999998
5133.599999999988
5421.499999999977
5501.99999999998
5952.599999999981
6406.799999999982
7241.299999999992
2825.799999999995
3867.6999999999935
6904.399999999985
5046.399999999987
4562.2999999999865
5401.999999999983
4410.39999999998
3707.0999999999954
7055.899999999988
3641.2999999999884
4113.599999999988
4542.999999999983
5536.79999999998
4138.199999999981
3887.8999999999933
5995.699999999982
6763.199999999982
6204.399999999986
3225.5999999999926
6005.899999999982
6041.29999999998
6068.3999999999805
6129.399999999983
6593.399999999989
6511.6999999999825
5038.199999999977
5464.69999999999
4865.899999999988
3620.7999999999906
6867.499999999986
5125.29999999999
6583.499999999983
5752.9999999999845
6187.699999999985
5749.999999999986
6422.599999999987
4942.399999999989
6645.899999999988
4781.79999999999
4311.299999999985
3938.299999999985
6479.899999999986
6404.299999999985
5772.399999999978
5842.699999999984
4091.1999999999935
4389.8999999999805
4407.0999999999785
5058.499999999984
7250.39999999999
4314.099999999988
5374.199999999984
6857.099999999984
6720.599999999985
4955.999999999981
6770.39999999999
6844.999999999985
3735.4999999999914
5464.399999999985
5028.4999999999845
5609.299999999986
6146.299999999982
5970.299999999981
6673.699999999981
4355.399999999992
6777.799999999986
6797.599999999981
6232.799999999981
4980.599999999982
6892.699999999982
7101.999999999989
6875.299999999987
5198.7999999999765
6068.299999999986
6110.599999999978
7121.999999999986
5909.5999999999785
5218.1999999999825
5180.399999999985
7053.5999999999885
5354.8999999999805
5674.799999999984
6299.999999999977
6931.19999999999
5672.499999999984
6009.499999999978
5722.999999999987
5813.299999999984
5632.899999999988
5740.699999999987
5815.299999999986
6039.099999999984
6742.599999999987
7207.8999999999905
5871.099999999982
6299.8999999999805
6855.199999999986
5911.3999999999805
6122.599999999976
7226.799999999988
5756.799999999991
5624.499999999986
6079.999999999977
5763.899999999978
5063.799999999984
5923.59999999998
5956.899999999971
5527.399999999978
5907.499999999978
6092.699999999979
5210.899999999986
6316.599999999977
6867.799999999982
6184.899999999977
5305.399999999994
5562.999999999977
7163.999999999988
6066.799999999977
4158.599999999992
6415.099999999978
5963.5999999999785
4814.799999999976
6419.69999999998
5992.999999999983
7189.999999999991
7200.799999999994
3523.499999999986
5081.799999999987
4734.899999999983
7084.999999999985
3879.8999999999805
3258.8999999999937
6240.299999999986
6460.899999999986
2073.7999999999897
5640.399999999981
4290.299999999988
4317.899999999984
3297.599999999988
4591.499999999983
3871.799999999988
3568.9999999999823
6051.199999999977
7276.99999999999
5481.299999999979
4330.499999999993
6508.4999999999845
6341.699999999985
4991.999999999985
6896.999999999982
4594.799999999994
3973.89999999999
7152.599999999988
7068.7999999999865
3051.8999999999846
4362.599999999988
6956.099999999984
3326.599999999988
5146.199999999987
6528.899999999981
2230.0999999999894
6858.799999999986
4208.299999999987
6530.99999999999
3928.2999999999847
6773.199999999986
2810.999999999993
6607.899999999985
1610.6999999999982
3230.1999999999844
7221.599999999992
5139.5999999999885
2718.0999999999876
4228.599999999986
7356.399999999991
5163.099999999979
4490.699999999995
595.0000000000015
4398.8999999999905
6774.399999999985
4822.099999999982
1152.399999999996
5077.59999999999
3632.6999999999894
2885.099999999993
6794.599999999988
5540.999999999995
3985.4000000000005
2179.5999999999913
2612.899999999986
2385.1999999999944
6116.399999999987
6537.199999999988
6809.899999999983
4306.699999999984
3493.8999999999896
5827.799999999984
6917.0999999999885
5597.999999999982
6525.5999999999885
6302.999999999986
3803.9999999999795
4957.999999999988
7127.399999999989
5110.199999999984
3694.099999999986
6432.1999999999825
2793.3999999999864
6310.799999999996
4240.799999999988
5446.799999999988
5232.399999999988
4721.599999999983
4166.599999999988
2391.899999999997
3884.1999999999844
6710.799999999984
5839.199999999985
4685.799999999992
6205.399999999987
7089.199999999988
7066.0999999999885
2244.39999999999
3723.8999999999883
5350.599999999988
6992.999999999983
4037.399999999991
3914.1999999999957
3023.6999999999944
3401.9999999999905
4062.9999999999836
6875.399999999988
6744.99999999999
5049.699999999984
5821.499999999995
6324.799999999986
4731.099999999984
4297.399999999986
5435.599999999985
5022.099999999987
5092.599999999982
7041.599999999992
7098.999999999987
5966.599999999978
4965.499999999984
4643.699999999987
6447.399999999978
5378.999999999982
6080.599999999979
6813.799999999983
3955.899999999989
3742.999999999983
5005.99999999998
5432.399999999981
4544.399999999983
6422.599999999989
4212.199999999982
6492.399999999986
5430.099999999988
4210.19999999998
4613.299999999987
5114.099999999979
5247.99999999998
5916.599999999983
5679.29999999999
6779.999999999985
4457.1999999999825
6216.39999999998
5636.999999999982
7164.39999999999
5995.899999999972
6864.799999999981
5977.399999999978
5949.899999999981
7204.399999999989
7063.599999999985
5843.599999999977
5967.799999999985
5639.899999999982
6986.199999999983
6325.099999999979
6590.299999999985
5452.39999999998
6886.79999999999
6487.9999999999845
4267.6999999999825
4868.499999999993
4700.499999999987
5125.899999999985
5158.899999999989
4383.999999999986
7137.799999999989
7164.799999999987
6865.299999999986
5397.999999999985
5450.699999999991
6571.599999999986
2833.999999999989
5655.799999999983
7320.59999999999
4464.199999999982
2738.1999999999875
5930.999999999983
5258.299999999978
5226.999999999986
6938.7999999999865
6512.199999999981
6304.599999999989
6143.699999999987
5737.399999999988
5467.799999999991
6153.699999999982
6881.3999999999905
5999.599999999984
5836.399999999989
6050.4999999999845
5945.299999999975
6107.499999999978
6110.699999999985
5885.799999999982
6903.799999999991
5774.4999999999845
5214.599999999992
6501.599999999995
6855.79999999998
6062.199999999985
5510.799999999987
4162.499999999996
4453.899999999994
6980.799999999988
6229.599999999984
5221.199999999987
6719.399999999992
4584.399999999991
4676.6999999999825
5739.399999999988
4710.799999999992
6511.999999999985
4691.099999999988
4057.9999999999923
4861.399999999997
6077.799999999989
7129.999999999987
7081.499999999987
6856.39999999999
4494.699999999987
6008.799999999987
6442.799999999984
5747.799999999989
7064.999999999985
5933.799999999982
4097.599999999997
7229.199999999989
5884.499999999976
5873.499999999982
5585.299999999986
5731.89999999998
5646.399999999986
5424.099999999989
6056.299999999983
6370.999999999989
6011.499999999976
5814.5999999999785
5702.799999999984
5636.199999999985
6976.699999999987
7029.699999999985
5060.3999999999805
5605.499999999985
5821.999999999978
5467.399999999981
6970.999999999985
6225.999999999978
6241.699999999983
7201.799999999988
5517.599999999971
5624.199999999975
4385.799999999984
3676.7999999999793
6363.999999999981
6483.3999999999805
5507.499999999984
5425.699999999976
5354.299999999983
6329.999999999986
5797.099999999984
4526.599999999987
5674.899999999987
5037.299999999994
5125.099999999981
6960.199999999986
4928.699999999988
6110.999999999977
6587.799999999978
6335.499999999987
6337.69999999998
4924.79999999998
6813.999999999982
6457.599999999978
7300.79999999999
5959.499999999992
5458.999999999984
6834.99999999998
7107.399999999988
5344.899999999986
5729.299999999984
7154.599999999993
5143.599999999984
5659.0999999999885
5373.399999999987
4938.399999999985
6818.199999999981
7157.999999999988
6534.399999999982
3637.0999999999894
4312.799999999985
4700.899999999989
5486.799999999984
5089.099999999986
5098.099999999989
7183.999999999989
7116.99999999999
5026.399999999987
7097.699999999992
6869.599999999988
4436.499999999989
6400.599999999986
3777.599999999994
4923.399999999991
6024.399999999983
6401.599999999989
5085.299999999992
6565.699999999986
4708.39999999999
5590.699999999997
6428.999999999983
5161.699999999986
4386.599999999993
4931.199999999989
5127.4999999999845
3767.999999999993
3871.8999999999883
3846.4999999999914
7198.99999999999
6279.299999999993
4207.29999999999
4839.399999999987
4956.999999999977
7133.39999999999
7347.999999999992
3079.099999999996
2820.799999999991
5729.3999999999905
6815.799999999989
4860.09999999998
4152.699999999986
5662.699999999979
5074.899999999987
6318.199999999993
4405.399999999988
4019.199999999995
5592.499999999977
5895.699999999977
5210.499999999978
6092.199999999982
6864.299999999989
7258.799999999988
6071.399999999982
3826.599999999988
5501.899999999971
6212.999999999977
7130.799999999989
5314.199999999985
5720.499999999982
6853.999999999985
6949.099999999983
6586.9999999999845
4570.799999999991
5076.899999999988
5759.599999999987
6304.19999999998
6126.1999999999825
5957.999999999981
6035.499999999984
5610.399999999982
5993.09999999998
5073.199999999992
4885.399999999986
5374.7999999999865
5382.999999999981
5861.99999999998
4691.899999999983
6161.199999999979
5967.599999999976
6416.39999999998
5353.499999999977
5850.29999999998
7091.799999999989
7046.399999999985
7337.399999999992
5629.699999999983
5037.799999999984
5864.899999999982
7275.599999999991
5207.9999999999845
4602.499999999978
6859.899999999981
5666.299999999981
5316.199999999993
4968.699999999984
3551.5999999999913
3596.9999999999836
3986.499999999985
6559.799999999983
3829.7999999999893
7061.999999999989
5799.299999999977
5854.3999999999805
3867.6999999999853
5806.099999999981
7059.399999999983
6224.599999999977
4384.699999999986
5977.9999999999845
7296.799999999992
6947.19999999998
5994.199999999982
4761.899999999992
5249.899999999995
6791.199999999986
6071.199999999981
5830.499999999994
5787.299999999992
5857.599999999985
5135.099999999991
6141.999999999983
5201.399999999992
5843.599999999985
5850.399999999982
6757.699999999988
5848.399999999979
5777.999999999989
6206.19999999998
6233.399999999985
5963.199999999986
5459.399999999991
5784.199999999987
6958.099999999986
6389.499999999981
7339.399999999991
5618.39999999999
5421.2999999999865
5882.999999999982
6321.099999999983
6529.99999999998
6495.49999999999
5763.999999999985
6890.299999999993
5839.199999999988
5340.899999999981
6585.3999999999905
5730.499999999982
7046.999999999989
6010.399999999989
5058.599999999988
6176.599999999983
6952.59999999999
5342.199999999987
5726.299999999987
6075.199999999986
7068.399999999989
7029.39999999999
5821.699999999979
6248.399999999979
6687.899999999985
6722.899999999982
5852.399999999979
5484.799999999982
5545.7999999999865
6187.499999999977
6065.19999999998
6043.599999999981
6478.799999999988
5688.499999999977
5947.999999999986
5867.7999999999765
5778.999999999984
5435.699999999979
5680.099999999985
6256.499999999976
4228.099999999983
5938.999999999976
7121.39999999999
7025.999999999988
5557.499999999984
6025.799999999976
5942.299999999976
6787.999999999983
5904.499999999977
7295.399999999991
5276.399999999981
6004.799999999978
7204.999999999989
5924.299999999974
5946.1999999999825
4932.799999999977
6041.7999999999765
5662.69999999999
5632.999999999979
5902.299999999979
5177.499999999983
6103.399999999977
5948.599999999983
6191.8999999999805
5278.599999999984
6115.499999999978
6751.099999999981
5885.999999999978
5217.9999999999845
6925.199999999983
7243.19999999999
6526.899999999978
4589.599999999982
5055.799999999987
7270.59999999999
4958.499999999981
6081.099999999981
5023.699999999985
4321.899999999984
6638.399999999985
4760.199999999992
6348.299999999992
5808.999999999984
5992.599999999983
5601.199999999977
5982.799999999978
5069.999999999988
4761.999999999983
5582.6999999999825
5763.499999999979
6504.099999999986
7105.799999999989
7318.599999999991
7128.199999999988
6852.199999999989
5612.399999999987
6715.099999999983
6829.799999999987
6040.099999999979
7277.799999999991
5560.899999999989
5307.899999999991
7247.799999999989
6913.599999999984
5566.299999999992
5976.699999999988
6149.399999999984
5497.899999999987
6975.799999999989
6503.59999999999
4902.699999999991
5325.999999999989
7128.899999999989
5939.699999999981
4831.899999999992
7103.39999999999
4927.29999999998
5317.699999999988
5138.7999999999865
6206.79999999998
5845.799999999979
4497.499999999981
6136.799999999985
6759.6999999999825
7320.799999999992
6502.79999999998
3977.2999999999893
3904.3999999999833
4765.09999999999
5735.799999999984
5168.399999999991
3300.699999999987
6878.599999999988
6238.499999999983
4244.799999999992
5419.399999999983
4957.199999999992
5169.699999999982
3950.5999999999963
5135.099999999982
4984.099999999996
3625.0999999999954
6571.099999999982
5641.1999999999825
6238.699999999986
5422.399999999994
5577.999999999979
7168.399999999989
6640.799999999983
7347.799999999991
4232.999999999991
4056.99999999999
6622.499999999981
6879.599999999984
5299.799999999986
6306.099999999989
6943.599999999984
5019.899999999995
6836.899999999988
6174.599999999992
4338.399999999997
5509.599999999988
5228.799999999982
6974.799999999988
4507.799999999991
5452.399999999986
6099.399999999985
7108.59999999999
4037.8000000000015
5174.7999999999865
6467.799999999987
6317.699999999984
4951.199999999988
5897.999999999986
7101.599999999988
7367.999999999992
5268.899999999992
4810.0999999999985
5023.699999999995
6987.199999999987
4746.999999999988
6294.69999999999
4868.299999999991
5869.699999999993
5073.799999999988
4386.199999999987
5451.099999999991
5360.799999999991
4279.599999999992
4961.099999999988
4299.299999999987
5966.799999999982
7062.999999999989
6570.599999999984
5943.399999999984
6532.799999999988
6575.999999999987
5743.599999999992
6559.199999999984
7132.599999999988
4975.999999999988
4555.999999999984
4924.199999999981
5654.999999999977
5935.899999999983
5368.999999999986
6713.199999999979
5456.699999999984
5524.899999999977
5198.399999999984
4231.299999999997
4900.299999999983
5951.799999999976
6239.199999999987
4232.299999999984
6132.999999999982
7180.199999999991
6168.299999999983
5402.199999999988
6286.499999999982
6126.599999999985
4924.2999999999865
5974.899999999982
5762.599999999979
7217.599999999992
5868.599999999985
5365.099999999987
4296.999999999993
5185.999999999992
6698.19999999999
5036.2999999999865
5139.399999999981
5364.499999999986
5344.599999999987
6832.7999999999865
5835.399999999983
6064.999999999989
5081.899999999994
5279.499999999985
7103.29999999999
5721.199999999987
5755.999999999976
7223.199999999988
6488.39999999998
6820.399999999981
6089.099999999979
6177.99999999998
5874.199999999981
6184.499999999979
7307.399999999993
5125.599999999982
4148.499999999986
6258.999999999981
6993.799999999986
5184.799999999986
6072.799999999977
7183.3999999999905
6097.399999999978
6621.49999999998
5724.099999999978
5238.799999999981
6059.499999999979
6294.599999999984
5966.99999999998
5515.299999999987
6084.799999999987
6954.199999999984
5950.799999999989
5594.299999999979
5805.499999999979
6181.29999999998
6346.1999999999825
5963.799999999983
5526.29999999999
6670.199999999978
7265.799999999992
6251.799999999979
6072.39999999999
5560.199999999991
6228.399999999987
5689.599999999981
6803.399999999989
6764.199999999993
5896.899999999983
6921.399999999989
6107.199999999976
5395.899999999993
5533.899999999984
5559.399999999982
6614.299999999986
5201.899999999988
5973.999999999986
7057.199999999988
5947.499999999982
6454.099999999995
5100.399999999994
4909.399999999991
6079.199999999985
6506.599999999979
7054.999999999986
5787.199999999986
5124.299999999991
7006.199999999983
6006.599999999982
5802.799999999989
7099.59999999999
6026.199999999982
5740.399999999984
6215.799999999988
6219.399999999981
5227.999999999993
5902.699999999988
7158.399999999988
6242.599999999988
5427.59999999999
6526.099999999981
5966.999999999981
5719.3999999999905
5519.199999999985
6754.199999999982
7038.599999999992
5954.599999999989
6114.999999999992
5867.699999999988
6056.5999999999885
7041.399999999986
5609.19999999999
5606.799999999986
5490.999999999991
6121.199999999987
4157.499999999992
6091.29999999999
5636.299999999988
5071.799999999987
5988.0999999999885
5800.099999999985
5167.799999999993
5098.399999999988
6311.29999999999
5581.499999999994
3859.59999999999
5964.7999999999865
5395.199999999985
5569.599999999978
7089.199999999992
5324.499999999993
6920.999999999986
5710.099999999988
5486.099999999988
7298.3999999999905
4803.799999999992
4290.799999999994
5503.4999999999845
6768.599999999986
5270.599999999984
5122.79999999999
6051.399999999984
3840.699999999991
4584.399999999994
5810.199999999985
3807.0999999999876
5513.699999999989
5633.999999999981
7144.399999999989
4979.699999999986
5311.899999999981
6816.399999999983
6211.799999999977
4559.499999999982
4811.599999999984
7157.199999999986
5970.499999999975
4535.099999999985
4623.299999999986
6763.399999999987
5520.199999999981
6866.7999999999865
4939.099999999988
4685.799999999989
7107.799999999992
6068.299999999981
5345.29999999998
6971.199999999989
5794.099999999986
5313.999999999987
5597.399999999981
5855.199999999982
5603.599999999985
5650.299999999982
5135.499999999984
4821.199999999991
5597.799999999978
6056.599999999981
7077.799999999989
6750.3999999999905
5344.2999999999865
5468.199999999985
7153.599999999991
5316.199999999987
6905.399999999988
5242.699999999989
4782.199999999988
5878.59999999998
7215.99999999999
4891.5999999999885
6523.399999999981
4850.399999999985
5830.499999999977
5746.2999999999865
5931.29999999998
6189.199999999976
5685.399999999986
5301.49999999998
5833.899999999978
4465.79999999999
5344.899999999981
6105.799999999976
5116.79999999999
5090.999999999983
6064.999999999975
7354.799999999992
6914.399999999984
5659.899999999987
6399.199999999981
6649.799999999992
6631.299999999985
6001.5999999999785
5178.299999999986
5424.399999999984
5815.099999999981
5972.199999999975
5749.599999999986
6128.199999999978
6176.799999999977
5414.299999999982
6070.799999999978
4369.899999999987
4335.4999999999845
5634.499999999986
5226.299999999987
6042.599999999976
5938.399999999981
7115.199999999986
6199.899999999977
6156.09999999998
5520.99999999998
6033.59999999998
5747.199999999981
6472.199999999977
7334.399999999991
5656.399999999983
5406.499999999988
7143.199999999987
6193.699999999981
5737.499999999981
6764.199999999993
5868.7999999999765
5569.899999999984
6927.599999999992
6450.499999999983
5490.199999999985
7100.499999999993
6120.399999999985
5711.199999999981
6005.099999999985
7041.199999999991
5914.799999999983
6669.399999999984
5509.999999999989
6962.0999999999885
5910.49999999998
6113.199999999975
5832.899999999984
6148.399999999979
7094.799999999988
7175.199999999986
5326.599999999982
4555.999999999992
5340.199999999989
5917.49999999998
5034.799999999984
5270.699999999979
5402.799999999983
3892.0999999999876
4931.899999999985
5182.599999999981
5254.399999999983
5118.199999999987
6607.699999999988
5293.599999999991
4331.799999999996
4718.9999999999845
6996.799999999985
6709.799999999984
4851.499999999991
4049.199999999992
4526.399999999983
5247.999999999981
6998.199999999985
6918.1999999999825
5611.999999999989
4060.3999999999955
2843.2999999999906
4849.199999999976
3195.7999999999925
6978.5999999999885
4482.099999999986
3515.0999999999985
4250.899999999984
4244.6999999999925
3340.599999999985
7161.599999999989
4121.099999999983
4959.899999999997
4699.199999999988
4581.199999999986
5054.999999999979
6596.599999999985
4463.0999999999885
7177.399999999989
6901.999999999982
5612.0999999999885
5190.699999999985
6960.599999999988
6926.4999999999845
4954.299999999989
5136.099999999982
4081.1999999999985
4189.499999999994
5026.999999999992
4097.199999999983
3901.1999999999953
3880.299999999984
4316.599999999984
4305.999999999985
4186.699999999988
4076.2999999999847
6370.999999999988
4116.799999999993
4513.799999999984
4424.899999999992
4868.899999999982
4698.599999999982
4006.599999999977
7096.59999999999
4430.199999999989
5003.199999999982
7018.799999999987
6870.399999999987
7042.999999999988
6014.999999999984
5641.7999999999865
5037.399999999978
7341.3999999999905
3821.5999999999854
6348.599999999987
6740.799999999983
3945.199999999987
6969.199999999987
5017.99999999998
2870.599999999992
6870.699999999985
5501.799999999983
4680.999999999981
4526.099999999987
4012.5999999999863
4745.39999999998
4820.199999999979
5494.599999999979
6157.799999999977
6296.199999999979
7139.999999999989
4326.699999999982
6752.899999999985
7325.599999999991
6708.59999999998
4497.099999999984
4468.499999999991
4235.499999999986
6859.199999999984
5705.399999999984
6703.099999999983
6650.399999999978
6136.199999999979
4863.999999999976
4937.599999999977
5251.199999999978
4140.399999999984
3680.5999999999863
4421.6999999999825
3906.399999999982
6240.599999999978
6883.3999999999805
4027.799999999977
6801.69999999999
4225.399999999982
6307.999999999979
5363.399999999987
6898.1999999999825
7296.79999999999
5568.399999999985
5334.599999999984
7266.799999999991
4728.699999999978
6050.199999999981
6447.199999999981
5169.799999999986
5240.799999999982
4818.699999999989
4712.999999999979
5049.399999999981
5544.79999999998
7168.399999999989
4955.599999999979
6363.499999999983
5312.799999999978
5281.199999999975
5005.299999999987
4050.299999999983
4669.399999999983
7172.199999999989
5745.7999999999765
4976.999999999979
5727.0999999999785
5397.599999999978
5387.099999999976
5733.399999999975
5758.99999999998
3782.799999999989
6522.99999999998
6477.599999999979
6506.499999999978
6132.299999999976
4671.099999999989
5115.29999999998
6769.19999999998
3973.299999999987
6201.399999999981
6009.099999999979
5265.69999999999
5717.799999999972
5974.999999999976
7061.599999999984
6459.599999999978
6955.199999999986
5772.599999999981
6966.399999999989
7055.7999999999865
6901.199999999983
7325.599999999991
5488.399999999985
5477.999999999982
6106.899999999977
6211.999999999972
5287.799999999983
5700.999999999982
6759.599999999987
5692.099999999983
5984.799999999986
5445.099999999981
6092.799999999985
5887.999999999975
6982.599999999989
6029.899999999974
5386.299999999979
6083.399999999983
7016.999999999988
5855.29999999998
5261.199999999995
6152.999999999984
6419.99999999998
5905.999999999977
5657.19999999999
6939.399999999988
6002.599999999977
7292.3999999999905
6698.799999999985
4776.299999999993
4600.299999999992
6826.5999999999885
5812.7999999999865
5569.099999999983
5588.699999999981
4410.599999999987
5728.999999999985
6695.199999999979
4466.7999999999865
5502.399999999984
5247.3999999999905
5944.299999999985
3855.9999999999914
5869.699999999979
7112.5999999999885
7139.199999999987
6955.599999999991
5217.999999999987
6508.599999999984
5759.399999999984
7127.599999999992
7156.199999999987
5946.699999999977
4894.699999999984
7185.199999999989
6164.399999999979
5761.199999999982
6296.899999999984
5487.19999999998
5635.3999999999905
6162.2999999999865
6000.5999999999785
6005.599999999983
5520.499999999977
5520.799999999978
5819.399999999978
4045.7999999999874
5495.299999999985
6223.399999999978
6012.899999999973
5730.69999999998
6880.999999999984
6119.599999999976
6290.799999999978
5874.999999999982
6757.699999999986
6728.099999999979
7188.399999999988
6254.799999999986
5002.9999999999845
5684.899999999982
4127.499999999993
5691.999999999982
5512.399999999987
5994.899999999987
5958.199999999992
5304.199999999986
5951.799999999981
4727.999999999996
5494.699999999986
5650.299999999979
6177.899999999981
5851.299999999982
5711.499999999981
7047.79999999999
6126.19999999998
5718.999999999983
5805.599999999978
6931.799999999986
6521.299999999985
7085.799999999991
7225.19999999999
5678.299999999985
6067.699999999978
6779.59999999998
7131.399999999988
6994.3999999999905
6644.099999999984
6037.999999999979
6789.7999999999865
5089.6999999999825
5938.299999999978
5730.499999999981
5818.699999999979
7154.499999999992
5826.799999999981
4487.599999999992
6045.9999999999745
5995.799999999996
6666.699999999981
5750.899999999977
6176.899999999978
4307.399999999976
6201.499999999975
5811.599999999983
6288.499999999976
6933.199999999988
6162.999999999975
6171.199999999975
5325.399999999986
5485.399999999976
7102.999999999994
5716.299999999984
6077.299999999978
6140.999999999979
5947.999999999985
6824.799999999984
7071.599999999992
5555.599999999979
5783.499999999978
6110.799999999975
5989.09999999998
5686.199999999982
6095.799999999977
7144.999999999988
7168.999999999989
6327.999999999981
5853.99999999998
7026.7999999999865
5860.399999999976
6156.8999999999705
7182.199999999986
5359.099999999976
5908.299999999982
6665.39999999998
6186.699999999976
5888.699999999983
6563.099999999987
6187.499999999976
5677.999999999986
6995.199999999991
5989.099999999977
5640.199999999985
5738.699999999974
7098.399999999984
5831.99999999998
5540.599999999983
5623.399999999979
6229.999999999974
5947.4999999999745
5443.399999999986
7174.599999999986
6203.899999999981
5602.699999999974
5510.599999999982
6140.999999999981
6608.099999999978
6109.099999999981
5881.0999999999785
5001.799999999989
4331.499999999989
6073.5999999999785
5718.899999999981
6270.899999999983
6091.099999999985
6137.499999999985
5957.899999999982
5637.699999999981
5119.399999999991
5160.499999999987
5775.599999999985
6356.599999999986
5690.099999999988
5753.099999999984
6091.299999999984
6107.199999999981
7204.0999999999885
5346.49999999999
5455.499999999984
6187.699999999982
6082.599999999987
7155.999999999989
5851.199999999987
4681.599999999995
5805.399999999983
6031.799999999984
7109.999999999991
6925.999999999988
5302.699999999982
5380.099999999987
5795.299999999987
5086.899999999981
4898.299999999996
6047.399999999985
5650.899999999985
5711.599999999983
5374.099999999991
5769.199999999987
5841.099999999986
6192.999999999985
5852.599999999984
6061.499999999985
5693.99999999998
6074.29999999998
5970.0999999999885
5806.499999999986
6245.89999999998
6223.199999999983
5344.999999999982
4771.999999999985
5343.599999999987
6205.599999999984
5590.69999999998
6229.399999999981
7048.399999999989
6808.099999999991
6349.599999999988
5831.599999999981
5816.499999999983
5816.499999999983
5675.199999999992
5913.799999999983
5424.799999999986
5848.899999999984
6330.899999999978
6438.599999999981
6033.699999999984
5783.399999999988
6823.199999999984
6153.599999999985
6021.699999999984
7386.1999999999925
5528.29999999998
5919.999999999986
6208.39999999998
6853.299999999985
5998.299999999986
6399.199999999986
7133.599999999989
6056.699999999983
6133.899999999983
6178.099999999986
5577.299999999991
6291.599999999989
6476.1999999999825
6334.599999999984
6018.899999999987
5936.8999999999905
6957.399999999983
6518.199999999983
5446.999999999995
6317.199999999992
6676.999999999985
7016.999999999987
6170.299999999991
5703.399999999985
7297.59999999999
7346.999999999992
5423.199999999986
5147.999999999995
5942.599999999986
6166.299999999988
6449.299999999984
5322.399999999988
6965.799999999988
6701.199999999988
6626.699999999988
6236.699999999985
5581.299999999988
5465.399999999996
6346.399999999991
7106.999999999992
4789.199999999992
5024.599999999989
7280.599999999989
5185.399999999986
4842.89999999999
4265.799999999983
5592.799999999986
3824.9999999999895
7123.599999999988
7262.599999999988
4768.399999999985
4086.8999999999933
5337.699999999989
7264.99999999999
6989.399999999993
5548.999999999992
5126.599999999982
4403.499999999989
6577.199999999987
4111.79999999998
2227.4999999999995
5136.599999999986
6306.699999999979
5369.699999999985
4800.3999999999905
6199.799999999978
6009.199999999977
6023.799999999984
4847.999999999992
6212.599999999979
6151.399999999983
6388.199999999979
5021.599999999981
4976.699999999988
6284.099999999985
6871.699999999985
5749.899999999984
5433.399999999992
5592.4999999999945
6014.499999999979
5690.399999999986
7005.799999999991
7014.599999999987
6459.299999999996
6697.499999999986
6350.999999999985
5591.399999999987
5515.3999999999905
6324.399999999989
6859.799999999987
5804.099999999988
6155.299999999987
7196.599999999989
7152.799999999987
6444.399999999983
5598.599999999986
6575.59999999998
6227.799999999984
6041.699999999982
7264.3999999999905
5456.299999999989
6202.399999999981
5057.499999999982
7164.199999999987
5582.799999999993
4847.499999999986
6864.599999999985
4999.199999999982
5045.499999999988
4347.899999999985
4555.99999999999
5511.499999999983
4452.999999999987
6832.799999999988
5147.599999999991
5072.699999999986
5774.899999999984
5702.899999999983
5214.799999999994
6952.5999999999885
6018.699999999982
4678.799999999983
4891.599999999983
5664.999999999985
5212.099999999981
6580.6999999999825
4851.099999999982
4422.399999999995
4874.799999999984
6079.499999999982
7007.599999999988
5578.799999999983
5887.399999999989
5725.899999999984
5679.199999999979
5784.59999999998
4540.69999999999
5173.199999999985
5752.4999999999845
6187.999999999982
5643.599999999985
6095.199999999978
7153.39999999999
6826.899999999985
6043.699999999984
5654.699999999977
6993.199999999988
5627.299999999977
5969.699999999978
7054.599999999985
5736.199999999985
5931.199999999983
6355.199999999978
6090.8999999999805
5897.799999999988
6220.8999999999805
7135.799999999987
6565.7999999999765
6186.599999999983
6043.399999999979
5458.599999999986
6150.999999999977
6249.599999999974
6423.5999999999785
5203.699999999983
6019.099999999978
6779.399999999978
5906.799999999983
5855.899999999981
5873.7999999999765
6321.199999999978
5780.299999999977
5727.599999999985
5760.699999999981
6802.19999999998
5656.999999999981
5581.699999999979
5405.999999999981
5062.199999999984
6957.399999999984
5616.399999999983
5307.899999999982
5051.69999999998
6406.399999999987
5674.999999999988
6322.299999999982
5477.199999999988
5573.099999999981
6303.8999999999905
5840.49999999998
5468.4999999999845
4406.799999999981
7127.599999999987
7150.199999999986
4183.8999999999905
3546.3999999999874
5533.699999999986
6531.3999999999805
5899.199999999986
6942.799999999987
4150.399999999998
5870.999999999988
7137.199999999986
5950.499999999985
6612.599999999988
5531.599999999983
7278.99999999999
3751.9999999999914
4925.69999999998
6677.799999999989
4908.499999999991
5796.399999999982
6551.499999999979
6609.799999999985
5084.199999999988
5773.09999999998
7042.199999999987
6475.8999999999805
5423.199999999987
5134.899999999979
6823.599999999984
6872.799999999982
6131.599999999989
5219.299999999986
7285.19999999999
7035.999999999987
5818.099999999983
4371.099999999995
5494.099999999983
6992.7999999999865
5658.899999999979
4285.199999999993
6948.299999999986
5797.899999999986
6236.499999999984
6136.099999999979
5211.499999999991
5882.799999999976
5186.599999999982
6303.3999999999805
5497.299999999978
5699.199999999977
6548.499999999976
6988.299999999988
5215.699999999987
5813.6999999999825
7052.199999999987
5670.8999999999805
6102.199999999983
6981.599999999989
5764.299999999984
5854.799999999987
6081.199999999979
7316.999999999992
6031.699999999989
5959.2999999999865
7020.199999999989
5838.599999999981
6937.1999999999925
6239.199999999973
5719.199999999988
5520.099999999977
5682.999999999978
5873.29999999998
6510.399999999985
5753.499999999984
6983.699999999985
6280.299999999979
5860.599999999986
7139.0999999999885
6254.299999999983
7007.999999999986
5554.3999999999805
6258.199999999977
6209.799999999976
7253.3999999999905
6016.699999999979
5745.499999999985
5185.3999999999905
6078.599999999978
5602.899999999977
5951.799999999981
6227.19999999998
5674.699999999978
5866.79999999998
5938.799999999978
5503.09999999998
5463.299999999981
5892.499999999977
6211.199999999977
5437.799999999982
5882.899999999971
6164.799999999975
6262.399999999974
5621.699999999981
5365.799999999986
6182.399999999975
7186.199999999991
6012.099999999971
7175.199999999985
5339.69999999998
5684.79999999998
6013.399999999974
7109.399999999986
5804.399999999978
5983.699999999977
6083.899999999975
5387.6999999999825
6013.199999999978
5536.099999999979
5167.099999999985
5940.699999999976
5697.0999999999785
5705.799999999977
5378.499999999981
6103.399999999977
5996.599999999977
6150.2999999999765
5958.699999999981
6384.599999999978
7234.999999999989
6896.599999999983
5039.499999999983
5900.599999999984
6477.399999999974
5768.799999999976
5695.699999999983
4826.099999999985
5011.899999999985
6013.099999999975
5924.499999999978
5944.5999999999785
6744.199999999984
5885.599999999978
5869.49999999998
5693.299999999975
5481.899999999984
5845.899999999978
5876.0999999999785
6238.0999999999785
5182.199999999978
5718.599999999978
6425.199999999977
6335.199999999972
6818.699999999988
5054.799999999983
6001.599999999971
5589.299999999978
6186.399999999967
6601.399999999982
5151.89999999998
5450.399999999985
6659.39999999998
6251.999999999976
6527.599999999983
6222.099999999975
6585.199999999981
5800.299999999979
6634.199999999981
5854.399999999978
5416.3999999999805
5931.399999999976
6654.999999999977
5852.699999999972
5204.499999999977
6944.199999999985
7326.799999999992
6087.099999999973
4675.399999999989
6043.399999999978
5750.799999999977
5681.399999999983
4949.599999999981
6841.799999999984
6822.599999999979
5952.999999999977
4990.999999999977
5233.2999999999865
5457.799999999982
5326.799999999977
5729.599999999978
6290.39999999998
5774.099999999984
6095.399999999983
5979.399999999978
5568.399999999979
4671.999999999989
5444.199999999978
5304.599999999985
6024.799999999979
5990.399999999981
5851.499999999972
7017.599999999985
6210.499999999977
6944.399999999984
5519.899999999989
6393.299999999979
6197.999999999978
6029.799999999977
7024.399999999984
5633.999999999982
5619.699999999985
6526.799999999981
7216.599999999988
6831.599999999987
6703.099999999986
6358.399999999983
5844.099999999979
5735.69999999999
6625.199999999984
5963.399999999984
6384.19999999998
6182.599999999982
5104.899999999987
5718.5999999999885
5995.099999999986
6937.199999999984
6033.199999999986
5796.299999999991
7011.099999999986
5849.299999999982
6156.799999999981
6190.799999999983
6180.299999999984
7377.1999999999925
6953.799999999983
5895.5999999999785
5675.49999999999
5387.599999999986
6169.09999999998
5706.699999999985
5516.899999999982
6761.699999999983
6074.799999999988
5404.699999999988
6018.39999999998
5257.199999999986
5784.9999999999845
5609.49999999999
5460.79999999999
5563.69999999999
6433.899999999979
5883.899999999986
7218.999999999991
6922.299999999994
4798.199999999983
5880.699999999981
7152.999999999988
5154.999999999982
7239.59999999999
5449.899999999981
5064.599999999989
5283.299999999983
6386.999999999977
5358.3999999999805
6638.699999999986
6284.799999999979
5594.399999999983
5791.9999999999845
5702.999999999979
5418.099999999981
5996.799999999981
5599.799999999975
6187.799999999975
4745.499999999984
6080.799999999981
6401.799999999974
6502.799999999979
5468.799999999976
6103.199999999976
6099.799999999979
5799.5999999999785
5448.6999999999825
6329.799999999981
7209.999999999988
7105.599999999988
5709.599999999979
5763.399999999989
5739.39999999999
6855.999999999984
5680.599999999978
5851.799999999982
5788.199999999974
5575.89999999998
5931.099999999983
5821.999999999977
5568.799999999978
5766.09999999998
5844.999999999979
7043.099999999987
5790.5999999999785
6269.999999999983
7358.999999999992
6248.799999999972
5791.999999999978
5228.599999999988
5868.199999999979
6098.299999999974
4330.299999999984
7285.799999999991
6086.999999999978
5901.299999999979
5867.399999999976
6754.399999999979
5733.999999999979
6480.099999999981
6650.299999999977
5877.099999999978
4805.399999999992
6765.599999999985
5951.099999999988
5792.799999999982
6563.199999999979
7095.599999999992
4728.399999999986
7138.799999999988
6442.5999999999785
6031.299999999977
6425.399999999988
4747.8999999999805
5722.199999999977
5421.599999999977
4952.399999999982
7025.199999999986
5866.399999999975
6920.599999999983
6817.399999999985
5055.599999999987
4821.599999999985
6546.699999999977
5635.799999999987
6343.799999999978
5998.799999999978
6347.999999999981
6286.59999999998
5751.599999999978
5489.699999999985
5519.499999999981
5766.499999999989
5926.799999999978
5739.399999999982
4146.399999999978
6308.599999999974
5980.599999999977
7017.999999999988
5800.599999999981
7069.199999999988
5943.499999999983
6076.699999999976
7252.999999999991
5054.799999999985
4787.499999999984
7151.799999999986
5947.799999999978
5204.599999999978
5793.899999999986
5028.799999999983
5715.299999999981
5899.499999999982
5915.599999999981
5574.0999999999885
7106.999999999986
6002.8999999999805
5583.799999999978
5227.799999999983
6086.3999999999805
6094.099999999977
6054.399999999978
6107.799999999982
7228.199999999992
6137.999999999973
7081.199999999986
5271.999999999988
6137.499999999979
7226.999999999988
7324.999999999992
5874.09999999998
5372.399999999986
5679.599999999981
4973.799999999979
5565.499999999977
5712.899999999985
6010.299999999982
4900.399999999986
5405.599999999988
5581.0999999999885
6105.599999999985
4992.399999999988
4510.5999999999885
5777.099999999983
4404.899999999986
5704.699999999975
7209.599999999989
7166.399999999988
5289.399999999982
5853.299999999982
5559.199999999982
5191.799999999986
6824.199999999983
7121.799999999986
5441.599999999987
5669.899999999987
7004.199999999985
7193.199999999988
5784.799999999982
5982.999999999984
6059.799999999979
7161.199999999989
6087.5999999999785
6614.499999999988
6367.99999999998
6017.699999999979
7231.19999999999
6300.399999999984
5243.499999999986
5798.199999999978
7202.799999999989
5596.699999999985
5729.6999999999825
6622.39999999998
5802.299999999982
5730.799999999977
4997.299999999989
6602.499999999988
6146.299999999975
6903.399999999987
5856.399999999986
3552.5999999999863
3676.399999999991
7045.199999999989
5349.599999999988
5567.49999999998
4640.499999999985
4702.499999999986
5656.79999999998
4384.699999999982
3656.9999999999964
6001.499999999985
4165.499999999985
6989.5999999999885
3920.7999999999915
6481.799999999988
6433.699999999984
2957.4999999999864
3496.999999999983
3962.799999999982
2825.999999999981
6447.39999999998
6192.1999999999825
6980.79999999998
4242.699999999989
4939.399999999983
7039.599999999985
5342.999999999984
6777.199999999986
6510.8999999999805
6716.599999999979
5620.999999999987
5085.499999999985
6708.799999999986
4487.69999999999
5671.199999999982
6733.199999999978
6592.3999999999805
3473.79999999999
6625.799999999982
6481.59999999998
5159.199999999983
5129.199999999988
7109.19999999999
7294.599999999989
6564.199999999983
4532.699999999987
6645.499999999989
7328.59999999999
7123.999999999989
6416.599999999985
5086.999999999987
3192.3999999999924
6962.199999999989
6816.399999999986
5749.099999999983
5187.999999999986
4141.099999999981
6008.599999999985
4095.9999999999827
3636.199999999994
5188.999999999988
4411.499999999993
7030.399999999985
4118.599999999991
5455.3999999999805
6010.399999999984
6387.19999999998
3450.6999999999894
5442.999999999981
4914.999999999988
5433.1999999999825
3664.399999999982
7253.999999999989
4589.799999999985
6620.8999999999805
6869.999999999986
7341.399999999992
6277.599999999982
6507.799999999987
6502.199999999983
6632.399999999981
5494.999999999985
4872.1999999999825
4483.1999999999925
6894.199999999991
6590.799999999984
5514.499999999987
1428.199999999996
6789.79999999999
7113.199999999989
6839.299999999987
3410.6999999999925
4958.399999999987
2986.399999999988
7149.599999999991
4906.799999999983
5418.999999999993
6752.399999999984
6951.799999999985
5233.399999999985
4189.599999999992
2061.6999999999957
5812.599999999989
5483.3999999999905
4669.3999999999905
4593.699999999995
5316.4999999999945
5099.49999999999
4296.399999999988
4818.999999999988
4349.39999999999
4950.499999999991
6505.799999999989
6411.799999999989
5216.699999999986
4268.899999999978
5281.999999999981
4782.699999999991
4756.099999999987
5145.199999999987
5351.199999999986
5434.999999999982
5593.799999999983
4493.999999999987
5941.199999999984
7280.39999999999
7315.799999999991
5686.8999999999805
5516.599999999981
6635.199999999983
5712.7999999999865
5207.199999999984
6511.599999999985
5629.999999999986
5557.399999999989
7010.39999999999
4783.799999999991
5073.899999999984
6658.399999999987
6681.599999999982
4282.8999999999905
5975.999999999989
4244.899999999984
5257.599999999981
5703.799999999987
6138.399999999988
6606.799999999995
5258.79999999998
6159.79999999998
6077.799999999988
6076.399999999995
5506.99999999999
6885.699999999987
5512.099999999982
6423.599999999988
6021.899999999984
5930.89999999999
5782.999999999987
5369.699999999983
5598.699999999984
6277.799999999986
6418.0999999999885
7202.799999999988
5845.199999999986
6000.9999999999845
5780.199999999981
6087.79999999998
6517.599999999986
5774.299999999979
7022.999999999986
5769.399999999983
7094.199999999988
7089.999999999986
5431.199999999986
5867.69999999998
7044.399999999986
6217.29999999998
5806.399999999985
6037.799999999983
5856.999999999985
5625.599999999988
7142.899999999985
5671.799999999985
5217.199999999992
7006.599999999989
5385.799999999985
6052.999999999983
5368.199999999982
5932.899999999985
6156.599999999973
5955.499999999982
5585.299999999989
7175.799999999989
6235.799999999979
5913.299999999981
5955.299999999986
6142.199999999983
6047.99999999998
7193.999999999989
6299.599999999986
4915.099999999987
5819.099999999987
6775.299999999982
6012.899999999984
6022.199999999985
7046.499999999989
5534.299999999983
4641.999999999984
5960.899999999971
5609.499999999984
6124.199999999986
6275.899999999989
6187.299999999987
4171.4999999999845
3191.299999999981
7213.099999999992
6423.799999999978
6175.7999999999865
5453.599999999987
5685.099999999979
6442.399999999979
7133.399999999989
7174.799999999986
4809.299999999982
5723.799999999994
6850.799999999985
6748.799999999983
6278.79999999998
6741.099999999986
6509.599999999976
5995.299999999983
5286.799999999981
4044.0999999999835
5077.199999999989
6682.499999999982
5980.499999999982
6646.799999999985
6205.499999999983
4758.399999999986
6842.699999999981
6306.49999999998
4365.699999999991
6738.699999999985
6506.2999999999765
7138.599999999986
6118.69999999998
3479.6999999999894
6993.799999999985
7365.399999999991
5611.099999999982
4041.9999999999914
3040.699999999993
5664.299999999978
4623.899999999987
5114.099999999983
5571.4999999999745
4594.399999999985
4825.199999999984
6374.799999999983
4482.09999999999
4740.599999999991
4486.999999999988
5351.79999999998
5009.099999999989
5049.899999999991
6750.199999999986
6816.099999999985
4648.299999999984
4306.399999999988
5667.699999999982
6917.199999999985
4915.699999999986
7095.09999999999
4821.1999999999925
4718.899999999984
5241.79999999998
7035.0999999999885
5038.899999999979
4890.69999999999
5069.599999999983
5222.599999999989
5542.39999999999
4726.5999999999785
5192.79999999999
7226.1999999999925
6972.399999999984
6879.599999999987
3752.899999999983
5851.099999999984
7149.199999999987
5478.199999999979
5391.099999999983
5723.799999999986
5323.499999999976
6717.999999999978
5933.999999999982
5805.899999999991
5389.79999999998
7051.399999999985
4668.19999999998
4857.69999999999
5079.799999999987
7004.599999999983
6186.399999999985
5496.999999999989
5115.099999999986
4187.399999999986
6569.9999999999845
4685.699999999987
4855.099999999993
6274.799999999987
6398.199999999987
6873.9999999999845
6021.299999999983
6414.799999999985
7117.799999999988
4702.49999999998
5802.499999999979
5461.799999999985
5403.599999999981
5990.199999999974
5486.599999999987
7333.999999999992
6046.29999999998
6364.999999999982
5866.29999999998
6068.499999999979
6354.69999999998
6341.299999999981
6530.39999999998
6281.3999999999805
4886.399999999986
5826.699999999987
4941.499999999988
5761.299999999982
7232.699999999991
5834.999999999979
5867.399999999986
6258.399999999979
6050.699999999978
5704.499999999984
6099.799999999988
6145.999999999977
6970.999999999984
6133.399999999981
6525.799999999986
7168.799999999991
6243.39999999998
6063.799999999985
5782.299999999981
6107.199999999987
5772.89999999999
6144.899999999987
5612.399999999986
5286.0999999999885
7171.199999999991
6122.399999999989
6119.499999999979
6384.399999999983
5844.699999999988
5793.399999999985
6090.199999999986
6218.499999999988
5368.499999999988
5941.999999999983
7211.599999999988
7071.399999999987
6931.199999999991
5926.899999999984
6649.799999999981
5504.99999999998
6437.79999999998
7141.399999999988
4842.99999999999
4977.5999999999885
6991.799999999985
5519.399999999987
5101.1999999999825
7167.599999999989
6121.599999999984
4337.399999999986
4015.3999999999924
6200.799999999989
5463.199999999995
6516.599999999988
4696.899999999988
6000.7999999999865
5139.499999999987
4849.899999999991
6351.799999999985
3994.099999999987
4079.7999999999956
5938.79999999999
5344.299999999989
6277.599999999988
5895.9999999999845
6523.099999999992
7237.399999999988
6323.799999999987
5296.499999999998
5141.799999999992
5654.199999999993
7034.599999999986
5655.299999999994
5689.2999999999865
6016.999999999988
5627.7999999999965
5848.499999999992
5720.199999999988
4058.0999999999963
5016.099999999996
5394.999999999992
6699.699999999988
5180.299999999992
5587.699999999989
5843.099999999986
5878.399999999986
6194.899999999989
5520.999999999993
7008.799999999988
6084.099999999987
4998.299999999987
7348.399999999991
5583.799999999987
5655.799999999989
7044.799999999985
6334.19999999998
6105.5999999999885
6608.799999999991
6061.39999999999
5997.4999999999845
6014.299999999983
6497.699999999987
6063.39999999999
6312.399999999989
6125.699999999977
6074.79999999998
5711.899999999986
6109.999999999982
7020.899999999985
6096.499999999977
5472.099999999989
6241.599999999982
6178.999999999981
6249.999999999981
5879.399999999986
6617.399999999989
6542.99999999998
6723.599999999981
6065.799999999983
5595.299999999987
5497.299999999983
6129.79999999998
6016.599999999981
6263.899999999986
7087.599999999993
5997.799999999987
5886.399999999981
6095.199999999981
6051.499999999984
5715.699999999986
4556.499999999987
6199.09999999998
5879.59999999998
5799.599999999985
6325.399999999976
6854.599999999982
6444.39999999999
5644.799999999988
6162.199999999978
6955.799999999986
6163.899999999978
5406.199999999986
4963.799999999986
5522.0999999999885
6123.399999999979
6561.79999999998
6356.599999999985
7065.8999999999905
6109.199999999983
6635.799999999984
5230.199999999984
4234.399999999984
4348.199999999992
5425.299999999985
6105.799999999984
5963.899999999983
3513.5999999999904
5242.999999999985
6798.399999999984
5044.399999999983
5004.59999999999
5713.199999999985
7102.999999999986
7108.399999999985
5712.599999999986
4878.399999999989
7139.399999999988
5700.399999999977
5654.299999999984
4469.699999999996
4790.09999999999
6115.69999999998
5587.099999999983
5862.699999999986
6870.099999999983
5337.799999999986
4963.299999999986
6378.999999999983
5299.799999999987
5555.8999999999905
5696.499999999986
5242.899999999987
4141.299999999989
5568.099999999985
7135.599999999987
6028.099999999982
6838.799999999988
6028.599999999985
5988.399999999981
4717.999999999987
5572.09999999998
7183.999999999987
6285.199999999986
5035.999999999992
6963.599999999985
5945.799999999979
5425.799999999987
7113.099999999991
6153.899999999985
5679.999999999984
6070.199999999984
5927.499999999988
5365.799999999987
5035.499999999992
7205.199999999991
6008.799999999983
4687.399999999987
6984.99999999999
5856.499999999977
5390.399999999979
5905.6999999999825
6325.499999999986
6264.699999999974
7185.5999999999885
5129.999999999987
6598.199999999988
7321.399999999991
6158.899999999978
6411.099999999985
5420.89999999999
5358.799999999981
6162.399999999981
6019.19999999998
5621.899999999981
5708.999999999981
5879.299999999988
5569.399999999982
5944.699999999982
4912.899999999987
5957.799999999985
6922.099999999994
5739.999999999986
6234.599999999981
6540.999999999978
7122.799999999991
5938.19999999998
6618.799999999984
6120.399999999983
6171.89999999998
5624.799999999977
6310.39999999998
7375.599999999993
4955.599999999989
5763.999999999986
6162.4999999999845
6916.799999999987
4903.899999999981
5865.899999999987
5813.699999999978
6020.799999999982
6133.699999999981
5999.69999999998
5069.199999999983
5654.599999999982
6588.999999999977
5606.599999999984
6881.099999999989
5556.399999999981
5093.399999999985
6078.099999999979
5610.2999999999765
5728.499999999982
5949.899999999983
6002.999999999974
5848.19999999998
6138.799999999982
7235.999999999989
6258.799999999974
5654.999999999983
5303.399999999988
4304.199999999992
5494.799999999981
5193.899999999984
5541.299999999981
5698.099999999981
6212.699999999974
5256.69999999998
5418.899999999982
5803.89999999998
5436.799999999981
5653.599999999983
6263.799999999983
5389.299999999982
6133.199999999981
6267.799999999974
6044.399999999975
6967.299999999989
5713.99999999998
5836.09999999998
6368.2999999999765
6109.099999999975
6166.699999999978
4610.299999999988
5943.79999999998
6250.099999999981
7178.399999999988
6036.1999999999825
6110.399999999982
6155.299999999978
5895.099999999986
6726.499999999985
5647.999999999982
5742.1999999999825
6077.4999999999745
6067.19999999998
5949.199999999981
5061.499999999982
5971.799999999979
7106.999999999987
6044.799999999982
5693.599999999983
6128.49999999998
6160.39999999998
6228.599999999975
5321.399999999985
6510.199999999987
6636.999999999981
7147.999999999988
5639.499999999979
5378.19999999999
5832.8999999999805
6054.899999999972
5292.599999999983
5614.599999999981
6220.999999999979
6193.299999999987
6034.0999999999785
6005.79999999998
5475.999999999982
5949.999999999982
5919.999999999985
5731.899999999983
5211.299999999982
5849.399999999981
7193.599999999988
6176.199999999974
6661.099999999987
5720.699999999984
5933.899999999975
6088.799999999976
7111.799999999989
7232.199999999989
5495.3999999999805
5372.199999999982
6149.499999999978
5944.699999999982
5305.7999999999865
6873.099999999991
6531.799999999979
5797.299999999978
5844.599999999979
5799.499999999986
5679.499999999983
5899.399999999989
6657.999999999981
6213.999999999982
5297.299999999983
5930.099999999982
5786.5999999999785
6427.299999999987
5586.999999999988
5574.899999999984
6127.39999999998
6211.599999999979
5955.999999999989
6043.699999999982
7092.79999999999
7081.199999999986
6571.199999999988
5266.199999999993
5570.4999999999845
5884.799999999991
6523.399999999989
6167.299999999981
7055.19999999999
6081.49999999999
5933.699999999989
6132.799999999983
6166.899999999989
5937.799999999991
5630.199999999985
5235.69999999999
5253.499999999988
4827.499999999986
6233.899999999981
6078.999999999979
6490.399999999987
5695.699999999987
6061.799999999983
5849.599999999991
6154.1999999999825
6999.599999999986
6374.799999999983
5040.199999999985
5840.499999999982
6099.799999999979
5843.599999999985
7033.299999999991
6215.999999999982
5775.0999999999885
6286.999999999987
6690.399999999987
5331.299999999996
5495.199999999982
6085.399999999989
6270.499999999984
5638.699999999986
6492.399999999983
6205.599999999982
5992.399999999982
5767.899999999994
6143.299999999984
6294.599999999986
6085.399999999983
5508.399999999992
5353.0999999999885
5255.599999999984
6626.999999999991
5586.299999999987
5203.999999999989
5666.199999999986
5573.899999999983
5682.999999999986
6330.799999999983
6107.299999999984
5830.799999999991
6247.79999999999
6673.399999999987
5480.599999999988
6216.399999999988
6131.099999999986
5322.999999999989
5813.0999999999885
5769.799999999985
7228.39999999999
5842.1999999999825
7193.199999999991
4836.999999999991
7128.599999999989
5929.999999999991
5246.099999999989
7313.5999999999885
5117.699999999992
5254.299999999989
7169.799999999986
5315.499999999981
5738.699999999991
5646.4999999999845
6056.999999999982
5537.299999999994
7206.29999999999
5683.699999999986
5177.199999999997
5689.299999999984
6753.999999999987
6691.1999999999825
5630.199999999986
5229.199999999992
5832.399999999988
4195.499999999984
5322.699999999986
6516.19999999998
6779.299999999985
5778.799999999981
4745.399999999993
5624.199999999986
5900.999999999981
6572.2999999999865
5233.299999999982
5716.89999999998
5478.699999999991
5895.199999999982
5573.999999999993
5514.69999999999
5674.799999999985
5443.199999999989
6505.899999999988
5064.5999999999885
5112.199999999989
5022.59999999998
5715.19999999999
5676.3999999999905
4610.699999999989
4946.299999999986
6721.399999999981
6330.299999999986
6161.4999999999845
6459.199999999989
6957.999999999991
5541.79999999999
4975.999999999992
6777.899999999985
5884.09999999999
4183.599999999987
4602.199999999986
5577.199999999984
5203.199999999985
7001.999999999988
5698.699999999986
5688.799999999985
6614.29999999999
4302.9999999999845
4254.899999999985
3805.89999999999
6846.999999999984
4612.399999999987
4743.89999999999
6844.999999999987
7122.199999999989
5783.999999999992
4049.999999999998
6087.599999999989
5343.799999999988
7046.399999999988
4848.099999999989
4323.299999999984
7344.999999999994
7090.199999999987
6837.599999999991
4296.399999999996
3316.399999999992
5094.399999999985
6042.699999999984
6704.899999999986
6618.399999999987
5038.8999999999905
5985.399999999988
5774.399999999987
5547.899999999991
5364.19999999999
5821.599999999992
5095.199999999992
5397.499999999984
6446.799999999988
6047.999999999983
6181.7999999999865
5921.999999999986
4923.799999999994
5970.599999999986
6156.099999999985
5856.099999999983
6289.799999999981
5275.799999999992
6038.499999999986
6135.599999999981
7137.399999999985
5842.899999999982
6885.99999999999
6128.499999999983
5547.59999999998
7212.599999999989
5353.199999999985
6162.199999999985
6138.399999999979
7128.199999999989
5518.399999999986
5465.699999999982
6662.5999999999885
5049.999999999986
6094.699999999976
5258.199999999992
6055.199999999978
7002.999999999993
6194.19999999998
4665.299999999985
6870.499999999987
6434.599999999981
7212.199999999988
5640.599999999981
5542.699999999992
4794.599999999994
6988.799999999986
5913.8999999999905
5905.199999999989
5851.399999999982
6136.999999999987
5890.599999999987
5598.399999999991
5174.99999999999
5605.599999999987
5519.39999999999
5602.699999999988
5032.99999999999
4830.099999999986
5007.1999999999825
5555.79999999999
6226.799999999987
5324.4999999999845
6079.199999999982
6068.499999999981
6194.799999999979
5433.6999999999825
5526.0999999999785
5954.999999999984
6894.199999999986
7170.199999999987
5949.199999999982
6825.499999999988
6179.499999999984
6033.999999999981
5942.699999999985
5644.8999999999805
5503.899999999991
5982.399999999987
6049.899999999978
6472.4999999999845
5354.499999999988
6981.799999999987
6235.59999999998
4963.19999999998
5540.999999999982
5636.299999999974
5503.399999999981
5117.299999999979
6194.399999999979
5831.599999999985
7216.999999999987
7126.399999999988
5863.199999999979
2761.499999999987
4527.299999999985
4448.199999999988
4825.899999999991
4461.49999999999
6576.799999999992
4440.49999999999
3485.199999999995
5827.2999999999965
2372.1000000000004
5895.299999999995
5692.299999999986
6731.3999999999905
6138.999999999987
4085.9999999999836
4942.399999999986
7088.39999999999
6714.399999999989
4251.399999999986
6839.999999999989
5581.699999999988
6639.599999999986
6575.5999999999885
5947.699999999987
4853.699999999983
6852.999999999988
6868.799999999985
5959.39999999999
5742.999999999993
5388.5999999999885
5207.699999999996
4576.199999999993
5376.299999999984
4125.5999999999885
6189.799999999986
7165.999999999992
5978.499999999987
5486.199999999984
6628.599999999985
7131.799999999991
5967.099999999982
6005.59999999999
6572.599999999986
6778.399999999986
6449.399999999979
5586.099999999986
6670.399999999989
6607.59999999998
5715.799999999979
4830.899999999983
4964.299999999987
4939.399999999988
7052.399999999994
5377.599999999981
5542.199999999986
5407.699999999983
5547.299999999983
6618.499999999984
5102.899999999983
4240.099999999989
6546.39999999999
5367.69999999998
5851.099999999989
4764.6999999999825
6449.599999999983
7209.599999999991
6842.599999999988
6038.099999999984
5060.9999999999845
6970.3999999999905
5666.3999999999805
5209.799999999978
7381.399999999992
4611.299999999991
5421.199999999983
5398.199999999977
6032.499999999984
5870.299999999983
6583.699999999986
7063.29999999999
5256.199999999989
5621.199999999986
5315.499999999987
5285.999999999987
5961.39999999998
6303.899999999983
5975.899999999984
4313.999999999994
6081.999999999985
7303.59999999999
5562.399999999985
6155.699999999986
6976.399999999986
7157.999999999988
6484.799999999991
5405.799999999994
6910.799999999992
5396.199999999986
6661.59999999999
4892.799999999992
4982.199999999984
4345.7999999999865
4501.099999999992
4849.899999999996
6850.299999999985
7045.199999999993
4945.399999999991
5889.299999999989
4485.399999999988
2586.2999999999943
6115.599999999986
4493.199999999991
2720.2999999999874
3610.9999999999914
2976.3999999999965
7113.7999999999865
5916.999999999989
3882.099999999986
689.5999999999951
6816.799999999984
1225.39999999999
3732.3999999999837
7359.999999999991
1491.4999999999923
817.3999999999915
2543.999999999986
3347.6999999999884
2686.7999999999975
3385.1999999999907
6146.999999999991
1219.8999999999983
3501.0999999999926
4747.199999999992
1179.4000000000033
2354.9999999999927
4190.599999999985
5388.399999999983
3890.199999999991
4315.899999999986
4628.199999999989
4627.399999999993
3634.6000000000054
5313.19999999999
5462.4999999999845
2508.5999999999904
5016.59999999999
5128.5999999999885
5684.999999999983
7341.399999999991
5231.999999999991
6303.499999999994
4615.7999999999965
5593.799999999987
4998.5999999999985
6455.399999999983
5732.799999999988
5555.7999999999865
5590.199999999984
6005.899999999982
5338.899999999987
5706.299999999984
6097.099999999985
5816.299999999985
5539.29999999999
5750.099999999986
5725.399999999982
6737.79999999998
6058.79999999999
5104.199999999982
6592.699999999982
5856.099999999976
5655.899999999984
7284.399999999992
6166.999999999984
4425.599999999986
6084.699999999982
5784.5999999999785
5408.499999999977
6169.599999999977
6046.199999999975
5800.999999999977
7139.59999999999
5722.2999999999765
5411.399999999982
6409.199999999976
5754.49999999998
5930.399999999978
5556.799999999978
5912.59999999998
6235.799999999977
6171.699999999979
5583.099999999983
6235.799999999979
5928.299999999979
7088.599999999989
5717.299999999981
6113.9999999999845
6729.099999999981
6912.199999999983
6090.299999999984
4813.799999999988
5653.299999999979
7016.199999999989
6058.399999999986
6115.79999999998
6770.599999999989
7171.29999999999
5858.199999999987
6009.599999999981
5123.299999999987
5893.899999999982
5813.8999999999805
6115.69999999998
5402.69999999998
5679.9999999999745
7285.399999999993
5612.799999999982
6911.899999999985
4960.199999999976
6038.199999999974
5943.699999999977
6204.599999999983
7126.399999999985
5394.8999999999805
6161.899999999975
6238.199999999977
6352.799999999977
7144.999999999993
6659.999999999978
6282.199999999971
6022.499999999983
5816.899999999979
5798.799999999986
5802.199999999986
6003.999999999975
6185.69999999998
6048.599999999979
5424.69999999998
6832.999999999987
5790.299999999978
6202.5999999999785
5191.499999999985
6094.0999999999785
6146.199999999982
6094.199999999974
5573.599999999984
5987.299999999986
7240.599999999989
7291.3999999999905
6011.599999999974
5644.4999999999845
5528.699999999984
6207.399999999981
5873.999999999979
5811.599999999987
5797.499999999987
6017.099999999989
5804.399999999983
5864.599999999983
4829.699999999989
5452.999999999987
5814.599999999984
6221.69999999998
5506.699999999985
5979.299999999984
6261.199999999977
6190.399999999982
6643.3999999999805
5434.399999999986
6114.199999999976
5939.299999999977
5992.899999999978
7154.999999999988
5546.399999999988
5484.599999999995
6011.19999999998
6202.399999999977
5883.799999999986
6042.799999999983
5697.599999999983
6163.399999999981
6293.599999999985
5289.499999999988
4649.299999999987
5523.799999999986
5861.299999999983
5680.799999999979
5255.199999999983
6281.799999999978
5938.999999999984
5900.399999999981
5385.899999999987
6186.799999999983
6157.099999999981
6061.399999999975
5831.999999999986
5952.799999999983
6157.699999999983
6920.599999999982
5876.799999999984
5544.899999999988
5351.999999999994
6991.799999999987
5027.1999999999825
5793.999999999985
6072.599999999986
6851.999999999985
5964.999999999984
5531.2999999999865
5876.999999999986
5114.599999999986
5673.699999999989
6080.599999999979
5961.199999999986
5524.599999999982
6268.399999999978
6166.199999999987
6971.999999999986
5202.399999999989
5630.69999999999
6152.799999999986
6178.399999999984
6058.799999999982
5773.399999999988
7250.199999999989
6797.199999999983
6288.199999999984
5884.699999999984
6034.199999999989
6289.599999999982
5922.199999999989
