-29806.0
-26534.0
-32811.0
-25160.0
-24842.0
-18926.0
-27813.0
-19433.0
-26857.0
-24312.0
-24542.0
-24290.0
-21583.0
-15241.0
-20689.0
-29658.0
-19048.0
-22983.0
-27989.0
-28640.0
-27703.0
-20346.0
-21855.0
-20173.0
-27713.0
-20376.0
-19508.0
-26436.0
-26243.0
-18710.0
-37465.0
-28120.0
-19621.0
-20359.0
-15055.0
-14708.0
-15310.0
-27196.0
-17402.0
-20637.0
-26973.0
-12917.0
-21988.0
-35367.0
-12087.0
-20522.0
-17847.0
-16885.0
-20177.0
-23328.0
-18114.0
-22943.0
-20856.0
-18172.0
-16375.0
-17175.0
-22350.0
-22923.0
-15035.0
-19576.0
-26536.0
-17995.0
-18836.0
-17791.0
-21888.0
-22560.0
-13754.0
-13323.0
-24505.0
-28845.0
-19162.0
-18684.0
-23096.0
-37684.0
-21027.0
-25844.0
-25794.0
-18165.0
-21579.0
-31823.0
-19833.0
-26863.0
-30363.0
-16153.0
-10578.0
-19266.0
-23812.0
-19077.0
-17435.0
-17584.0
-18271.0
-15214.0
-20699.0
-21002.0
-18294.0
-21576.0
-18808.0
-19515.0
-18682.0
-15656.0
-25570.0
-18836.0
-30296.0
-18029.0
-26846.0
-17962.0
-23932.0
-9623.0
-27105.0
-13458.0
-16643.0
-18036.0
-15011.0
-11800.0
-28408.0
-25737.0
-16376.0
-16047.0
-18128.0
-26723.0
-17990.0
-18583.0
-23533.0
-21502.0
-13622.0
-17162.0
-20367.0
-14650.0
-20410.0
-24461.0
-18073.0
-29459.0
-26799.0
-20107.0
-17371.0
-13551.0
-22930.0
-22401.0
-12832.0
-14186.0
-19565.0
-15305.0
-19988.0
-22001.0
-13069.0
-17226.0
-21541.0
-19438.0
-20747.0
-20613.0
-21776.0
-22704.0
-26192.0
-13911.0
-14392.0
-18242.0
-20760.0
-14353.0
-22555.0
-16370.0
-12847.0
-13950.0
-15792.0
-11258.0
-16729.0
-29595.0
-12702.0
-20516.0
-16280.0
-24773.0
-18525.0
-20904.0
-14292.0
-17423.0
-21558.0
-13557.0
-18110.0
-11599.0
-22382.0
-17909.0
-13342.0
-16922.0
-23249.0
-15116.0
-14337.0
-6874.0
-23062.0
-16564.0
-8712.0
-11735.0
-10026.0
-14621.0
-20932.0
-28370.0
-14761.0
-12729.0
-27777.0
-20576.0
-13244.0
-16221.0
-19912.0
-26023.0
-23750.0
-21418.0
-12044.0
-18272.0
-22059.0
-22659.0
-19604.0
-20915.0
-15596.0
-11604.0
-12074.0
-17510.0
-19766.0
-33793.0
-18997.0
-10072.0
-21777.0
-19449.0
-11451.0
-15787.0
-17281.0
-15481.0
-18472.0
-19710.0
-20978.0
-20574.0
-19941.0
-27061.0
-24249.0
-16024.0
-18322.0
-13322.0
-14205.0
-15438.0
-22995.0
-20040.0
-11356.0
-17415.0
-9602.0
-16612.0
-25605.0
-22364.0
-10627.0
-15686.0
-24582.0
-17671.0
-8930.0
-18718.0
-18448.0
-17475.0
-23724.0
-16182.0
-19417.0
-14515.0
-8846.0
-20775.0
-13079.0
-9395.0
-18977.0
-19215.0
-16837.0
-12907.0
-16235.0
-20026.0
-10088.0
-9377.0
-17561.0
-25852.0
-13077.0
-15743.0
-17399.0
-13593.0
-23357.0
-17536.0
-18028.0
-11229.0
-25416.0
-13120.0
-22692.0
-20652.0
-20450.0
-14676.0
-8452.0
-10118.0
-15549.0
-16876.0
-8632.0
-15260.0
-9193.0
-10482.0
-15600.0
-16160.0
-11424.0
-12717.0
-11246.0
-12340.0
-9706.0
-13543.0
-19448.0
-17996.0
-28626.0
-20893.0
-12173.0
-11164.0
-12462.0
-9612.0
-6191.0
-12094.0
-20700.0
-6884.0
-9137.0
-8711.0
-17795.0
-24918.0
-11919.0
-14004.0
-12035.0
-13366.0
-16257.0
-15102.0
-16843.0
-13132.0
-10977.0
-14529.0
-8824.0
-7707.0
-24649.0
-16047.0
-14119.0
-12413.0
-17752.0
-10017.0
-6516.0
-8936.0
-16492.0
-11797.0
-8243.0
-15012.0
-10923.0
-8191.0
-13333.0
-17483.0
-10647.0
-10171.0
-17310.0
-15185.0
-14213.0
-12481.0
-16490.0
-15077.0
-18710.0
-11713.0
-13208.0
-9280.0
-12964.0
-19046.0
-15511.0
-9214.0
-18708.0
-11903.0
-7315.0
-15147.0
-12118.0
-24826.0
-9139.0
-7753.0
-18928.0
-22846.0
-17045.0
-18506.0
-14825.0
-10262.0
-7398.0
-20093.0
-15955.0
-12235.0
-20856.0
-9008.0
-14839.0
-15893.0
-21058.0
-15540.0
-5657.0
-5943.0
-17879.0
-12401.0
-11044.0
-10154.0
-9204.0
-7065.0
-11003.0
-19603.0
-6366.0
-12147.0
-9851.0
-20204.0
-8402.0
-14859.0
-7783.0
-11606.0
-20956.0
-8535.0
-10863.0
-10348.0
-7465.0
-18668.0
-9250.0
-10195.0
-16300.0
-9350.0
-8682.0
-10795.0
-14540.0
-24677.0
-8121.0
-10751.0
-20073.0
-19503.0
-12956.0
-16197.0
-17397.0
-10334.0
-12906.0
-11956.0
-13989.0
-5858.0
-17162.0
-15939.0
-13947.0
-18319.0
-14867.0
-7468.0
-5585.0
-10768.0
-20498.0
-7145.0
-6054.0
-17418.0
-7925.0
-13385.0
-11726.0
-13028.0
-8917.0
-13330.0
-21191.0
-10507.0
-8313.0
-15618.0
-15685.0
-15544.0
-18804.0
-15927.0
-7369.0
-7901.0
-10634.0
-17346.0
-14578.0
-10700.0
-15690.0
-7950.0
-7432.0
-14344.0
-16079.0
-26385.0
-5901.0
-9628.0
-10124.0
-11860.0
-18082.0
-24438.0
-8461.0
-13037.0
-5710.0
-12383.0
-8961.0
-7921.0
-16273.0
-16481.0
-15533.0
-23044.0
-14371.0
-5682.0
-6056.0
-11167.0
-24077.0
-11451.0
-6333.0
-16112.0
-6894.0
-5447.0
-11962.0
-9523.0
-8201.0
-11486.0
-12769.0
-18979.0
-4699.0
-10760.0
-10256.0
-7643.0
-26784.0
-8127.0
-13646.0
-4999.0
-9757.0
-12444.0
-9322.0
-6433.0
-7793.0
-4620.0
-4702.0
-5386.0
-8667.0
-12318.0
-6370.0
-6916.0
-15217.0
-12304.0
-14431.0
-5615.0
-12607.0
-5200.0
-5702.0
-10358.0
-8005.0
-3779.0
-12350.0
-11700.0
-9324.0
-19585.0
-15346.0
-5706.0
-4394.0
-5129.0
-12654.0
-9566.0
-4309.0
-9577.0
-3625.0
-4882.0
-10353.0
-15391.0
-4368.0
-9577.0
-13699.0
-8562.0
-5478.0
-9155.0
-8677.0
-11305.0
-32183.0
-12947.0
-7843.0
-5064.0
-10189.0
-9923.0
-7216.0
-6011.0
-11968.0
-5126.0
-7552.0
-9936.0
-8875.0
-10993.0
-7536.0
-6437.0
-12019.0
-9940.0
-12107.0
-9912.0
-8568.0
-7884.0
-3861.0
-9220.0
-6661.0
-5855.0
-13954.0
-8002.0
-10104.0
-6730.0
-11307.0
-11124.0
-4639.0
-5985.0
-14486.0
-6651.0
-3283.0
-6577.0
-4206.0
-5051.0
-10649.0
-15531.0
-4052.0
-7618.0
-15341.0
-10123.0
-3587.0
-10675.0
-10310.0
-7922.0
-19754.0
-4360.0
-6043.0
-6552.0
-11144.0
-15759.0
-4043.0
-5475.0
-8631.0
-4794.0
-4835.0
-8180.0
-4596.0
-17594.0
-3210.0
-4470.0
-12123.0
-17000.0
-14314.0
-4524.0
-9390.0
-5752.0
-4985.0
-5297.0
-9982.0
-4984.0
-13425.0
-6716.0
-7184.0
-18327.0
-8323.0
-6856.0
-3716.0
-12476.0
-15308.0
-6912.0
-7195.0
-7785.0
-6091.0
-8347.0
-8322.0
-13130.0
-8283.0
-5957.0
-6096.0
-8274.0
-6227.0
-5799.0
-6787.0
-4860.0
-24133.0
-5847.0
-6685.0
-5296.0
-9558.0
-4837.0
-12556.0
-3770.0
-7810.0
-3721.0
-4350.0
-4756.0
-10423.0
-16784.0
-4038.0
-5859.0
-7207.0
-13834.0
-7543.0
-10434.0
-4540.0
-13168.0
-8677.0
-12193.0
-8051.0
-6314.0
-11952.0
-20059.0
-10709.0
-7281.0
-11324.0
-5729.0
-5773.0
-5902.0
-5846.0
-10606.0
-8881.0
-8221.0
-5072.0
-6191.0
-13837.0
-12381.0
-3417.0
-5181.0
-6341.0
-7158.0
-4346.0
-10893.0
-12944.0
-4690.0
-8344.0
-6447.0
-4400.0
-7337.0
-7572.0
-5818.0
-4899.0
-6729.0
-11532.0
-4611.0
-3883.0
-7513.0
-10562.0
-7120.0
-3043.0
-3002.0
-9880.0
-17973.0
-8705.0
-12034.0
-5565.0
-4976.0
-5133.0
-6936.0
-9954.0
-3673.0
-4400.0
-15264.0
-5424.0
-10908.0
-12513.0
-6953.0
-5008.0
-4091.0
-10861.0
-12377.0
-9420.0
-4193.0
-3294.0
-3489.0
-6222.0
-10185.0
-4027.0
-3855.0
-8601.0
-5604.0
-4012.0
-7296.0
-5392.0
-4312.0
-8557.0
-5767.0
-4254.0
-8019.0
-8132.0
-6986.0
-3495.0
-3688.0
-11457.0
-4845.0
-4855.0
-4188.0
-5687.0
-14991.0
-3079.0
-3340.0
-5312.0
-6211.0
-9597.0
-3140.0
-4199.0
-3746.0
-3866.0
-4653.0
-5708.0
-3453.0
-6132.0
-7927.0
-8339.0
-6408.0
-12960.0
-4977.0
-4391.0
-3777.0
-13610.0
-15597.0
-4993.0
-4620.0
-3220.0
-3171.0
-4551.0
-6878.0
-3110.0
-3355.0
-3553.0
-5557.0
-5924.0
-7484.0
-5089.0
-11088.0
-18828.0
-3854.0
-3024.0
-4438.0
-7268.0
-3763.0
-4652.0
-4237.0
-13233.0
-4615.0
-4005.0
-4292.0
-5532.0
-7508.0
-5667.0
-4579.0
-4034.0
-5150.0
-11450.0
-3556.0
-4572.0
-3446.0
-4005.0
-6205.0
-5970.0
-3361.0
-6483.0
-6778.0
-9231.0
-8830.0
-15153.0
-4412.0
-3122.0
-5108.0
-6093.0
-9642.0
-8379.0
-3885.0
-3409.0
-2979.0
-4333.0
-7338.0
-3572.0
-4190.0
-5838.0
-4252.0
-5198.0
-3846.0
-5042.0
-3585.0
-13538.0
-3633.0
-2722.0
-4676.0
-12394.0
-3703.0
-3756.0
-4942.0
-6988.0
-3746.0
-2945.0
-3062.0
-5983.0
-8613.0
-3001.0
-4131.0
-4949.0
-8938.0
-13634.0
-5527.0
-4034.0
-5972.0
-7935.0
-10778.0
-3418.0
-5857.0
-12473.0
-10014.0
-7142.0
-12410.0
-6095.0
-8260.0
-2779.0
-3052.0
-11575.0
-7058.0
-2916.0
-3482.0
-3212.0
-5589.0
-9002.0
-7707.0
-3266.0
-7231.0
-8021.0
-5069.0
-3458.0
-7000.0
-7521.0
-8344.0
-8036.0
-7221.0
-2697.0
-2861.0
-7901.0
-3825.0
-15790.0
-3014.0
-14376.0
-3665.0
-3363.0
-5654.0
-9727.0
-9881.0
-4194.0
-5599.0
-5557.0
-6081.0
-7317.0
-3085.0
-4512.0
-3659.0
-5780.0
-11192.0
-3637.0
-3642.0
-20930.0
-6685.0
-6541.0
-9198.0
-4593.0
-5313.0
-3201.0
-2922.0
-7412.0
-4042.0
-3152.0
-3861.0
-3883.0
-2742.0
-6380.0
-9285.0
-4810.0
-2739.0
-3974.0
-7906.0
-2649.0
-3646.0
-12843.0
-3435.0
-10417.0
-12131.0
-7111.0
-2850.0
-7302.0
-4202.0
-2603.0
-5552.0
-7094.0
-2762.0
-2745.0
-3618.0
-6274.0
-4536.0
-2693.0
-2735.0
-5167.0
-6850.0
-6027.0
-3573.0
-3742.0
-4194.0
-2911.0
-5849.0
-3374.0
-3134.0
-5567.0
-3937.0
-5791.0
-9535.0
-3023.0
-3936.0
-3440.0
-2762.0
-7243.0
-6990.0
-4379.0
-4311.0
-4711.0
-2729.0
-5837.0
-3941.0
-3218.0
-2547.0
-4442.0
-3860.0
-3825.0
-9179.0
-6621.0
-3491.0
-8619.0
-3956.0
-7576.0
-2905.0
-10027.0
-7966.0
-2695.0
-4950.0
-5290.0
-4856.0
-3724.0
-3533.0
-3764.0
-14385.0
-3171.0
-3359.0
-7514.0
-7537.0
-4488.0
-3560.0
-2803.0
-4393.0
-3201.0
-5719.0
-3199.0
-4542.0
-9362.0
-4908.0
-5330.0
-7806.0
-4143.0
-2910.0
-2704.0
-3237.0
-5078.0
-7278.0
-3214.0
-2658.0
-3210.0
-3635.0
-7540.0
-9367.0
-2903.0
-6394.0
-5250.0
-6766.0
-2938.0
-3255.0
-3891.0
-5926.0
-7806.0
-3375.0
-4625.0
-4041.0
-5437.0
-4577.0
-2928.0
-4095.0
-5877.0
-2922.0
-3020.0
-2961.0
-6748.0
-6529.0
-3433.0
-2548.0
-5637.0
-7147.0
-9143.0
-3035.0
-2907.0
-3865.0
-2953.0
-5213.0
-3277.0
-3106.0
-8800.0
-6545.0
-7166.0
-3935.0
-4306.0
-5047.0
-2678.0
-2891.0
-4277.0
-6327.0
-4131.0
-2951.0
-4970.0
-2920.0
-4155.0
-3046.0
-2714.0
-2872.0
-8380.0
-3333.0
-3029.0
-5249.0
-5967.0
-4397.0
-12843.0
-3886.0
-3412.0
-3522.0
-3922.0
-2842.0
-2700.0
-3828.0
-7762.0
-3077.0
-2578.0
-2770.0
-3387.0
-6651.0
-2290.0
-2824.0
-3659.0
-5395.0
-6514.0
-2784.0
-4368.0
-3835.0
-3243.0
-3239.0
-3078.0
-3063.0
-5432.0
-9404.0
-6153.0
-3633.0
-3061.0
-3180.0
-2910.0
-3536.0
-6510.0
-3075.0
-3273.0
-2506.0
-2919.0
-2766.0
-6806.0
-3385.0
-3144.0
-3150.0
-3380.0
-5069.0
-2596.0
-3258.0
-4660.0
-4773.0
-5166.0
-2520.0
-2832.0
-2734.0
-5263.0
-2909.0
-2633.0
-3511.0
-5479.0
-2851.0
-2668.0
-2654.0
-3063.0
-5204.0
-3071.0
-2488.0
-7340.0
-4958.0
-7536.0
-2767.0
-2822.0
-3952.0
-2704.0
-3322.0
-11081.0
-3218.0
-3342.0
-4289.0
-5835.0
-6054.0
-5853.0
-2630.0
-2839.0
-2541.0
-4195.0
-5432.0
-2642.0
-2606.0
-3367.0
-2545.0
-3784.0
-3862.0
-2641.0
-2493.0
-3828.0
-3959.0
-2575.0
-3277.0
-3756.0
-4043.0
-4423.0
-2538.0
-2882.0
-2563.0
-5001.0
-4147.0
-2495.0
-2818.0
-4187.0
-2692.0
-2410.0
-2626.0
-3032.0
-4624.0
-2400.0
-2479.0
-3569.0
-6156.0
-7579.0
-2779.0
-2866.0
-2637.0
-2585.0
-8351.0
-2627.0
-2431.0
-4414.0
-3974.0
-5419.0
-3385.0
-3147.0
-3455.0
-2717.0
-6701.0
-3685.0
-9242.0
-2963.0
-5033.0
-2544.0
-2602.0
-5135.0
-3467.0
-2636.0
-2474.0
-3334.0
-5419.0
-2491.0
-3200.0
-3445.0
-6985.0
-8551.0
-2784.0
-2376.0
-2619.0
-4348.0
-2822.0
-2506.0
-6006.0
-4812.0
-2542.0
-2750.0
-2646.0
-3185.0
-6208.0
-2669.0
-2359.0
-4114.0
-3993.0
-10164.0
-2719.0
-2860.0
-2549.0
-2435.0
-6398.0
-3020.0
-2684.0
-6217.0
-3811.0
-4580.0
-2798.0
-3177.0
-2745.0
-2473.0
-2483.0
-4639.0
-9396.0
-2873.0
-10551.0
-2418.0
-2435.0
-4604.0
-3312.0
-2725.0
-2647.0
-2683.0
-3306.0
-3535.0
-2695.0
-7847.0
-2821.0
-5525.0
-6569.0
-3955.0
-2341.0
-6463.0
-2683.0
-2883.0
-2620.0
-3873.0
-2587.0
-3045.0
-2891.0
-2947.0
-5908.0
-2704.0
-2340.0
-3177.0
-4576.0
-2948.0
-3421.0
-2814.0
-2698.0
-2765.0
-5330.0
-2527.0
-2792.0
-3106.0
-3412.0
-5190.0
-3933.0
-3014.0
-2714.0
-2418.0
-2457.0
-7878.0
-2840.0
-2556.0
-2879.0
-4364.0
-2326.0
-3277.0
-3380.0
-2513.0
-2576.0
-2710.0
-3069.0
-2381.0
-2806.0
-6362.0
-2975.0
-4156.0
-2494.0
-2370.0
-2462.0
-4767.0
-3322.0
-2652.0
-2891.0
-3221.0
-2560.0
-2810.0
-2601.0
-2850.0
-3930.0
-2373.0
-2307.0
-3523.0
-3062.0
-4728.0
-3061.0
-2825.0
-3782.0
-2399.0
-5910.0
-3011.0
-2763.0
-4717.0
-4403.0
-3439.0
-3266.0
-4268.0
-2858.0
-2256.0
-2844.0
-2991.0
-2953.0
-2342.0
-2609.0
-2430.0
-2546.0
-2814.0
-3286.0
-2498.0
-2228.0
-2910.0
-3590.0
-2622.0
-3062.0
-3404.0
-8443.0
-4889.0
-2927.0
-3452.0
-2633.0
-3236.0
-2835.0
-2542.0
-2646.0
-10985.0
-3053.0
-2405.0
-2629.0
-4991.0
-3543.0
-2339.0
-3431.0
-3291.0
-4603.0
-3156.0
-2479.0
-2972.0
-2910.0
-2444.0
-3262.0
-6176.0
-10116.0
-3845.0
-3004.0
-3942.0
-3571.0
-3097.0
-2929.0
-2532.0
-3163.0
-3452.0
-4300.0
-2552.0
-3288.0
-5187.0
-2318.0
-2984.0
-3483.0
-2396.0
-3086.0
-3221.0
-3584.0
-2445.0
-2658.0
-5714.0
-2605.0
-3424.0
-2346.0
-3114.0
-2369.0
-3453.0
-3636.0
-2510.0
-3115.0
-3830.0
-2335.0
-2390.0
-2489.0
-2985.0
-3634.0
-2330.0
-2295.0
-3242.0
-3141.0
-2776.0
-2522.0
-4512.0
-2434.0
-2445.0
-3480.0
-2674.0
-2371.0
-3698.0
-3407.0
-4246.0
-3610.0
-3265.0
-3012.0
-2423.0
-2448.0
-2750.0
-3066.0
-2352.0
-3379.0
-2496.0
-2428.0
-3224.0
-2689.0
-2310.0
-2469.0
-2827.0
-2892.0
-2387.0
-3085.0
-3365.0
-3191.0
-3579.0
-2471.0
-2579.0
-2312.0
-3563.0
-2695.0
-3531.0
-2365.0
-3059.0
-2852.0
-2392.0
-2458.0
-4847.0
-5351.0
-2320.0
-2580.0
-2844.0
-3219.0
-2938.0
-2536.0
-2658.0
-2626.0
-2575.0
-5509.0
-2529.0
-2482.0
-27744.0
-2936.0
-5490.0
-4409.0
-6656.0
-3295.0
-2571.0
-2369.0
-3778.0
-3061.0
-2405.0
-2544.0
-3335.0
-2347.0
-3069.0
-2934.0
-2314.0
-2336.0
-2832.0
-3158.0
-2318.0
-4081.0
-5051.0
-9440.0
-5653.0
-2453.0
-7035.0
-2446.0
-4502.0
-2835.0
-2306.0
-2608.0
-4342.0
-2666.0
-2795.0
-2406.0
-2827.0
-3998.0
-17598.0
-2387.0
-3207.0
-3134.0
-7925.0
-2616.0
-2788.0
-2739.0
-2478.0
-9725.0
-4669.0
-2459.0
-12297.0
-3136.0
-6532.0
-28330.0
-4624.0
-2458.0
-2393.0
-2478.0
-2891.0
-3180.0
-2572.0
-2556.0
-2425.0
-2394.0
-2982.0
-3337.0
-2444.0
-2388.0
-5367.0
-3172.0
-2462.0
-3079.0
-4833.0
-2641.0
-8197.0
-3982.0
-2520.0
-2537.0
-7723.0
-2798.0
-2676.0
-2963.0
-3070.0
-2510.0
-2335.0
-2927.0
-2565.0
-3586.0
-2384.0
-2354.0
-3102.0
-3300.0
-3406.0
-2448.0
-2584.0
-2463.0
-2562.0
-8255.0
-3346.0
-2514.0
-17263.0
-2944.0
-8645.0
-4905.0
-2594.0
-2417.0
-2250.0
-2335.0
-2910.0
-6502.0
-2579.0
-2404.0
-4707.0
-2466.0
-2762.0
-2997.0
-2506.0
-2286.0
-2838.0
-7432.0
-2315.0
-2692.0
-4512.0
-2730.0
-3652.0
-2844.0
-2439.0
-2565.0
-4665.0
-2516.0
-3622.0
-3159.0
-3102.0
-2950.0
-2282.0
-2351.0
-2748.0
-3683.0
-3327.0
-2496.0
-4128.0
-3056.0
-7017.0
-2391.0
-2396.0
-2533.0
-2343.0
-3394.0
-2502.0
-2458.0
-22166.0
-2731.0
-8497.0
-4134.0
-2867.0
-2578.0
-2323.0
-2387.0
-4016.0
-2682.0
-3082.0
-2322.0
-3134.0
-2434.0
-2680.0
-9754.0
-2243.0
-2333.0
-2793.0
-3372.0
-2413.0
-2647.0
-6073.0
-2782.0
-10142.0
-2479.0
-7385.0
-2402.0
-3592.0
-2682.0
-2431.0
-2516.0
-3100.0
-2454.0
-2318.0
-2340.0
-2789.0
-4760.0
-2391.0
-2300.0
-3317.0
-3017.0
-3263.0
-3231.0
-2724.0
-2586.0
-2586.0
-3505.0
-3514.0
-2427.0
-3130.0
-3293.0
-4109.0
-4164.0
-2711.0
-2568.0
-2394.0
-2355.0
-3718.0
-7412.0
-2427.0
-2435.0
-2498.0
-2292.0
-2792.0
-2863.0
-2425.0
-2454.0
-5455.0
-3391.0
-2393.0
-2737.0
-3311.0
-2664.0
-6760.0
-2541.0
-2437.0
-2460.0
-3935.0
-2538.0
-2328.0
-2515.0
-3376.0
-2582.0
-2343.0
-2678.0
-3215.0
-4164.0
-2578.0
-2374.0
-3271.0
-2858.0
-3091.0
-2416.0
-3520.0
-2454.0
-2461.0
-3623.0
-2586.0
-2512.0
-4766.0
-3025.0
-4673.0
-2945.0
-6195.0
-2576.0
-2477.0
-4416.0
-2899.0
-2539.0
-2603.0
-6426.0
-2554.0
-2344.0
-3395.0
-3330.0
-2398.0
-2489.0
-3072.0
-3209.0
-2406.0
-2736.0
-3428.0
-3066.0
-3641.0
-2359.0
-2498.0
-2427.0
-3651.0
-3373.0
-2344.0
-2639.0
-2757.0
-5445.0
-2429.0
-2396.0
-2556.0
-3238.0
-2613.0
-2367.0
-3252.0
-2879.0
-2876.0
-3383.0
-3348.0
-2410.0
-2400.0
-3313.0
-2674.0
-2509.0
-4093.0
-2585.0
-3652.0
-4031.0
-8879.0
-2661.0
-2310.0
-2326.0
-2590.0
-2576.0
-2418.0
-2468.0
-2533.0
-2304.0
-5401.0
-3205.0
-2304.0
-2349.0
-2849.0
-2909.0
-2416.0
-2702.0
-3099.0
-2565.0
-6453.0
-2934.0
-2410.0
-2482.0
-3411.0
-2724.0
-2408.0
-2371.0
-2715.0
-2401.0
-2347.0
-2274.0
-2832.0
-3182.0
-2357.0
-2374.0
-2613.0
-2694.0
-2946.0
-2487.0
-2448.0
-3014.0
-2455.0
-3519.0
-2670.0
-2364.0
-3681.0
-2613.0
-3907.0
-3150.0
-2775.0
-2508.0
-2342.0
-2442.0
-3019.0
-3428.0
-2414.0
-2354.0
-2287.0
-2475.0
-2790.0
-2845.0
-2387.0
-2373.0
-8004.0
-2710.0
-2465.0
-2699.0
-3325.0
-2551.0
-3208.0
-2509.0
-2667.0
-2441.0
-4626.0
-2476.0
-10445.0
-2484.0
-2787.0
-2493.0
-2317.0
-2482.0
-2774.0
-3933.0
-2273.0
-2347.0
-2718.0
-13210.0
-2819.0
-2452.0
-2612.0
-2799.0
-2445.0
-3153.0
-2458.0
-2439.0
-3482.0
-2621.0
-12477.0
-2707.0
-2827.0
-2635.0
-2403.0
-2400.0
-3071.0
-2547.0
-2464.0
-2456.0
-2391.0
-2215.0
-2744.0
-2654.0
-2368.0
-9986.0
-12933.0
-3099.0
-2436.0
-2698.0
-3157.0
-2848.0
-3215.0
-2466.0
-2445.0
-2402.0
-3456.0
-2650.0
-10192.0
-11071.0
-2889.0
-2588.0
-2421.0
-2376.0
-2778.0
-3709.0
-2332.0
-3061.0
-2877.0
-2861.0
-2826.0
-2641.0
-2564.0
-2492.0
-2511.0
-4509.0
-2460.0
-2425.0
-2845.0
-2902.0
-4719.0
-3251.0
-2811.0
-2505.0
-2329.0
-2306.0
-3020.0
-2589.0
-2376.0
-2416.0
-2395.0
-2344.0
-2638.0
-2657.0
-2318.0
-2431.0
-2718.0
-13574.0
-2363.0
-11725.0
-3556.0
-2673.0
-3022.0
-2513.0
-2407.0
-2457.0
-3203.0
-2720.0
-2455.0
-2484.0
-2727.0
-2346.0
-2325.0
-2359.0
-3382.0
-3009.0
-2346.0
-2423.0
-2692.0
-5020.0
-2932.0
-2813.0
-5917.0
-2358.0
-2569.0
-3348.0
-2564.0
-2424.0
-8224.0
-2681.0
-12746.0
-3520.0
-2609.0
-2471.0
-2360.0
-2871.0
-4324.0
-2826.0
-2372.0
-4374.0
-2370.0
-2330.0
-7372.0
-2798.0
-2375.0
-3384.0
-2900.0
-2857.0
-2339.0
-4298.0
-3783.0
-2577.0
-3245.0
-2372.0
-2453.0
-2330.0
-3879.0
-2822.0
-2363.0
-2555.0
-2990.0
-2450.0
-2371.0
-2448.0
-2768.0
-2594.0
-2357.0
-2340.0
-2690.0
-2789.0
-2904.0
-2431.0
-2549.0
-2778.0
-2456.0
-3342.0
-2655.0
-2412.0
-3032.0
-2677.0
-4449.0
-3476.0
-2802.0
-2471.0
-2604.0
-2464.0
-2571.0
-2617.0
-2342.0
-2435.0
-2341.0
-2366.0
-2727.0
-2606.0
-2385.0
-2614.0
-2649.0
-2613.0
-2347.0
-14543.0
-3136.0
-2713.0
-2864.0
-2399.0
-2422.0
-2326.0
-3459.0
-2519.0
-2374.0
-2507.0
-2701.0
-2423.0
-2308.0
-2382.0
-2893.0
-2980.0
-2364.0
-2293.0
-2847.0
-3389.0
-2749.0
-2446.0
-2524.0
-2357.0
-2671.0
-3039.0
-2835.0
-2381.0
-4760.0
-2760.0
-4233.0
-3104.0
-6005.0
-2459.0
-3006.0
-2306.0
-3186.0
-2622.0
-2453.0
-2391.0
-2362.0
-2127.0
-2599.0
-2772.0
-2344.0
-2332.0
-3485.0
-2875.0
-2335.0
-2692.0
-3184.0
-2434.0
-3083.0
-2543.0
-2489.0
-2443.0
-3277.0
-2735.0
-2488.0
-2649.0
-2684.0
-2376.0
-2323.0
-2384.0
-2897.0
-3154.0
-2431.0
-2363.0
-3040.0
-2674.0
-3060.0
-2480.0
-2613.0
-2530.0
-2569.0
-3229.0
-2958.0
-2383.0
-3271.0
-2631.0
-3346.0
-2885.0
-2620.0
-2425.0
-2302.0
-2446.0
-3117.0
-2546.0
-2385.0
-2388.0
-2387.0
-2275.0
-2637.0
-2739.0
-2304.0
-2323.0
-3157.0
-2798.0
-2381.0
-2906.0
-3085.0
-2699.0
-3013.0
-2411.0
-2370.0
-2412.0
-3673.0
-2657.0
-2402.0
-2522.0
-2709.0
-2332.0
-2255.0
-2319.0
-2889.0
-2975.0
-2338.0
-2464.0
-3070.0
-3164.0
-3126.0
-2509.0
-2522.0
-2535.0
-2481.0
-3110.0
-2418.0
-2356.0
-3443.0
-3029.0
-3948.0
-3077.0
-2519.0
-2491.0
-2478.0
-2291.0
-3150.0
-2565.0
-2403.0
-2550.0
-2550.0
-2397.0
-2879.0
-2729.0
-2352.0
-2350.0
-2597.0
-12672.0
-2352.0
-2608.0
-2915.0
-2982.0
-2841.0
-2460.0
-2367.0
-2391.0
-2803.0
-2472.0
-2591.0
-2450.0
-2660.0
-2411.0
-2387.0
-2292.0
-2725.0
-2409.0
-2316.0
-2300.0
-2692.0
-3163.0
-2873.0
-2382.0
-2395.0
-2392.0
-2401.0
-3314.0
-2539.0
-2318.0
-3534.0
-2800.0
-4223.0
-2940.0
-2696.0
-2495.0
-2393.0
-2534.0
-2946.0
-2494.0
-2373.0
-2335.0
-2414.0
-2531.0
-2519.0
-2764.0
-2343.0
-2396.0
-2936.0
-2686.0
-2283.0
-2767.0
-3240.0
-2631.0
-4138.0
-2318.0
-8873.0
-2438.0
-3187.0
-2475.0
-2449.0
-2401.0
-3183.0
-2429.0
-2409.0
-2473.0
-2602.0
-3634.0
-2402.0
-4078.0
-2653.0
-2708.0
-2826.0
-2380.0
-2727.0
-2388.0
-2395.0
-4953.0
-2487.0
-2367.0
-3699.0
-2829.0
-4496.0
-3613.0
-2682.0
-2490.0
-2230.0
-2307.0
-2696.0
-2569.0
-7264.0
-2334.0
-2348.0
-4257.0
-2690.0
-2774.0
-2316.0
-2249.0
-2708.0
-2583.0
-2356.0
-2629.0
-3298.0
-2499.0
-2958.0
-2404.0
-2261.0
-2351.0
-3600.0
-2632.0
-2493.0
-2477.0
-2836.0
-2469.0
-2371.0
-2478.0
-2686.0
-13340.0
-2320.0
-2333.0
-2722.0
-2909.0
-2854.0
-2398.0
-2557.0
-2496.0
-2304.0
-3161.0
-2674.0
-2373.0
-4140.0
-2844.0
-3698.0
-3340.0
-2854.0
-2481.0
-2311.0
-2407.0
-3103.0
-2515.0
-2374.0
-2508.0
-2348.0
-2369.0
-2591.0
-3188.0
-2349.0
-2343.0
-2687.0
-2492.0
-2456.0
-3258.0
-3040.0
-2783.0
-2786.0
-2391.0
-9338.0
-2380.0
-3410.0
-2412.0
-2449.0
-2422.0
-2602.0
-2316.0
-2361.0
-2469.0
-2730.0
-2873.0
-2360.0
-2285.0
-2743.0
-2787.0
-2850.0
-2529.0
-2850.0
-2636.0
-2381.0
-2968.0
-2685.0
-2348.0
-3483.0
-2973.0
-4094.0
-3029.0
-2696.0
-2450.0
-2401.0
-2370.0
-2599.0
-2809.0
-2396.0
-2391.0
-2367.0
-2356.0
-2699.0
-2832.0
-2335.0
-2405.0
-2811.0
-2727.0
-2313.0
-2590.0
-3206.0
-2674.0
-12503.0
-2388.0
-2539.0
-2445.0
-3737.0
-2679.0
-2430.0
-2579.0
-2804.0
-2346.0
-2377.0
-2543.0
-2622.0
-2947.0
-2293.0
-2290.0
-2405.0
-3186.0
-2666.0
-2417.0
-2686.0
-2243.0
-2442.0
-3595.0
-2506.0
-2349.0
-3211.0
-2633.0
-3632.0
-3891.0
-2789.0
-2446.0
-2294.0
-2272.0
-2623.0
-2553.0
-2560.0
-2442.0
-2434.0
-12240.0
-2636.0
-2704.0
-2261.0
-2310.0
-2874.0
-2521.0
-2268.0
-2736.0
-3091.0
-2462.0
-2742.0
-2389.0
-2417.0
-2332.0
-3109.0
-2534.0
-2419.0
-2416.0
-2601.0
-2371.0
-2343.0
-2333.0
-2782.0
-2580.0
-2300.0
-2274.0
-4460.0
-2800.0
-2916.0
-2451.0
-2562.0
-2481.0
-2507.0
-3526.0
-2519.0
-2332.0
-3114.0
-2602.0
-3262.0
-2982.0
-2570.0
-2560.0
-2319.0
-2281.0
-2464.0
-2590.0
-2341.0
-2435.0
-2444.0
-2364.0
-2602.0
-2897.0
-2265.0
-2352.0
-2652.0
-2817.0
-2316.0
-2666.0
-3317.0
-2600.0
-3100.0
-2355.0
-2392.0
-2419.0
-4514.0
-2389.0
-2609.0
-2521.0
-2691.0
-2284.0
-2349.0
-2344.0
-2723.0
-2559.0
-2372.0
-2337.0
-2576.0
-2786.0
-2824.0
-2440.0
-2654.0
-2559.0
-2401.0
-3065.0
-2713.0
-2376.0
-4040.0
-2583.0
-3396.0
-4750.0
-2697.0
-2471.0
-2348.0
-2303.0
-2587.0
-2576.0
-2292.0
-2502.0
-2338.0
-2363.0
-2640.0
-2713.0
-2306.0
-2361.0
-2631.0
-2793.0
-2340.0
-3307.0
-2949.0
-2595.0
-2989.0
-2482.0
-2371.0
-2405.0
-3128.0
-2518.0
-2408.0
-2472.0
-2703.0
-2302.0
-2334.0
-2400.0
-2786.0
-2619.0
-2330.0
-2275.0
-2625.0
-2754.0
-2911.0
-2444.0
-2504.0
-2490.0
-2335.0
-3050.0
-2416.0
-2301.0
-2903.0
-2953.0
-4074.0
-2773.0
-2727.0
-2414.0
-2256.0
-2327.0
-2694.0
-2507.0
-2358.0
-2424.0
-2390.0
-2279.0
-2694.0
-3187.0
-2246.0
-2375.0
-2634.0
-2842.0
-2354.0
-2718.0
-3184.0
-2479.0
-3051.0
-2409.0
-10842.0
-2393.0
-3336.0
-13348.0
-2505.0
-2658.0
-2668.0
-2432.0
-2345.0
-2294.0
-2840.0
-2726.0
-2392.0
-2267.0
-2550.0
-2753.0
-2956.0
-2430.0
-2833.0
-2395.0
-2302.0
-3020.0
-2372.0
-2326.0
-3589.0
-2645.0
-3569.0
-2695.0
-2761.0
-2475.0
-2342.0
-2340.0
-2451.0
-2594.0
-2394.0
-2568.0
-2465.0
-2349.0
-2690.0
-2647.0
-2355.0
-2361.0
-2670.0
-2515.0
-2281.0
-2796.0
-2865.0
-2666.0
-11931.0
-2351.0
-2357.0
-2414.0
-3823.0
-2518.0
-2392.0
-2468.0
-2581.0
-2406.0
-2268.0
-2264.0
-2805.0
-2795.0
-2274.0
-2390.0
-2688.0
-2733.0
-2944.0
-2456.0
-2607.0
-2513.0
-2337.0
-3426.0
-2486.0
-2353.0
-3170.0
-2632.0
-3469.0
-3061.0
-2808.0
-2481.0
-2363.0
-2369.0
-2402.0
-2587.0
-2425.0
-2565.0
-2487.0
-2417.0
-2807.0
-2729.0
-2320.0
-2335.0
-2846.0
-2748.0
-2244.0
-2590.0
-3164.0
-2623.0
-2764.0
-2379.0
-2407.0
-2444.0
-3323.0
-2544.0
-2406.0
-2518.0
-2588.0
-2355.0
-2355.0
-3065.0
-2838.0
-4819.0
-2402.0
-2316.0
-2603.0
-2864.0
-2960.0
-2473.0
-3304.0
-2256.0
-2447.0
-3181.0
-2506.0
-2378.0
-4108.0
-2533.0
-3561.0
-3415.0
-2711.0
-2450.0
-2297.0
-2349.0
-2675.0
-2695.0
-2378.0
-2320.0
-2379.0
-2229.0
-2607.0
-3122.0
-2238.0
-2298.0
-2687.0
-2536.0
-2305.0
-2696.0
-3105.0
-2723.0
-3040.0
-2398.0
-2383.0
-2394.0
-3428.0
-2588.0
-2373.0
-2512.0
-2623.0
-2424.0
-2368.0
-2376.0
-2797.0
-3363.0
-2345.0
-2312.0
-2920.0
-3120.0
-2763.0
-2628.0
-2468.0
-3010.0
-2392.0
-2837.0
-2412.0
-2323.0
-3259.0
-2559.0
-3916.0
-2787.0
-2757.0
-2453.0
-2239.0
-2275.0
-2610.0
-2586.0
-2397.0
-2378.0
-2437.0
-2313.0
-2641.0
-3111.0
-2411.0
-2377.0
-2578.0
-2527.0
-2261.0
-2670.0
-2716.0
-2586.0
-3019.0
-2390.0
-2234.0
-2488.0
-3504.0
-2460.0
-2354.0
-2437.0
-2617.0
-2337.0
-2665.0
-2303.0
-2642.0
-2524.0
-2147.0
-2383.0
-2572.0
-2766.0
-2834.0
-2388.0
-2626.0
-2294.0
-2407.0
-2793.0
-2661.0
-2332.0
-3681.0
-2646.0
-3867.0
-3120.0
-2747.0
-2446.0
-2395.0
-2227.0
-2550.0
-2663.0
-2334.0
-2401.0
-2331.0
-2325.0
-4576.0
-2626.0
-2338.0
-2332.0
-2712.0
-2517.0
-2257.0
-2614.0
-2835.0
-2443.0
-2707.0
-2420.0
-2315.0
-2379.0
-3835.0
-2454.0
-2243.0
-2497.0
-2678.0
-2317.0
-2347.0
-2359.0
-2874.0
-2530.0
-2211.0
-2317.0
-2609.0
-2750.0
-2851.0
-2694.0
-2550.0
-2325.0
-2390.0
-2814.0
-2463.0
-2378.0
-3185.0
-2671.0
-3469.0
-2623.0
-2701.0
-2493.0
-2306.0
-2381.0
-2771.0
-2491.0
-2360.0
-2346.0
-2315.0
-2378.0
-2647.0
-2610.0
-2302.0
-2271.0
-2839.0
-2541.0
-2317.0
-2676.0
-2897.0
-2558.0
-2623.0
-2405.0
-2334.0
-2362.0
-3203.0
-2559.0
-2466.0
-2466.0
-2721.0
-2358.0
-2451.0
-2463.0
-2720.0
-2485.0
-2281.0
-2332.0
-2592.0
-2742.0
-3135.0
-2430.0
-2520.0
-2243.0
-2270.0
-3053.0
-2495.0
-2323.0
-3105.0
-2589.0
-3807.0
-2761.0
-2645.0
-2443.0
-2298.0
-2290.0
-2539.0
-2541.0
-2390.0
-2376.0
-2407.0
-2338.0
-2766.0
-2965.0
-2395.0
-2355.0
-2512.0
-2505.0
-2408.0
-2661.0
-2885.0
-2672.0
-2670.0
-2348.0
-2346.0
-2331.0
-3016.0
-2504.0
-2325.0
-2512.0
-2679.0
-2305.0
-2380.0
-2393.0
-2583.0
-2568.0
-2278.0
-2416.0
-2567.0
-2791.0
-2774.0
-2440.0
-2577.0
-2332.0
-2343.0
-3039.0
-2506.0
-2351.0
-3252.0
-2543.0
-3098.0
-2634.0
-2614.0
-2494.0
-2320.0
-2308.0
-2466.0
-2607.0
-2313.0
-2456.0
-2362.0
-2482.0
-2751.0
-2565.0
-2245.0
-2364.0
-2742.0
-2459.0
-2243.0
-2703.0
-2884.0
-2663.0
-2778.0
-2467.0
-2551.0
-2362.0
-3858.0
-2450.0
-2446.0
-2422.0
-2583.0
-2415.0
-2315.0
-2404.0
-2751.0
-2412.0
-2410.0
-2320.0
-2558.0
-2849.0
-2856.0
-2367.0
-2568.0
-2386.0
-2517.0
-3106.0
-13954.0
-2401.0
-2986.0
-2584.0
-4109.0
-2717.0
-2666.0
-2441.0
-2378.0
-2331.0
-2397.0
-2594.0
-2386.0
-2500.0
-2452.0
-2361.0
-2755.0
-2585.0
-2362.0
-2349.0
-2552.0
-2468.0
-2418.0
-2996.0
-3204.0
-2671.0
-2921.0
-2361.0
-2414.0
-2425.0
-3430.0
-2518.0
-2367.0
-2438.0
-2708.0
-2416.0
-2360.0
-2437.0
-2872.0
-2423.0
-2491.0
-2404.0
-2521.0
-2907.0
-2966.0
-2519.0
-2518.0
-2575.0
-2439.0
-3090.0
-2404.0
-2328.0
-3030.0
-2615.0
-3427.0
-2589.0
-2735.0
-2505.0
-2391.0
-2397.0
-2495.0
-2557.0
-2344.0
-2572.0
-2347.0
-2487.0
-2691.0
-2466.0
-2355.0
-2461.0
-2760.0
-2564.0
-2369.0
-2658.0
-2846.0
-2675.0
-2697.0
-2387.0
-2434.0
-2402.0
-3259.0
-2474.0
-2393.0
-2425.0
-2575.0
-2267.0
-2324.0
-2370.0
-2874.0
-2565.0
-2353.0
-2342.0
-2623.0
-3177.0
-2852.0
-2415.0
-2492.0
-2301.0
-2406.0
-2604.0
-2429.0
-2364.0
-2715.0
-2551.0
-3320.0
-2779.0
-2598.0
-2488.0
-2351.0
-2314.0
-2430.0
-2659.0
-2424.0
-2510.0
-2303.0
-2499.0
-2678.0
-2608.0
-2464.0
-2449.0
-2640.0
-2444.0
-2398.0
-2658.0
-3191.0
-2568.0
-2665.0
-2433.0
-2381.0
-12880.0
-3290.0
-2487.0
-2433.0
-2600.0
-2572.0
-2497.0
-2327.0
-2460.0
-2670.0
-2486.0
-2454.0
-2508.0
-2528.0
-2965.0
-2838.0
-2494.0
-2556.0
-2437.0
-2354.0
-3201.0
-2565.0
-2392.0
-3499.0
-2556.0
-3412.0
-2762.0
-2540.0
-2530.0
-2356.0
-2485.0
-2424.0
-2582.0
-2452.0
-2436.0
-2476.0
-2397.0
-2640.0
-2626.0
-2311.0
-2477.0
-2754.0
-2467.0
-2420.0
-2575.0
-3081.0
-2649.0
-2768.0
-2416.0
-2486.0
-2536.0
-3488.0
-2455.0
-2433.0
-2440.0
-2615.0
-2557.0
-2445.0
-2479.0
-2645.0
-2464.0
-2555.0
-2413.0
-2538.0
-2769.0
-2849.0
-2680.0
-2715.0
-2456.0
-2383.0
-3007.0
-2529.0
-2429.0
-3100.0
-2579.0
-3314.0
-2666.0
-2551.0
-2453.0
-2383.0
-2411.0
-2411.0
-2644.0
-2434.0
-2488.0
-2341.0
-2445.0
-2650.0
-2478.0
-2446.0
-2481.0
-2499.0
-2481.0
-2408.0
-2569.0
-2958.0
-2620.0
-2773.0
-2423.0
-2448.0
-2459.0
-3033.0
-2492.0
-2421.0
-2605.0
-2623.0
-2513.0
-2481.0
-2427.0
-2733.0
-2466.0
-2426.0
-2351.0
-2491.0
-2908.0
-2755.0
-2424.0
-2535.0
-2496.0
-2529.0
-3674.0
-2378.0
-2366.0
-3478.0
-2570.0
-3519.0
-2871.0
-2647.0
-2506.0
-2438.0
-2446.0
-2444.0
-2665.0
-2355.0
-2570.0
-2551.0
-2503.0
-2681.0
-2571.0
-2449.0
-2427.0
-2806.0
-2488.0
-2423.0
-2619.0
-3167.0
-2624.0
-14281.0
-2519.0
-2515.0
-2473.0
-3177.0
-2480.0
-2419.0
-2591.0
-2665.0
-2495.0
-2461.0
-2480.0
-2883.0
-2414.0
-2459.0
-2428.0
-2554.0
-2738.0
-2773.0
-2505.0
-2538.0
-2484.0
-2299.0
-2903.0
-2754.0
-2415.0
-3038.0
-2568.0
-3127.0
-2560.0
-2496.0
-2478.0
-2410.0
-2410.0
-2516.0
-2654.0
-2365.0
-2469.0
-2471.0
-2394.0
-2697.0
-2537.0
-2387.0
-2585.0
-2649.0
-2481.0
-2394.0
-2671.0
-3099.0
-2645.0
-2601.0
-2453.0
-2459.0
-2555.0
-3370.0
-2546.0
-2571.0
-2612.0
-2620.0
-2361.0
-2439.0
-2531.0
-2641.0
-2465.0
-2435.0
-2400.0
-2559.0
-2920.0
-2984.0
-2827.0
-2468.0
-2201.0
-2515.0
-2889.0
-2675.0
-2351.0
-3089.0
-2597.0
-3499.0
-2651.0
-2514.0
-2511.0
-2372.0
-2352.0
-2431.0
-2599.0
-2339.0
-2501.0
-2398.0
-2379.0
-2795.0
-2478.0
-2337.0
-2449.0
-2697.0
-2459.0
-2601.0
-2611.0
-3274.0
-2787.0
-3163.0
-2593.0
-2507.0
-2384.0
-3149.0
-2481.0
-2509.0
-2623.0
-2648.0
-2451.0
-2453.0
-2483.0
-2748.0
-2422.0
-2487.0
-2444.0
-2532.0
-3293.0
-2940.0
-2525.0
-2567.0
-2269.0
-2377.0
-3185.0
-2460.0
-2382.0
-3450.0
-2553.0
-3599.0
-3312.0
-2695.0
-2581.0
-2408.0
-2429.0
-2434.0
-2808.0
-2861.0
-2523.0
-2683.0
-2523.0
-3072.0
-2758.0
-2494.0
-2499.0
-2694.0
-2410.0
-2529.0
-3215.0
-3305.0
-2938.0
-2697.0
-2548.0
-2529.0
-2519.0
-3294.0
-2488.0
-2479.0
-2579.0
-2743.0
-2551.0
-2410.0
-2457.0
-2771.0
-2413.0
-2484.0
-2434.0
-2513.0
-2840.0
-2980.0
-2564.0
-2468.0
-2248.0
-2320.0
-2975.0
-2367.0
-2399.0
-3370.0
-2554.0
-3370.0
-2626.0
-2607.0
-2518.0
-2401.0
-2476.0
-2401.0
-2619.0
-2433.0
-2491.0
-2546.0
-2405.0
-12789.0
-2515.0
-2491.0
-2519.0
-2481.0
-2423.0
-2450.0
-2608.0
-3048.0
-2660.0
-2647.0
-2526.0
-2444.0
-2432.0
-3030.0
-12352.0
-2536.0
-2645.0
-2652.0
-2508.0
-2401.0
-2623.0
-2816.0
-2495.0
-2465.0
-2445.0
-2516.0
-3050.0
-3001.0
-2708.0
-2488.0
-2405.0
-2380.0
-2959.0
-2323.0
-2421.0
-3492.0
-2636.0
-3386.0
-2517.0
-2553.0
-2519.0
-2442.0
-2472.0
-2376.0
-2673.0
-2435.0
-2802.0
-2621.0
-2419.0
-3246.0
-2727.0
-2445.0
-2471.0
-2594.0
-2754.0
-2462.0
-2502.0
-3304.0
-2710.0
-3119.0
-2599.0
-2482.0
-2476.0
-2808.0
-2491.0
-2482.0
-2671.0
-2546.0
-2355.0
-2438.0
-2537.0
-2629.0
-2433.0
-2420.0
-2433.0
-2525.0
-2977.0
-2665.0
-2473.0
-2483.0
-2334.0
-2491.0
-3264.0
-2368.0
-2376.0
-3458.0
-2558.0
-3773.0
-2747.0
-2620.0
-2424.0
-2421.0
-2412.0
-2300.0
-3601.0
-2386.0
-2809.0
-2878.0
-3223.0
-6936.0
-2432.0
-2377.0
-2613.0
-2537.0
-2458.0
-2424.0
-2516.0
-3383.0
-2619.0
-2644.0
-2533.0
-2523.0
-2453.0
-3160.0
-2460.0
-2468.0
-2509.0
-2763.0
-2325.0
-2331.0
-2487.0
-2697.0
-2512.0
-2416.0
-2368.0
-2580.0
-2793.0
-2731.0
-2503.0
-2593.0
-2358.0
-2345.0
-3204.0
-2444.0
-2351.0
-3340.0
-2629.0
-3423.0
-2726.0
-2543.0
-2459.0
-2328.0
-2432.0
-2649.0
-2598.0
-2390.0
-2491.0
-2403.0
-2428.0
-2690.0
-2544.0
-2437.0
-2469.0
-2577.0
-2475.0
-2437.0
-2467.0
-3054.0
-2689.0
-2676.0
-2564.0
-2473.0
-2439.0
-3077.0
-2455.0
-2490.0
-2580.0
-2656.0
-2492.0
-2467.0
-2495.0
-2763.0
-2397.0
-2544.0
-2443.0
-2509.0
-3252.0
-3201.0
-2496.0
-2557.0
-2243.0
-2288.0
-3232.0
-2675.0
-2426.0
-3390.0
-2878.0
-3442.0
-2615.0
-2541.0
-2510.0
-2442.0
-2381.0
-2374.0
-2623.0
-2410.0
-2526.0
-3261.0
-2434.0
-6450.0
-2548.0
-2742.0
-2497.0
-2583.0
-2489.0
-2679.0
-2513.0
-3174.0
-2686.0
-2594.0
-2532.0
-2484.0
-2463.0
-3222.0
-2466.0
-2505.0
-2621.0
-2600.0
-2438.0
-2424.0
-2471.0
-2689.0
-2437.0
-2454.0
-2425.0
-2506.0
-2805.0
-2847.0
-2520.0
-2548.0
-2264.0
-2359.0
-3344.0
-2363.0
-2425.0
-3133.0
-2548.0
-3758.0
-2598.0
-2486.0
-2433.0
-2388.0
-2418.0
-2413.0
-2611.0
-2415.0
-2498.0
-3365.0
-2428.0
-2930.0
-2628.0
-2462.0
-2474.0
-2633.0
-2461.0
-2398.0
-2472.0
-3420.0
-2642.0
-2830.0
-2688.0
-2547.0
-2392.0
-3493.0
-2481.0
-2471.0
-2658.0
-2607.0
-2417.0
-2389.0
-2458.0
-2760.0
-2529.0
-2460.0
-2407.0
-2671.0
-2934.0
-2722.0
-2527.0
-2482.0
-2259.0
-2240.0
-3334.0
-2384.0
-2392.0
-3429.0
-2583.0
-3625.0
-2496.0
-2616.0
-2480.0
-2715.0
-2413.0
-2404.0
-2564.0
-2408.0
-2512.0
-2446.0
-2441.0
-4368.0
-2462.0
-2448.0
-2561.0
-2572.0
-2434.0
-2470.0
-2546.0
-3213.0
-2917.0
-2629.0
-2488.0
-2520.0
-2419.0
-3067.0
-2483.0
-2470.0
-2523.0
-2705.0
-2529.0
-2451.0
-2450.0
-2794.0
-2452.0
-2423.0
-2436.0
-2571.0
-2898.0
-2755.0
-2519.0
-2560.0
-2203.0
-2234.0
-3240.0
-2358.0
-2402.0
-3141.0
-2577.0
-3406.0
-2552.0
-2721.0
-14088.0
-7927.0
-2899.0
-4127.0
-2448.0
-2399.0
-2938.0
-3153.0
-3231.0
-3556.0
-2510.0
-2926.0
-2469.0
-2561.0
-2441.0
-2396.0
-2795.0
-3262.0
-2639.0
-2693.0
-2686.0
-2486.0
-2377.0
-3012.0
-2504.0
-2513.0
-2631.0
-2593.0
-2441.0
-2400.0
-2452.0
-2843.0
-2448.0
-2493.0
-2334.0
-2525.0
-2969.0
-3034.0
-2568.0
-2503.0
-2192.0
-2270.0
-3217.0
-2356.0
-2368.0
-3284.0
-2506.0
-3626.0
-2442.0
-2530.0
-2534.0
-2747.0
-2450.0
-2411.0
-2585.0
-2421.0
-2465.0
-2549.0
-2438.0
-2830.0
-2730.0
-2372.0
-2479.0
-2538.0
-2474.0
-2402.0
-2840.0
-3148.0
-2684.0
-2631.0
-2510.0
-2469.0
-2900.0
-2854.0
-2560.0
-2501.0
-2644.0
-4090.0
-4485.0
-2399.0
-2472.0
-2778.0
-2457.0
-2446.0
-2451.0
-2489.0
-3043.0
-2751.0
-2557.0
-2553.0
-2241.0
-2404.0
-3367.0
-2390.0
-2375.0
-3496.0
-2556.0
-3658.0
-2809.0
-2566.0
-2455.0
-2461.0
-2452.0
-2377.0
-5059.0
-2422.0
-4020.0
-17049.0
-2478.0
-9316.0
-3594.0
-2652.0
-11641.0
-16954.0
-5469.0
-8374.0
-2764.0
-3094.0
-9152.0
-2633.0
-2783.0
-2672.0
-2722.0
-4966.0
-3351.0
-2528.0
-2714.0
-5049.0
-3273.0
-2396.0
-2525.0
-2890.0
-3095.0
-2594.0
-3891.0
-2741.0
-2646.0
-3010.0
-5652.0
-2727.0
-2813.0
-2988.0
-3219.0
-2417.0
-2970.0
-16396.0
-4157.0
-5906.0
-4471.0
-17749.0
-5923.0
-5738.0
-2525.0
-17772.0
-5054.0
-5529.0
-16877.0
-2528.0
-18791.0
-4560.0
-2560.0
-5284.0
-2477.0
-6584.0
-11743.0
-2447.0
-2695.0
-5362.0
-2684.0
-3970.0
-2688.0
-4556.0
-3502.0
-5301.0
-3893.0
-2517.0
-2620.0
-7760.0
-4336.0
-2424.0
-3144.0
-2809.0
-3067.0
-2570.0
-2449.0
-2633.0
-2800.0
-2873.0
-2575.0
-2606.0
-2437.0
-2281.0
-3232.0
-2309.0
-2397.0
-3480.0
-2566.0
-4022.0
-2578.0
-2724.0
-2625.0
-2455.0
-2491.0
-2732.0
-2700.0
-2444.0
-2488.0
-2688.0
-2435.0
-2636.0
-2638.0
-2557.0
-2492.0
-2610.0
-2478.0
-2462.0
-2623.0
-3222.0
-2795.0
-2689.0
-2682.0
-2485.0
-2615.0
-3007.0
-2475.0
-2498.0
-2650.0
-2692.0
-2537.0
-2436.0
-2436.0
-2738.0
-2577.0
-2546.0
-2442.0
-2569.0
-2878.0
-3272.0
-2485.0
-2488.0
-2310.0
-2305.0
-3325.0
-2423.0
-2385.0
-3390.0
-2637.0
-3554.0
-2515.0
-2576.0
-2502.0
-2434.0
-2519.0
-2394.0
-2513.0
-3548.0
-2503.0
-2523.0
-2463.0
-2626.0
-2420.0
-20241.0
-2515.0
-2635.0
-2840.0
-2510.0
-18011.0
-3082.0
-2672.0
-2953.0
-4635.0
-3469.0
-16525.0
-21387.0
-12230.0
-2952.0
-13788.0
-6849.0
-3699.0
-2520.0
-2484.0
-3197.0
-2580.0
-4293.0
-6286.0
-2536.0
-2835.0
-3069.0
-2580.0
-2522.0
-2226.0
-2490.0
-3429.0
-2381.0
-2439.0
-3627.0
-2571.0
-3877.0
-2689.0
-2630.0
-2480.0
-2420.0
-2421.0
-2317.0
-2703.0
-2391.0
-2466.0
-2635.0
-2465.0
-2620.0
-2525.0
-2519.0
-2490.0
-2606.0
-2476.0
-2412.0
-2609.0
-3136.0
-2697.0
-2847.0
-2682.0
-2485.0
-2470.0
-2728.0
-2444.0
-2561.0
-2594.0
-2635.0
-2535.0
-2600.0
-2456.0
-2855.0
-2669.0
-2474.0
-2457.0
-2554.0
-2849.0
-2950.0
-2566.0
-2500.0
-2132.0
-2577.0
-3265.0
-2596.0
-2413.0
-3278.0
-2543.0
-3584.0
-2721.0
-2588.0
-2537.0
-2437.0
-2435.0
-2964.0
-2566.0
-2422.0
-3433.0
-2519.0
-2474.0
-2643.0
-3015.0
-2471.0
-2569.0
-2508.0
-2462.0
-2421.0
-2471.0
-3184.0
-2673.0
-2956.0
-2636.0
-2476.0
-2459.0
-3043.0
-2515.0
-2495.0
-2551.0
-2717.0
-2465.0
-2472.0
-2972.0
-2793.0
-2621.0
-2471.0
-2417.0
-2606.0
-2845.0
-2836.0
-2502.0
-2476.0
-2178.0
-2477.0
-3177.0
-2542.0
-2387.0
-3361.0
-2598.0
-3639.0
-2460.0
-2498.0
-2485.0
-2402.0
-2433.0
-2420.0
-2554.0
-3706.0
-2505.0
-2629.0
-2453.0
-2655.0
-2550.0
-2494.0
-2487.0
-2652.0
-4241.0
-3594.0
-2554.0
-3287.0
-2766.0
-3066.0
-2679.0
-2481.0
-2541.0
-3043.0
-2437.0
-2521.0
-2832.0
-2615.0
-2499.0
-2416.0
-2483.0
-2806.0
-2600.0
-2546.0
-2478.0
-2527.0
-2793.0
-2799.0
-2514.0
-2464.0
-2189.0
-2412.0
-3162.0
-2371.0
-2383.0
-3293.0
-2560.0
-3776.0
-2556.0
-2601.0
-2529.0
-2406.0
-2414.0
-2433.0
-2675.0
-2463.0
-2457.0
-2648.0
-2427.0
-2772.0
-2476.0
-2471.0
-2500.0
-2546.0
-2490.0
-2405.0
-2537.0
-4424.0
-2647.0
-3486.0
-2560.0
-3068.0
-2480.0
-2817.0
-2461.0
-2458.0
-3538.0
-3374.0
-2465.0
-2438.0
-3729.0
-2746.0
-14701.0
-2556.0
-2421.0
-2562.0
-2907.0
-2841.0
-2498.0
-2558.0
-2223.0
-2359.0
-4531.0
-2307.0
-2426.0
-3275.0
-5164.0
-3754.0
-2685.0
-6223.0
-2476.0
-3948.0
-5750.0
-4170.0
-3057.0
-5384.0
-2540.0
-2538.0
-4221.0
-2678.0
-2568.0
-7084.0
-4384.0
-2572.0
-2699.0
-2869.0
-4647.0
-4635.0
-4080.0
-2756.0
-2633.0
-2485.0
-2930.0
-3913.0
-4251.0
-2467.0
-2651.0
-2673.0
-5370.0
-3539.0
-3858.0
-3458.0
-2484.0
-5681.0
-2427.0
-4037.0
-2843.0
-2748.0
-6029.0
-3044.0
-2110.0
-4330.0
-3347.0
-5577.0
-5721.0
-5880.0
-4244.0
-6005.0
-3026.0
-5632.0
-2463.0
-3467.0
-6783.0
-3224.0
-4695.0
-9219.0
-5537.0
-2648.0
-2441.0
-2618.0
-2535.0
-2467.0
-2495.0
-2539.0
-2408.0
-2429.0
-2631.0
-3635.0
-2680.0
-2738.0
-2601.0
-2482.0
-2444.0
-2943.0
-2477.0
-2467.0
-2636.0
-2699.0
-2479.0
-2493.0
-2440.0
-2775.0
-2494.0
-2439.0
-2429.0
-2618.0
-2906.0
-2761.0
-2522.0
-2529.0
-2392.0
-2402.0
-3025.0
-2458.0
-2377.0
-3389.0
-2714.0
-3506.0
-2626.0
-2656.0
-2546.0
-2409.0
-2467.0
-2446.0
-2500.0
-2396.0
-3898.0
-2462.0
-2438.0
-2700.0
-2443.0
-2474.0
-3915.0
-2555.0
-3953.0
-2456.0
-2479.0
-3222.0
-3287.0
-3051.0
-2550.0
-2412.0
-2505.0
-3082.0
-2473.0
-2467.0
-2620.0
-2663.0
-2428.0
-2492.0
-2466.0
-2759.0
-4557.0
-2520.0
-2451.0
-2577.0
-3016.0
-2749.0
-2494.0
-2576.0
-2422.0
-2390.0
-3420.0
-2395.0
-2517.0
-3244.0
-2644.0
-3741.0
-2575.0
-7931.0
-2517.0
-2440.0
-4285.0
-3870.0
-2689.0
-2480.0
-3365.0
-2602.0
-4448.0
-2703.0
-2530.0
-3960.0
-2519.0
-2590.0
-4664.0
-2454.0
-2601.0
-3107.0
-2850.0
-3081.0
-2729.0
-2521.0
-4687.0
-2856.0
-2466.0
-2519.0
-2615.0
-2565.0
-2478.0
-2423.0
-2488.0
-2751.0
-2761.0
-2444.0
-2492.0
-2673.0
-4039.0
-2607.0
-2465.0
-2563.0
-2246.0
-2372.0
-3076.0
-2478.0
-2415.0
-3485.0
-3410.0
-3418.0
-2916.0
-3487.0
-2594.0
-3097.0
-3835.0
-4821.0
-2487.0
-2418.0
-2556.0
-3281.0
-2459.0
-7979.0
-2605.0
-2466.0
-2551.0
-2607.0
-28598.0
-24796.0
-18031.0
-4342.0
-4523.0
-6029.0
-2646.0
-26325.0
-6448.0
-3882.0
-7434.0
-2511.0
-2506.0
-28320.0
-2466.0
-5125.0
-3363.0
-6598.0
-5528.0
-2531.0
-6864.0
-5210.0
-8679.0
-2943.0
-2695.0
-8677.0
-3778.0
-3308.0
-3897.0
-4938.0
-3142.0
-3612.0
-30309.0
-7622.0
-2935.0
-2678.0
-8353.0
-2449.0
-2447.0
-28856.0
-2491.0
-3202.0
-8634.0
-2566.0
-8698.0
-8550.0
-2642.0
-2459.0
-4235.0
-2707.0
-8823.0
-2475.0
-5261.0
-3134.0
-2762.0
-6085.0
-2702.0
-3950.0
-2460.0
-3050.0
-4259.0
-2581.0
-2654.0
-4555.0
-2472.0
-2474.0
-2485.0
-2767.0
-4240.0
-2482.0
-2433.0
-2675.0
-5571.0
-2758.0
-2506.0
-2739.0
-2582.0
-2354.0
-3243.0
-2579.0
-2465.0
-3358.0
-2732.0
-3612.0
-2551.0
-2815.0
-2559.0
-2533.0
-2446.0
-2515.0
-2622.0
-2447.0
-2614.0
-2698.0
-2512.0
-2805.0
-2541.0
-2442.0
-2443.0
-2724.0
-2624.0
-2451.0
-2626.0
-3180.0
-2576.0
-3076.0
-2546.0
-2570.0
-2463.0
-2801.0
-2520.0
-2582.0
-2497.0
-2743.0
-2671.0
-2519.0
-2555.0
-2717.0
-2719.0
-2499.0
-2407.0
-4700.0
-6187.0
-2720.0
-2619.0
-2583.0
-2586.0
-2415.0
-3000.0
-2576.0
-2482.0
-2947.0
-2673.0
-3676.0
-2527.0
-2578.0
-2591.0
-2544.0
-2457.0
-3534.0
-2577.0
-2499.0
-2575.0
-2537.0
-2455.0
-2812.0
-2677.0
-2433.0
-2451.0
-3206.0
-2682.0
-2448.0
-2634.0
-4330.0
-4702.0
-3337.0
-3078.0
-3655.0
-2574.0
-2876.0
-2916.0
-3928.0
-2478.0
-2985.0
-17291.0
-2517.0
-11126.0
-18426.0
-18475.0
-4734.0
-5651.0
-6345.0
-7396.0
-7531.0
-4536.0
-7354.0
-5087.0
-6485.0
-3380.0
-26968.0
-22230.0
-25609.0
-2718.0
-3611.0
-13556.0
-27795.0
-11561.0
-7458.0
-17940.0
-26156.0
-5219.0
-4259.0
-13954.0
-4042.0
-3448.0
-4271.0
-8289.0
-5052.0
-2463.0
-4348.0
-2702.0
-2409.0
-4731.0
-3567.0
-2581.0
-2903.0
-2440.0
-2508.0
-2520.0
-2679.0
-2640.0
-2447.0
-2515.0
-2717.0
-2435.0
-2447.0
-2515.0
-2704.0
-2710.0
-2443.0
-2382.0
-2635.0
-2970.0
-2751.0
-2500.0
-2506.0
-2497.0
-2448.0
-3168.0
-2608.0
-3049.0
-3266.0
-4902.0
-3229.0
-2683.0
-4574.0
-7968.0
-4875.0
-2469.0
-5382.0
-3979.0
-2436.0
-2491.0
-2443.0
-3277.0
-5515.0
-7505.0
-2432.0
-5805.0
-7372.0
-2561.0
-2416.0
-2448.0
-2715.0
-2577.0
-3700.0
-2517.0
-2515.0
-2557.0
-2776.0
-2512.0
-2471.0
-2429.0
-2714.0
-2414.0
-2459.0
-5837.0
-6334.0
-2697.0
-2449.0
-2389.0
-4181.0
-4157.0
-2617.0
-2535.0
-2520.0
-6888.0
-2534.0
-5597.0
-2662.0
-2492.0
-4309.0
-2708.0
-4227.0
-7225.0
-2643.0
-3485.0
-2532.0
-2487.0
-2593.0
-2570.0
-2383.0
-26211.0
-2427.0
-5953.0
-3793.0
-9168.0
-2494.0
-28287.0
-9210.0
-27566.0
-8237.0
-6843.0
-7628.0
-7956.0
-10093.0
-7759.0
-8364.0
-2457.0
-2937.0
-5254.0
-2504.0
-2473.0
-2689.0
-2433.0
-4203.0
-5262.0
-4542.0
-2526.0
-2438.0
-2516.0
-7915.0
-3427.0
-11535.0
-8198.0
-6520.0
-2346.0
-2624.0
-3445.0
-6779.0
-2415.0
-4069.0
-4478.0
-5520.0
-2516.0
-7614.0
-2513.0
-2442.0
-2395.0
-2630.0
-2386.0
-2398.0
-2506.0
-2473.0
-2413.0
-2797.0
-4492.0
-2457.0
-2465.0
-2487.0
-2704.0
-2372.0
-6755.0
-3266.0
-3504.0
-5226.0
-6428.0
-2478.0
-2495.0
-2625.0
-2539.0
-3274.0
-2529.0
-4292.0
-2441.0
-2379.0
-3288.0
-3523.0
-3377.0
-2451.0
-3256.0
-7541.0
-3010.0
-2605.0
-2525.0
-6932.0
-2283.0
-2571.0
-2820.0
-2577.0
-2400.0
-4147.0
-2626.0
-3564.0
-3438.0
-7545.0
-2477.0
-2408.0
-3416.0
-2686.0
-2431.0
-2430.0
-6928.0
-2467.0
-2465.0
-2787.0
-6267.0
-2455.0
-2470.0
-3422.0
-2609.0
-2462.0
-6625.0
