-5175
-1504
-6512
-2359
-473
3670
-5173
-1985
340
2791
-5595
-845
-1445
-2763
-3755
-4918
3540
2008
-3800
-5491
-5540
800
-1695
1942
2623
1505
-7592
1026
1169
2230
-5569
2081
3038
4212
-1779
-1248
7904
1003
-880
-7539
-877
843
-8371
6102
3638
1713
-4236
4716
5779
6230
-3603
7337
7021
4752
1204
-7285
6551
5383
-597
-2844
-1971
2188
-4796
1833
7003
2719
-2330
3108
6584
827
-2920
6042
3838
5082
4990
-4770
8826
6163
3685
795
4775
5674
-3868
5742
387
5959
950
5341
6371
2958
744
2789
8783
4419
-5033
1608
7286
7868
2445
1961
1718
1303
-4317
5802
7595
4935
-1613
7276
5963
1272
-69
2972
4521
5300
660
-6952
6629
6382
2422
-5464
-2098
5102
-2148
5273
8060
4155
-5855
1026
10951
1552
1418
9428
6050
8570
3074
57
6354
9021
2102
-1240
3880
6163
-8315
7090
8585
3201
1281
-96
9269
5690
1740
7721
6974
5194
5759
-3376
8521
9518
2739
-211
-2508
-98
-4495
2268
3650
7813
4477
3344
7954
6102
4579
5698
6274
6493
552
-828
8518
3797
3265
5731
-1622
5285
-4954
4383
7759
8557
570
6798
1792
8259
385
4348
7805
7026
3796
452
7430
9231
3728
3841
492
3695
-936
5403
7599
5801
-105
9501
834
6168
3806
5771
9033
6591
857
6531
9471
7249
5511
5903
619
3834
3135
7372
7824
8218
1888
9438
8945
4737
6726
7670
7269
8301
6986
256
9018
6357
5900
4779
838
6811
-1151
4326
3627
9753
1044
8402
9275
7449
1187
7700
6573
9639
1862
-1961
8166
7987
4269
2667
4965
4200
989
7966
9239
5820
2802
6524
7149
6820
3293
7620
9174
3158
7337
2867
5867
8651
667
3720
5529
7981
2959
8093
10315
6190
3478
5157
8005
6615
4878
6323
10235
9325
6432
6309
10144
9855
7142
5540
5797
7359
4604
8559
10995
9871
3180
11039
10293
8573
10422
9983
10479
11226
3872
6119
11329
8322
8026
6970
3461
6527
4713
8498
10956
10626
2877
11196
11369
9021
10484
9124
10379
10358
4840
8153
9845
9065
9683
8407
-1005
8181
679
10800
10792
9542
1910
10239
10476
5799
7144
7942
10603
10795
6860
4848
10769
9264
6030
6618
6020
7786
4087
9901
9444
9405
1657
10584
10992
8259
7738
7447
11325
9971
9662
7875
10940
10120
9804
6309
5754
7280
4116
10124
11263
9524
1927
11003
10972
9328
8987
6879
10755
9413
5582
6242
9547
7927
9600
7276
3222
6940
4878
10443
11575
7689
126
10653
8840
5892
8337
8206
9368
10492
8294
7993
7272
9366
9569
8246
6193
6632
6823
8714
11470
9748
2233
10689
11668
9099
7943
9926
9448
11060
9097
8760
10239
11069
10970
8452
3936
10051
8647
10503
12355
9457
4342
10432
12318
9160
9398
9687
11539
11864
9594
8613
10781
10892
8945
8587
7418
7847
-864
8214
8138
7591
5103
8192
8718
9443
10099
9559
11170
9514
9335
8961
11952
9758
7177
8772
6176
10074
2945
10842
10354
12077
6889
8519
11515
10269
7966
11828
12051
11461
5588
7999
10416
12024
7103
8714
6526
10569
7218
10466
11940
9055
7214
8639
9173
9451
9253
10556
9117
10809
8535
2348
11435
10712
9218
6953
3719
9816
3311
9197
9867
11180
7574
10296
11536
10748
5717
10672
10668
11318
8539
4416
11962
12193
10099
9771
6166
6428
5117
10906
9681
11787
7624
10932
12337
10329
10729
12395
11500
10805
9261
3770
11880
11339
6397
10055
8027
11144
5396
10940
11072
10620
5808
9536
11465
10328
9486
10897
12101
10665
11401
7627
11635
11535
9811
7941
8885
9673
6107
11580
11373
10485
5651
11289
12242
10715
9558
10899
11402
11360
11659
8952
12058
11390
10591
7834
4394
7938
2639
11012
8624
11703
6265
10033
11060
10786
10526
11456
10734
11305
8250
7303
11298
11295
9445
7486
8692
7601
5695
10334
10611
11443
7986
10743
11632
11012
9312
11013
11787
10805
8876
5302
11222
11055
8434
7392
7541
9915
4564
11038
10816
11526
6155
10681
10530
10435
9303
11139
12098
11187
8181
8719
11171
12182
9667
8944
9192
11166
4796
10945
10150
11654
8310
11288
10746
10757
7738
10580
10393
10389
8807
-93
10984
12190
7197
8891
8623
9431
5099
9203
7920
10808
7226
9877
10104
10540
8245
11619
12232
10416
9122
6017
9611
10405
9399
5651
7246
9600
4969
10718
10563
10907
6553
10383
9288
10988
6839
10646
10804
11077
9949
6517
11764
11504
8212
4878
5841
10810
8607
10841
10367
8813
5566
6651
12102
10497
5602
11692
10891
11194
10664
4380
11717
10236
8682
5294
8337
10086
4258
10704
11147
9468
7634
10270
11849
10651
7307
10997
9199
9180
10353
6822
11584
10820
8888
5648
7335
9546
7606
10348
10292
7437
6491
10351
11552
9447
8688
8730
10409
11195
8642
8926
9671
11826
10439
6108
5504
9973
9281
11368
11614
8769
5808
9573
12160
10765
8857
11648
10526
11832
8501
7028
11574
10901
10217
5289
8510
12059
6517
10874
11460
7877
6447
11117
12047
11519
7702
12000
10466
11668
11953
6907
12685
11739
9277
7213
8595
11671
7288
12343
11644
10637
9475
10029
11933
10652
7465
12570
11583
11992
11104
8235
12355
11821
7977
8791
9114
10625
5051
12288
10073
10981
7767
9535
11888
12758
8251
11822
11921
11251
10717
6536
12190
12777
10346
7815
8527
11877
5215
11405
12590
10695
9271
10675
11273
11288
9274
12548
10727
11165
10591
7138
12498
12198
10913
9854
10729
10791
7842
11013
10714
11708
8033
9140
9532
11227
8527
12228
10879
10814
10406
8022
11179
12002
9086
7687
9452
10268
5416
12197
11423
7509
7929
9353
11284
11955
9143
11849
10268
9939
9598
3929
9283
11596
8808
6653
12232
9953
7004
11752
9427
9653
9202
9175
10673
12118
8180
12518
11227
10476
9799
7905
11959
12333
6512
8858
9544
11114
7135
11396
10514
10384
9688
10341
11710
12353
8721
12511
11812
11743
10415
9062
10301
10921
9445
7776
11641
10703
7848
11339
10599
10022
9206
10984
11951
10754
7546
12273
10462
9956
9778
7129
11231
11136
8424
6791
10005
11244
8792
12754
10983
9875
9764
10798
12045
11567
9560
12704
12205
11201
10655
7031
12068
12156
9414
8391
9920
12061
8800
12284
12154
9223
8740
9753
11656
11926
7744
12915
10428
11895
11114
8665
10867
11288
9219
5980
8689
11861
7526
11629
12322
11131
8727
10018
11765
11656
7029
11491
11567
11540
10348
7916
11926
11924
10056
7709
9780
11418
9947
12665
11916
9990
9224
11117
12297
11957
7881
12557
11782
11549
10492
7480
12499
12400
8230
10106
10947
11495
7946
11718
10535
11006
9207
8410
12199
10722
7954
12382
10822
10306
10968
7743
12510
12487
10468
8645
11345
12019
6567
12135
10982
10920
9551
11982
12554
11879
9721
12297
12276
11828
11133
9972
12655
12146
8230
10269
10236
11894
8810
12387
12735
12177
10297
12050
13083
11267
10521
12426
12165
12910
12100
8382
11562
12062
8902
10430
10715
11987
8888
12945
12128
11431
7502
11934
13234
12410
10729
13157
12245
12933
11450
9322
13043
12027
10238
8474
10042
11235
8375
12510
12920
10809
7626
10744
12919
11816
10272
12532
12449
11920
10247
10718
12708
12052
11746
7952
8547
11481
7399
12820
11601
10740
9286
11129
12384
12511
10933
11146
12969
12393
11247
8780
12926
11233
10522
10054
9620
11687
9569
12041
12160
11832
9592
12731
12970
10566
10401
12420
12629
11839
11065
9535
12501
12217
11544
8876
9143
12764
9496
11719
12562
12130
7992
12285
12968
11718
10421
12573
12232
12781
11330
9835
12815
12649
11631
9527
9043
11997
7702
12747
12902
12152
9479
11697
12955
12537
10780
12363
12979
12721
10421
8034
13048
12457
11232
10284
9848
11899
9178
12100
11888
12077
9720
11830
11828
12516
11281
12925
13156
12636
11881
9238
13182
12957
9353
9668
11054
12114
7970
12550
12020
11681
10197
12341
12883
12950
11065
12718
12580
11732
10564
10130
13365
12974
9527
9829
10352
11780
5405
13138
12793
12621
10777
11515
12247
11944
11339
13068
12958
11430
11537
8714
12184
12206
10926
10146
11625
12309
7738
12281
12589
12812
8311
12819
12365
12254
11018
12548
12308
11942
11656
10999
12821
13141
11336
10191
9582
11848
7086
11936
12119
12500
8622
12487
12792
11342
10701
11888
12636
12475
11471
10417
12881
11294
10219
10596
10330
11456
8202
12037
12842
12242
9125
12596
12729
11308
11036
12471
12748
12375
11966
9182
12696
13130
12083
10031
9844
11278
7866
12829
12780
12950
9647
12531
13259
11457
11072
12561
12828
13115
11979
10827
13215
12695
10814
9636
9288
11456
7732
12496
12595
11389
7852
12384
12582
12530
10792
12633
12632
12714
11981
9923
13251
13001
11516
9675
12203
11140
8110
12793
12468
12391
8729
12189
12088
12056
10350
11670
13436
12579
11570
7397
10930
12726
11407
9698
11689
11534
5730
11962
11328
11076
9034
11732
11953
12784
10462
12898
11903
12487
11764
6382
12869
13424
8876
9476
10356
11470
6055
12754
12733
12001
8982
12230
12721
11955
10712
13107
12913
12475
11458
9025
12989
11835
9498
8882
11355
12368
5309
12941
12717
12284
10323
12379
12413
12719
10820
12590
12283
12433
11278
9724
11458
12801
9530
10151
9967
11200
7860
12042
12629
12184
7483
12166
11105
12810
10222
12860
12997
12123
11261
5536
11838
11272
8605
7981
11193
9986
5973
11098
11294
12275
9764
11311
12138
13049
10220
13394
12679
12317
11642
8871
13431
10437
10014
10471
11792
12236
6467
13218
11662
10880
9870
12196
12758
12326
10360
12731
12419
12935
12381
9893
12833
12779
12242
9785
10354
11519
10161
12855
12642
12647
9168
12560
12847
12597
11355
11588
12873
12936
11483
10555
12625
12935
10874
9195
11195
11866
8440
12561
12972
11849
8191
12324
13042
13014
10626
12125
13131
12836
11927
9771
12305
12972
11681
10642
10417
11527
9787
12439
12892
12384
9596
12943
13278
13273
11742
13346
12795
12904
12514
10557
12835
13630
11946
9264
12137
11815
9898
12945
12740
12739
10370
11669
12946
13424
11554
13513
13003
13367
11964
10755
13546
13477
10068
10358
11724
11447
7644
12930
10209
12332
10430
12215
13038
12699
9214
13591
13173
11209
12008
8930
13493
12746
9768
9448
12647
12252
7262
13239
12358
12642
10288
11781
12357
13556
10568
13363
13012
12868
12114
10118
12992
13173
11354
10434
11376
12173
5476
13167
12569
12570
10596
11540
12474
12697
11516
13135
12573
11804
12066
6214
12870
13266
8553
10021
11488
10315
6490
10761
12754
12590
10452
11997
12264
13367
10649
12647
12821
12783
11021
9800
13084
13123
10754
10151
11918
12046
8483
12681
12631
12306
8556
12707
12414
13070
11006
12889
12400
13017
12090
10235
13288
12871
11622
10729
11551
11935
7253
12602
12527
12362
10103
12302
12729
12831
9802
12648
12446
12030
11145
9996
13280
13028
11391
8776
11615
11730
7941
12913
12552
11093
10239
12547
12999
12937
9970
11633
12154
13172
12075
8879
13121
12192
9391
9134
11988
12291
8880
12789
12652
12493
9860
12463
12718
13030
10928
13424
13615
13067
11792
8806
13094
12825
10352
9400
12315
11256
7028
13063
12707
12615
10619
12519
13269
13326
11536
13091
13026
13186
12500
8552
13149
13278
10690
10119
12794
11828
8221
13158
12474
12826
9738
13452
13150
13238
11325
12471
12959
13253
11834
8677
13732
12912
9941
10629
11936
12449
10662
13329
13044
12766
9451
12578
13243
11872
11673
13459
13838
13354
12582
10670
13819
13102
11905
9717
12782
12694
10291
13571
12840
12386
6986
12924
12841
13207
11804
13611
13508
13000
10941
10458
13777
13338
10667
10614
11648
12627
10887
13144
12833
13101
9455
13188
13287
12883
10981
13370
12714
13473
12497
10921
13538
12955
12013
10074
12093
12149
10658
12975
13503
12547
9071
13063
13345
13391
12026
13586
13402
13170
12230
9186
13668
12777
11276
10204
11391
11452
10058
13114
13308
12963
9580
12501
13296
13423
12210
13466
13416
13563
12337
11059
13424
13469
12073
9186
12019
12638
8822
13101
13213
12594
11356
12347
13396
12204
12016
12965
13220
12776
11565
11236
13584
13417
11428
11197
12143
12895
10370
13440
13374
11730
9835
12710
12509
12831
12105
13567
13004
13399
11375
10363
13718
13366
12191
10959
12616
11710
9497
13257
13512
12765
11398
12511
13395
13291
11913
13803
13686
13200
12582
11063
13690
13500
11621
10792
12417
12555
9491
13427
13604
12754
9293
12755
13539
13466
12117
13485
13491
13490
12489
10538
13844
13642
12041
10213
12759
13066
9804
13356
13108
12906
11057
12975
13375
12513
12033
13242
13089
13405
12243
10605
13646
12559
11637
10832
12793
11207
8698
13630
13090
12296
11071
12231
13356
12781
11462
13662
13063
13224
12054
10489
13314
13286
11897
11414
12351
12462
8506
13186
13061
12265
10854
12847
13210
13324
11549
13440
13310
13160
12058
10565
13357
13414
11969
10938
12806
12760
10023
13464
13187
12846
11735
13163
13342
13121
12289
13293
13464
13477
12285
10101
13608
13699
11826
10740
12238
12895
10130
13290
13548
12832
10327
12918
13418
12934
11116
13803
13678
12816
12507
10447
13810
13645
9831
11178
12339
11983
9772
12626
13102
13401
10891
13096
12993
13582
10760
13788
13310
13030
12006
10441
13711
13613
11343
10664
12553
12022
9179
13440
13450
12918
10053
12380
13260
13580
11360
13511
13025
12660
12537
6542
13410
13785
11043
10155
12481
12461
9002
13366
13129
13247
8957
11869
13256
13258
11975
13443
13598
13834
12388
10893
13638
13696
12055
11031
12137
12724
10044
13131
13402
13019
9648
13067
13056
13630
11619
13596
13466
13251
12349
10054
13858
13714
11545
11510
12328
12785
10958
13349
13093
12724
11461
12970
13022
13631
11562
13451
13399
13268
11487
11821
13103
13623
11540
10436
11523
12325
8917
13238
13268
12944
10252
12645
13484
12038
12017
13572
13206
13627
12137
11292
13604
13369
11500
10759
11490
11567
10479
12342
13497
12986
9758
12399
13390
13298
11113
13696
13376
12932
12007
11457
13452
13041
10897
9631
12368
12088
10548
12868
12708
12594
6078
13043
12575
12754
11672
13397
13006
12113
10504
11190
13281
13410
11631
10394
11907
11755
9829
12814
12872
12206
5334
12265
12132
13000
11900
13238
13126
13316
12269
10504
13229
13137
11357
10946
11740
11884
9136
12730
13128
12482
10125
12656
12818
13446
11504
13525
13285
13222
12013
10909
13214
13509
11761
11465
11490
12677
9855
12512
12188
12903
9945
12987
12794
13098
11610
13173
13308
12523
12044
11434
13615
13355
11885
11295
11633
11946
10546
12786
13405
12802
8985
13122
13548
13223
11413
13539
12771
13661
11949
9918
13782
13420
11787
9924
11946
11842
10328
13027
12803
12673
10680
12715
12560
13046
12120
13599
13028
13283
12300
9907
13481
13459
12069
11228
11931
12995
9104
13309
13543
11825
10054
12674
13351
12161
12297
13205
13257
13336
12594
12010
13598
13370
12201
11114
12804
12028
11206
13263
13398
12061
11246
13161
13492
13382
12412
12778
13612
13545
12252
11387
13455
13776
12900
11314
12473
11847
11083
12499
13099
13048
11143
13207
13411
13103
12283
13626
13606
13808
11021
11828
13276
13814
12241
11376
11677
12248
10005
13503
13517
12949
10935
12822
13516
13463
11876
13278
13638
13343
12211
9883
13699
13593
12078
11114
12225
12656
10976
13001
12389
13150
10373
12914
13372
13437
12010
13530
13447
13338
12008
11036
13686
13573
12196
10785
12451
12617
10572
13182
13252
12774
10904
11985
13159
13464
10716
13589
13029
12713
12195
8840
13072
13144
11292
10856
11940
13035
10990
13406
13469
13073
11320
13225
12989
13450
11922
13638
13110
13552
12811
10606
13725
13516
11701
10769
12874
11991
10819
13018
13576
12985
10763
13399
13199
13589
12193
13563
13518
13506
12630
11457
13778
13350
12240
10801
12612
12616
11421
13533
13429
12939
11882
13212
13358
13761
11441
13669
13675
13528
12735
11523
13872
13630
11941
11262
13067
12352
10344
13281
13685
13413
11317
13611
13447
13468
11932
13829
13613
13207
12578
11257
13789
13575
12207
11270
12781
12937
11579
13247
13323
12610
11670
13244
13538
13720
12215
13644
13536
13629
12558
11233
13754
13723
12516
11374
12849
12882
10917
13538
13415
13517
10508
13240
13290
12962
12299
13432
13721
13768
12096
11483
13782
13700
11720
11242
12680
12972
11111
13087
12703
12880
9958
13284
13154
13705
12112
13628
13488
13557
12226
11293
13386
13441
11806
11411
12710
13067
11038
13272
13265
12712
11264
13503
13539
13474
11953
13469
13565
13383
12293
11316
13387
13642
12352
11424
12459
13044
11882
13522
13947
12427
11439
13368
13630
13522
12440
13715
13740
13596
12125
11103
13361
12209
12811
11295
11698
12980
11223
12806
13395
13104
11555
13091
12760
13521
11561
13201
13301
13371
12438
11439
13271
12630
12577
12032
12548
12264
12072
13491
13076
12973
11663
13110
13722
12394
12022
13595
13465
13782
12274
11659
13687
13568
11840
11728
12595
12582
11764
13389
13326
13406
9606
13677
13336
13543
12650
13784
13754
13439
12773
10933
13457
13445
12891
11745
11428
12572
11523
13107
13072
13069
11595
13463
13692
13669
12551
13530
13959
13401
12914
11871
13942
13944
12835
11371
12490
12524
11146
13380
12942
12894
11188
13549
13148
13681
12775
13394
14007
13747
12873
11779
13632
13765
12630
12016
12802
12403
11952
13216
13467
13041
10794
13331
13489
13742
12314
13838
13464
13024
12378
11923
13808
13855
11781
10641
12686
12660
9917
13219
12971
12825
11522
13399
13475
13505
12470
13440
12969
13011
12644
12081
13773
13851
12113
11641
12607
13123
10942
13219
13177
13270
10990
13644
13551
13501
12240
13760
13791
13654
12507
12036
13876
13923
12700
10977
12134
13008
10104
13640
13609
13315
11671
13280
13676
13439
11975
13674
13697
13615
12577
11292
13468
13777
12281
10845
12544
12792
11128
13453
13156
13045
11791
12779
13598
13039
11798
13691
13656
13834
12669
11579
13870
13660
11949
11365
13156
12878
11493
13458
13607
12295
11431
13061
13360
13750
12273
13892
13324
13548
12703
11845
14047
13515
12519
11510
13046
12322
10691
13674
13547
13125
11025
13443
13528
13575
11876
13475
13502
13258
12537
11998
13821
13828
12540
10950
11733
12797
10118
12988
13195
12890
11511
12013
13583
13815
12102
13619
13241
13478
12459
11342
13519
13797
12050
12035
12862
12620
10969
13741
13364
13307
11344
13366
13557
13469
12533
13568
13608
13920
11940
12446
13683
13841
12657
11705
12231
12898
11285
13587
13199
13028
9975
13270
13503
12630
11808
13533
13625
13452
12739
10943
13448
13489
12490
10785
12373
12850
11834
13553
13550
13275
11638
12652
13895
13058
12282
13621
13325
14004
12430
12088
13972
13847
12612
11130
12276
12708
11777
13262
13654
12859
11349
12908
13826
13199
12622
13695
13602
13778
12457
11748
13862
13929
12428
11406
12811
13035
11443
13727
13336
13557
10464
13740
13405
13344
12254
13470
13925
13720
12184
12149
13504
13988
12765
11652
12915
12889
10656
13569
13677
13757
11336
13313
13257
13618
12366
13849
13956
13459
12692
11769
13818
13650
12652
11697
12243
12686
11647
13646
13470
13448
11861
13399
13772
13641
12589
13862
13983
13749
11832
12491
13904
13872
12918
11884
13071
12824
11628
13541
13786
13603
12052
13448
13671
13305
12348
13726
13739
13870
12384
11664
13728
13982
12342
11509
12747
11564
10817
12936
13781
12762
11450
13569
13277
13635
12616
12847
13668
13797
12087
11463
13999
13880
12467
11637
13005
12320
11102
13383
13516
13445
11280
13112
13940
13893
12718
13673
13507
13587
12519
11716
13618
13563
11752
11844
12682
12652
10687
13259
13722
13348
10929
13510
13597
13178
12620
13891
13758
13705
12682
12144
13823
13872
13124
11574
12592
13023
10913
13170
13125
13544
9791
13445
13594
12853
12602
13783
14026
13439
11936
11433
13423
13774
13289
11075
11436
12125
11479
12953
13870
13376
10707
13595
13703
12875
12501
13194
13795
13401
12217
11908
13841
13203
12522
12168
12536
13140
10998
13665
13161
13526
11680
13188
13411
13753
12420
13765
13602
13991
12776
10687
13857
13723
12016
11087
12261
12522
10595
13226
13716
13363
11765
12572
13438
12946
11052
13669
13689
13504
12527
11384
13919
13755
11804
10776
12430
12271
10691
12819
13631
12843
11595
12640
13184
13254
12016
13763
13722
13611
12473
10645
13507
13630
11791
10718
12295
12684
10449
13388
13041
13284
11493
13434
13482
12609
11824
13448
13233
13076
12522
11372
13543
13213
11567
11554
12644
12510
10083
13374
13499
11856
10624
13144
13497
13492
11233
13770
13453
13639
12475
11775
13346
13482
12460
11123
12606
12780
11194
13411
13533
12570
11392
12720
13497
13346
11853
13620
13751
13655
12160
11624
13828
13500
12538
10956
11469
12662
10207
13484
13822
13011
11716
13216
13317
13437
11477
13679
13813
13530
12721
10370
13613
13626
11760
11872
12650
12949
11087
13621
13646
13512
12008
13744
13398
13839
12469
13699
13892
13914
12580
12035
13528
14008
12391
11456
12779
12258
11767
13394
13703
13391
12004
13432
13818
13436
12500
13982
13937
13534
12915
11950
13696
13764
12624
11913
13082
12480
10239
13233
13513
13328
11890
13324
13567
13604
12479
13632
13866
13629
12740
12529
13921
13843
12993
12293
12885
13188
10935
13684
13913
13533
11945
13616
13574
13307
12914
13670
13603
13463
11454
10505
13269
13340
12851
11673
12091
11692
11193
13282
13506
13163
12027
13475
13528
13398
12700
13721
13811
13361
11155
10798
13810
13650
12998
11110
12568
12286
9625
13468
13550
13290
11790
13773
13398
13191
12758
13608
13908
13269
12282
12003
13679
13756
12657
11052
12813
12804
11724
13433
13415
13778
11239
13435
13757
13748
12609
13645
14008
13442
12539
11990
13757
13582
11890
11469
12283
12885
11587
13511
13800
13639
11625
13521
14075
13529
12944
13757
13963
13546
12637
12057
13713
13773
13080
11872
13279
12897
12067
13150
13520
13355
11055
13658
13696
13751
12375
13557
13762
13576
12348
8688
13732
13659
12803
11879
12211
12360
10085
12313
13683
13380
11498
13497
13248
13003
12808
13376
13767
13694
12556
11851
13266
13702
12790
10540
12450
12720
9916
13424
13296
13079
11054
13313
12765
13483
12765
13197
13901
13737
11716
11825
13577
13433
12393
11587
12778
11948
11305
13606
13172
13244
11436
13387
13492
13678
12078
13654
13839
13520
12423
11100
13931
13609
12784
11866
12373
12477
11314
13467
13421
13310
11594
13527
13712
13526
12815
13592
14107
13741
12343
12181
13840
13937
13008
11836
12147
12920
10693
13356
13322
12949
11272
13489
13338
13241
11556
13542
13784
13923
11804
12123
13678
13543
11842
11316
12360
12832
10520
13438
13554
12854
11319
13544
13402
13747
12952
13526
13826
13563
12736
11970
13902
13590
13086
12344
12404
12772
11186
13459
13351
13426
11593
12900
13287
13616
12186
13847
13509
13520
12149
11673
13582
13801
11881
11245
12040
12447
10801
13314
13203
13250
11333
12731
13392
13571
12085
13921
13603
13469
12394
11386
12772
13817
11476
11308
11809
12360
10178
12713
13356
13040
11329
12523
13073
13717
12207
13752
13427
12899
12329
10310
13835
13466
12782
11540
12960
12711
11018
13135
13495
13148
11415
12958
13429
13784
12034
13817
13633
13633
12675
12095
13798
13681
12541
11626
13164
13063
11079
13712
13631
13162
11836
13416
13698
13734
12602
13476
14002
13787
12813
11169
13633
13318
11719
12172
11793
12936
10334
12775
13376
13654
11010
13498
13433
13432
12596
13674
13556
13813
12919
11843
13802
13768
13022
11326
12792
12167
11677
13430
13673
13229
11841
13602
13337
13418
12894
13490
13648
13691
12404
11332
13926
13621
13033
11901
12752
12822
11195
13031
13534
13746
9999
13293
13915
13771
12446
13230
13636
13288
12220
10823
13756
13490
13141
11843
12403
12793
11333
13236
13472
13188
11305
13622
13399
13712
12196
13805
13669
13308
12103
11485
13658
13429
12342
11532
11797
12657
11096
12716
13371
13297
10962
13338
13515
13668
12413
13729
13467
13584
12535
11751
13384
13018
12401
11829
11464
12534
10472
13205
13408
13378
10989
13245
13471
13025
12538
13338
13380
13631
12446
11624
13474
13707
12946
12039
12844
12430
10239
13165
13243
13274
11130
13172
13270
13216
12561
13769
13436
12567
12532
10616
13790
13662
12968
12051
11974
11794
11203
13720
13304
13491
11296
13192
13353
13383
12613
13596
13929
13607
12164
12050
12826
13880
13013
11557
12159
12805
11704
13375
13553
13479
11418
13613
13710
13469
12469
13966
13658
13822
12103
12580
13773
14030
12621
12153
12573
12710
11739
13633
13573
13513
11688
13157
13638
13566
11138
13942
13788
13264
11992
12277
13084
13579
11698
12101
12736
12493
10847
13305
13929
13604
11116
13385
13629
13289
12715
13676
13646
13477
12451
11922
13764
13471
12218
12045
12945
12739
11462
13222
13786
13211
11768
13507
13711
13587
12962
13616
13749
14139
12910
12298
14104
13663
12374
11504
12906
12673
11886
13555
13584
13743
11794
13506
13711
12310
12442
13902
13921
13766
12605
12162
13974
13893
12851
11121
12436
13004
11263
13207
13606
13488
12009
12971
12962
13543
12325
13505
13826
13714
12649
11838
13784
13924
12710
11184
12946
13057
11692
13779
13294
13624
11760
13114
13183
13805
11773
13819
13799
13718
12918
11053
13998
13856
11889
10889
13185
13002
11153
13544
13501
13317
11508
13419
13579
13895
12196
13623
13826
13762
12685
11433
13021
13156
12232
11268
12500
12809
10651
13336
13445
13398
11594
13504
13575
13499
12149
13649
12879
12999
12413
11451
13767
13762
12136
12026
12937
12499
11357
12718
13021
12993
11610
13149
13192
13727
12517
13929
13707
13587
12737
11871
13812
13700
12490
12353
13128
12996
11928
13206
13463
13017
11564
13342
13462
13275
12624
13672
13599
13631
12720
11694
13552
13400
12403
11640
13014
12566
11671
13539
13358
12952
11591
13324
13676
13516
12357
13429
13712
13070
12317
11810
13764
13419
12390
11896
12562
12552
11672
13177
12976
12739
10737
13291
13508
13246
11529
13739
13785
13713
12322
11400
13732
13355
12716
11640
13150
12937
11587
13315
13571
12712
11602
13299
13574
13564
12094
13764
13500
13562
12547
11915
13725
13691
12478
11463
12970
12794
11799
13347
13660
13342
11776
13732
13266
13429
12447
13945
14115
13869
12536
11662
13711
13951
12973
11324
12167
12824
10748
13311
13574
13551
11304
13505
13396
13440
12983
13686
14133
13685
11316
12199
13777
13707
12928
12167
12725
12033
11151
12553
13657
13040
11943
13832
13663
13840
12550
13618
13960
13553
12382
11653
13699
14083
12613
11662
12105
12453
10895
13096
13629
13369
11494
13461
13576
13548
11477
13340
13469
13406
12546
11877
13542
14019
12672
12097
13123
12735
9897
13434
13440
13608
11591
13431
13804
13699
12278
13087
13880
13668
12826
11548
13944
13630
12976
12246
12784
12631
11463
12780
13835
13256
11403
13845
13265
13986
12926
13581
14175
13835
11477
12390
13926
13894
12591
12148
12329
11709
10094
13632
13671
13791
11643
13503
13654
13239
12684
13503
13547
13511
11980
11958
13715
14011
12491
11908
12614
13156
10666
13639
13135
13423
11605
13309
13348
13772
11358
13701
13840
13794
12413
11226
13933
13709
12070
11670
12900
12985
10142
13677
13473
13520
11652
13144
13438
13606
12854
13858
13761
13657
12343
11808
13795
13949
12524
12246
12711
13022
11596
13676
13622
13446
11481
13187
13477
13894
12621
13990
13787
13707
12366
11296
13680
13896
10022
11649
13030
12955
8965
13612
13675
13468
11737
13273
13277
13791
12055
13762
12977
13599
12237
11165
13926
13823
11935
11856
13046
12716
10861
13575
13668
12869
11667
13222
13281
13731
12039
13722
13650
13621
12889
11014
13758
13635
11751
11840
13282
12282
9614
13673
13248
13310
11903
13452
13689
13791
12339
13948
13854
13584
12178
11636
13997
13734
12640
12139
13100
12790
9831
13459
13670
13472
12378
13377
13517
13759
12641
13923
13912
13717
12143
12201
13866
13723
12547
11907
13402
12886
9541
13525
13858
13746
12165
13494
13561
13668
12585
14047
14168
13676
12687
11370
13752
14033
12428
10770
12836
12696
10846
13671
13597
13686
12163
13468
13544
13918
12349
13875
14212
14097
12781
12202
14039
13856
12763
12308
13158
13258
10993
13541
13811
13775
12006
13574
13810
13864
12871
14016
14125
13958
12126
12032
13705
13877
12545
12261
12801
12202
10237
12949
13861
13467
11635
13602
13486
13381
13126
13283
14072
13010
11985
12426
13843
13645
12678
12474
12267
12195
10263
12750
13662
13451
11939
13772
13214
13306
12857
13540
13721
13793
10356
12086
13399
13492
12875
11807
12545
12118
10981
12849
13862
13507
10905
13609
13494
13394
12469
13615
13858
13506
11667
11330
14183
13819
12536
10721
12670
12639
9948
13440
13909
13589
11142
13722
13575
13712
11742
14038
13918
13482
11589
11505
13676
14183
12254
11545
13345
13095
10429
13187
13619
13370
12208
13294
13749
13540
12358
14012
13954
13924
11516
11877
13767
13853
12701
11294
12765
12389
10868
13483
13933
13461
11269
13665
13676
13665
12526
13934
13467
13206
11700
12147
13654
13762
12373
11828
12358
12373
11853
12952
13477
13515
11460
13454
13552
13409
11842
13857
13884
13226
11388
11859
13839
14008
13297
12140
11991
12493
10815
13358
13867
13738
11855
13692
13963
12490
12222
14024
13789
13928
13044
11278
13713
13768
12318
12249
12729
12896
10371
13424
14104
13521
11891
13411
13692
13654
12875
13925
13670
13795
11954
12265
13768
13825
12553
11550
12531
12864
11385
13169
13836
13296
11659
13613
13398
13791
12779
14012
14117
14020
12507
11883
13891
13820
12127
12369
13102
12784
10963
13057
13595
13376
11911
13726
13831
13115
12369
13641
14119
14116
12225
12150
14025
13957
12914
12144
13214
12304
11682
13525
14019
13749
11807
13710
13875
13819
13035
13784
14020
14021
12312
12638
13990
14224
13090
12495
12814
12744
12127
13630
13969
13478
12166
13519
13353
13748
11834
13953
14128
13232
12132
12399
13570
13919
12413
11788
12500
11886
10600
13237
14030
13517
11815
13716
13786
13972
12830
13384
13894
13620
12772
12495
13855
14153
13001
12108
11954
12634
11960
13341
13830
13851
12078
13686
14184
13496
12572
14029
14047
14137
11799
12179
14083
14158
13379
12496
12644
12797
11551
13147
13683
13803
11461
13746
13119
13252
12889
13515
14079
13763
11362
11008
13969
14061
12253
12043
12192
12796
10928
13493
13949
13463
11984
13350
13594
13797
12602
13853
13686
13710
12820
12059
14074
13897
12934
11210
12996
13386
10488
13390
14038
13502
11723
13562
13978
13504
12526
13931
13974
14131
12488
12542
13835
13895
12274
12307
12650
12456
10420
13421
13518
13697
11975
13794
13667
13714
12924
13803
13967
13825
12271
11620
14160
13998
12894
12345
12567
13006
11693
13634
13825
13749
12078
13634
13031
13177
12675
13508
13919
13795
12104
12103
14151
13904
12213
12438
12659
12885
11822
13529
13664
13676
11256
13267
13915
13613
12472
13154
13746
13782
11655
11347
13469
13569
12707
11833
12734
12910
11108
13128
13657
13796
11528
13704
13739
13564
12428
13890
13596
13779
11292
11702
14019
13273
12708
11977
12570
13081
9251
13381
13530
13823
12069
13170
14071
13804
12696
13761
13800
13655
12431
12122
13797
14179
13176
12350
12360
12475
10737
13384
13043
13026
11074
13812
13679
13864
12486
13446
13346
13323
12556
11850
13923
13982
11036
12227
12809
12800
11218
13460
13839
13503
11077
13740
13422
13543
12790
14002
13905
13612
12957
12518
13796
13886
12791
11496
