383
-4457
-5828
840
-691
365
-6498
246
2629
-143
-6292
-180
2351
1865
2443
-3160
2813
-878
-3517
-8652
-4977
3437
-4683
5426
2962
-265
-4753
495
3478
3279
1675
4618
3493
4895
4455
-628
7376
7180
3592
-4507
384
2473
-8509
4154
2646
3168
108
5338
3645
7390
-170
6665
6052
5108
3222
-1237
8399
5259
-1087
-3484
-218
7674
-4472
8808
4388
5622
-319
6442
9931
6070
2665
3058
5328
7912
1295
-4398
8058
7908
-944
-2767
1009
2781
-7533
-222
6811
8130
-3920
2421
3517
6859
87
9241
665
5306
4085
-4612
10299
8942
-854
-3386
3127
837
-6831
6029
5921
6277
-3840
2297
7252
9029
327
9414
9812
8593
477
-619
9206
4426
101
-5437
8465
1855
121
7759
8385
7118
-2728
7245
9403
9284
3635
10549
9205
7522
3477
767
9899
8289
49
1831
2439
5217
-1967
7228
7146
7842
900
2819
5720
8688
5263
9467
7577
5566
3316
-1975
8368
9366
-1859
614
6122
4293
-4597
11400
9009
5711
-2115
5435
9320
10098
1318
6646
9552
6891
5570
1987
10127
9181
7526
2148
1536
7625
981
9214
8112
6517
222
5704
10611
7399
-1770
7921
9645
8388
7763
3321
11358
10666
3867
1738
5327
7431
3217
9980
8065
7529
3720
8789
9743
8655
7504
11283
8824
11333
6090
6065
6245
11184
9075
-709
1636
7821
176
8385
11658
6338
3104
8583
10657
10530
3844
11328
11502
8744
4346
3047
11183
11140
7144
3692
3152
8899
1806
8726
11446
5263
-848
9306
10816
9005
6777
10536
9945
6256
7872
7028
9382
8749
9294
2670
7543
9255
4166
10793
9622
5784
3897
9071
10926
9777
8052
9970
6059
11513
9752
6790
10257
11805
4999
719
7070
9568
2380
8907
9575
9355
2206
8673
10267
9047
5298
9194
9179
9687
5726
5940
11365
9886
6606
4369
7234
9585
4074
9645
9936
10212
2769
9029
10437
9288
9577
9163
11790
6797
5923
8050
9634
11093
8812
4568
7623
9929
4595
8616
10843
10645
-2407
7769
9928
8649
4287
10252
11758
10688
11103
5025
12399
12296
5800
-31
5158
8890
7203
10404
10756
11344
3232
10740
9976
10383
8774
10899
11632
11676
7351
5727
12087
10588
8480
1517
8976
6246
6693
8176
11757
11439
3034
11069
10516
8167
7711
10920
10934
11752
9401
7902
11125
11796
8604
5211
5648
6687
3254
10415
12147
10968
4190
11192
12525
8238
8133
11026
12499
10780
8238
9118
11181
9446
9549
3700
9969
7952
7390
9805
9627
4189
509
10134
11282
11125
7479
10623
11215
11560
10135
8187
10459
11325
8951
1406
7364
8788
4106
12844
12703
6468
1767
10353
8465
10821
5310
9798
11316
12375
10380
6452
9939
8604
9224
3871
7717
11403
9700
9528
11295
8492
1516
10599
12214
8746
4061
10926
10010
11076
10536
5929
10772
8957
10212
5140
4950
7287
6885
9742
12457
9635
5489
11022
12584
10831
7034
11349
11789
12223
10033
5292
11675
12505
9317
5528
6093
9956
6253
11687
11980
11809
7445
10629
12804
11059
5952
9515
11398
12198
9250
8473
12844
12096
10649
7153
2369
11087
8416
9975
11629
11630
8407
9811
11692
8661
8957
11349
11105
7931
9051
2616
11234
10745
7414
6535
7422
2181
2655
9692
10926
10570
5272
7828
12056
8257
6345
11328
12183
12766
6608
4397
12175
12299
10853
4894
6843
11132
6451
11950
12270
9361
5044
9966
10660
10890
4561
10523
9787
8668
9278
5625
9327
11914
9381
3338
6815
9831
8325
8548
11925
9513
7690
11593
12529
12129
8868
11797
11533
11062
8051
3665
12214
11553
10990
6546
9102
11514
7309
12382
11999
11586
9309
10794
12676
12040
7675
12260
11869
12646
9636
6571
11411
12406
9048
6047
9297
10381
8443
11850
12082
10800
8987
12435
12259
12719
9608
12515
12823
11899
7704
4740
12783
11652
9715
9029
7864
9747
5986
10817
11292
11269
8737
11901
12431
11562
9516
11595
11640
12057
9179
8374
11031
12870
8942
7325
5148
9170
7856
11674
11887
12161
8601
11545
12300
11275
10108
12102
11483
11732
8984
7550
11092
12318
8280
5996
8275
8371
8070
10060
11362
10816
8659
11517
11061
11469
9615
11982
12728
12139
6117
5423
11420
12960
10961
6923
7576
10223
6654
11226
11291
12083
8360
10537
12251
11659
10858
12254
11082
12173
7065
9807
11558
12403
10522
7011
4820
11365
9293
11922
12411
10721
7729
11924
12325
11242
5546
11515
12514
12317
10737
8038
12035
11504
8774
8211
7516
10131
9856
11627
12101
11461
9938
11791
12222
10677
8802
12027
12474
11662
10286
9025
11770
12486
10254
9131
8643
11181
8886
11745
11861
11612
8372
11723
12573
11484
8798
12370
11906
12546
9114
6047
12954
12795
9125
7760
9715
11009
6688
11493
11829
11040
7951
11654
11278
10820
10714
11782
12081
12466
10507
7281
12804
12643
9291
7873
4193
10664
6490
9470
11981
12918
9407
12453
12394
11132
9136
12615
10231
10460
8705
4150
12564
12480
7362
62
7987
11308
8688
12896
11951
12235
7021
11717
12303
9513
8852
11688
12561
12426
7609
8511
12395
12476
7832
6452
6663
9096
7857
11329
11973
11005
8898
10865
12470
10085
7359
12005
12667
11339
9632
7210
11899
12325
7761
8360
6394
9916
6309
8901
11736
12558
9386
8857
11514
11742
9244
12754
11398
11575
9206
4528
11833
12720
6022
9044
5260
10187
6808
10873
10596
12546
9351
10588
12749
12924
10270
12424
11485
12071
11269
5433
12861
12246
7191
8488
9017
11582
7448
10721
11639
12387
5980
12132
12728
10658
10021
11484
10325
12370
9556
7965
12602
11346
10366
9333
9227
11903
7645
12126
12111
11424
7209
11138
13043
11548
6843
12121
12606
12724
9959
8017
12658
12335
10789
8362
8161
10829
8946
12338
12976
12691
8108
12068
12258
11362
9739
11882
12731
12900
11591
9644
13068
11914
10074
6544
8322
10993
9475
12866
11493
12122
7487
11156
12707
11907
10404
12486
13137
12409
9545
7333
12874
12914
10414
11366
8533
11331
4612
12207
12587
12671
11307
10642
10569
12264
9938
12052
12636
11791
9324
8513
12636
11566
8664
9019
8352
11751
7151
12361
11317
11970
6849
11218
11653
10499
9756
12207
12757
10868
10176
8666
12473
12500
9708
9443
10124
11944
7822
11955
11174
12142
8901
9331
11949
12438
8749
12555
11848
12623
11307
9725
12539
12814
11362
9412
11134
11964
10202
12528
11028
12019
10729
10685
12728
12251
9142
12626
12609
13326
10866
8139
12618
12495
11818
9644
7352
11919
7908
12732
12249
10657
9444
12262
12829
11790
9125
12191
12876
12360
10458
9298
11814
12730
9661
9809
9683
10633
9972
12537
12502
10636
3965
11883
13163
12308
11669
12349
12605
12910
11701
9115
12419
12533
11012
8520
9187
11911
8651
12225
11923
12336
7563
12391
12386
11945
9974
12788
11537
12984
10821
9649
12502
12012
11778
10771
9480
11246
10006
12342
13009
11129
9033
12438
13026
11625
9236
12969
12462
12886
8993
9680
12577
12964
10966
10442
8332
11231
9214
11260
13141
13313
9744
12074
12507
12547
10712
12776
13156
12965
9822
8522
13009
12518
10528
9639
10218
12342
8783
12697
11683
11774
8467
11690
12070
12515
6934
12994
12373
11633
10122
8128
12834
13408
8766
10530
10842
12321
7988
12444
12405
12411
8816
10761
11211
11343
11049
12614
12398
10871
11624
9230
12963
12833
9857
9316
10566
11033
8520
10080
12591
12633
10392
11753
12359
11462
10213
12246
12209
9840
10796
8340
12816
12279
8949
8857
9200
12184
8554
12828
11302
11336
8435
10459
12126
12944
10465
12932
12103
12803
12035
8727
12645
12408
9758
9626
11267
11839
9887
12185
12569
12268
7792
12059
12742
12704
10810
12274
12054
13558
10081
8562
12752
11943
11118
8533
7835
10422
9853
10773
12750
12864
7301
10753
12115
11883
8861
11476
12774
13081
9862
8656
11882
12918
11720
7084
9535
10805
7065
11804
12170
12773
9185
11582
12317
11291
5870
11855
12044
11984
11061
9347
12377
12941
11143
8425
8315
8980
9331
11885
11681
11599
8512
10867
12523
12379
10383
12754
12611
12575
10617
8302
10798
12968
10254
10761
9105
11493
7241
10384
12243
12870
8292
12193
12669
11582
10369
12351
12875
13044
11174
10001
13051
13136
10556
8729
10132
11977
8701
12278
12820
13118
9423
11997
13417
12440
10861
13334
12425
13430
11510
10618
13406
12970
11009
9840
9814
11868
9548
12716
12884
13013
9070
12581
12974
12216
11322
12402
12230
12817
11217
10134
13314
13100
12220
10055
11398
11298
10306
12699
13037
12649
9335
12140
13135
12432
11824
12704
13194
13162
11776
10241
12970
13515
11715
10728
10906
12061
9700
12746
13298
12590
8930
12452
13168
12345
11390
13119
12443
12955
10855
9790
13351
12953
10473
9648
10287
10882
9411
13162
12820
13142
9572
11637
12492
12787
10056
12256
13170
13295
12482
11001
13380
11919
10457
5025
11966
12256
9271
12968
13175
12479
10132
12359
13126
12750
9819
12563
12479
12709
11780
11075
13054
12428
11824
7881
11275
12412
10587
12912
12169
12885
9464
10793
12996
12184
11119
13134
13073
12966
11244
10062
13191
13206
11038
9881
11694
10815
9989
12211
11681
12813
9351
11982
12715
12836
10341
13450
13303
13052
8838
9397
13134
12822
10853
10443
10838
9668
9413
12681
13226
13319
8098
13250
13284
12963
11834
12828
13265
13132
12192
10716
13547
13211
11145
10593
11485
12115
9978
13361
13156
12987
9666
12948
13618
12035
11472
12937
11799
12901
11514
10064
13146
13370
12112
9761
11946
10964
10304
13073
13004
12650
8866
12725
12786
13054
11317
12894
12959
13192
12146
11434
13122
12971
12154
9025
11974
12500
10907
12853
12845
13237
9587
13176
13067
12336
10254
12818
12282
12804
11982
11258
12976
13335
11920
10199
11660
12364
8820
12782
13384
12659
10834
12257
13102
12279
9026
12386
12514
13022
12093
10809
13310
13273
11697
10819
11337
12291
10525
13101
12819
12989
10450
12535
13103
12198
10079
13126
13085
13132
11905
10719
13373
13019
11799
8997
11919
12368
9111
13165
12753
12846
8982
10906
13361
12506
11343
12172
12511
12788
11214
9179
12293
12993
10197
11077
11149
12316
9377
12496
13103
12995
10770
11347
13436
12888
8490
13265
12234
12331
10947
8845
13344
12921
10640
8743
12085
11975
10204
13134
13463
13429
6601
11909
12806
12299
11242
12031
12851
13194
12672
11110
13210
13093
10889
7786
11456
12462
11221
13009
13049
11993
10265
12591
12899
11745
10799
13215
13440
13247
12167
10302
13164
12840
11641
10150
12263
11417
9816
13024
13383
12372
9988
10740
13133
12894
11066
11908
13181
13154
10666
10682
12956
12617
12197
11363
11788
12704
8120
12391
12999
12445
10572
12701
13186
12947
11271
12637
12955
13256
12226
11126
13446
13181
12346
10361
11046
11431
9014
12276
12150
12215
8944
11536
12445
12814
11105
12001
12488
13389
11052
10578
12844
12941
11752
7600
11014
12548
10299
12834
12798
12916
11441
12074
12678
12910
11883
12846
13400
12814
12112
10701
13244
13156
11993
10066
11883
10882
9738
12699
12920
12541
9884
11497
12855
12303
10584
12519
12486
12442
10027
8596
12323
13248
10955
9594
12032
12762
10928
12680
12634
12527
9355
12613
12868
12726
9694
12909
12641
13020
10211
11607
12508
13126
12148
9723
11243
11944
9467
11759
13021
12848
10931
11882
12062
11148
8396
12711
11478
11785
9917
8991
12222
13184
11071
10156
11279
10470
7977
12473
12557
12908
8932
11501
12603
12076
10060
12639
12876
12668
10727
11034
12898
12950
11476
9680
11227
11094
9266
12623
12483
12653
8491
11534
12114
12506
9288
12927
13176
12145
11527
11412
12415
12693
12007
8135
11844
12861
10565
12801
12598
12398
10214
11955
12949
12403
8934
12681
12719
12777
11464
11378
12016
12838
11246
10906
11649
11680
9855
12471
12716
12268
8905
12747
12860
12880
9150
12727
12834
12858
11263
9680
13089
12963
11349
10990
11833
12284
10046
12527
12407
11879
7624
12340
13072
12778
11470
12749
12825
12889
11677
9737
13149
12890
10103
10514
11836
12637
10182
12943
13065
12955
9443
11923
13204
12572
11211
12870
12900
13047
12373
11191
13410
13039
11751
11466
11020
12537
9920
12407
12899
12834
9273
11344
13548
12359
11438
12299
12942
12736
11851
11315
13117
13054
11723
11100
11978
11036
10511
13004
13211
12875
8824
12770
13083
13092
10767
13101
13062
13195
12566
11858
13088
12815
12148
11609
12032
12714
10781
12641
12859
12636
10577
11626
12742
12521
11267
12813
12547
12757
11961
11305
12845
13001
12331
9166
12309
12916
11266
12613
13543
10537
10759
11796
12310
12140
9957
12841
12605
12484
12655
11065
13108
12913
12593
9426
11736
12075
10694
11113
12533
11761
9404
10818
12977
12341
10574
11785
12418
13095
11123
11058
12961
12494
11518
9741
11042
12129
10878
12573
12693
12948
9959
11429
12856
12886
10330
13043
13077
12468
11911
8463
13015
13181
10582
9433
12264
12795
9837
13121
13219
12094
10013
11663
12681
12408
11631
13254
12693
12728
12362
10478
13044
12986
12243
11236
12039
11469
10782
12203
13205
13198
9697
11630
12533
12408
9801
12816
13169
13338
11983
11531
13187
12835
12115
11707
10257
12791
11315
12866
12967
12301
11343
12572
12851
13026
11744
12743
13381
13129
12198
10919
13058
12987
11900
11279
11499
12763
11033
13033
12817
12637
10990
12643
13068
13065
11487
12667
12938
13134
10781
10665
13264
13410
11827
11103
11895
12247
10829
12984
13413
12895
10510
13009
13211
12641
11867
13015
13136
13490
12329
11045
13045
13289
12558
11181
11357
12568
9547
13218
13381
12153
9614
12168
13589
12570
11713
13050
13292
13641
12447
11026
13330
13293
12233
10928
11274
12383
11216
12733
13216
13101
11493
12101
13657
13053
11034
12997
13519
13577
12453
11206
13227
13427
11988
10909
12312
12724
10620
13042
13376
13031
10096
12333
10157
12929
11076
12959
13088
13058
12379
11248
12908
13238
12036
10174
11659
12532
10660
12403
13410
12613
9815
12209
12906
12905
10499
13300
13045
13402
12332
11170
13290
13576
12209
11679
11723
11981
10799
12279
13500
13175
11399
11246
13084
11688
11869
13342
13283
12466
12319
10827
13008
13231
12303
11111
12167
12660
10410
13203
13057
12129
10978
11801
13207
12920
11516
13001
13171
13058
12302
11407
13465
13277
12320
11225
12481
13146
10743
12536
13369
12696
10720
12420
13185
12890
12244
13283
13272
13385
12512
11290
13131
13089
10804
11587
12317
12659
10904
13053
13306
12718
10685
10999
13238
13154
11981
12889
13150
13235
11703
10759
13370
13275
11701
11572
12005
12141
11245
13361
12893
12512
10136
12648
13233
13004
12117
13079
12968
13456
12662
10610
13438
13172
12182
10857
12072
12708
11084
12875
13412
13245
10681
12452
13378
12856
12509
12908
13404
13545
12860
11282
13638
13584
12208
12106
11636
13357
10682
12649
13336
12732
10666
12377
13234
12777
12313
13073
12876
13267
12491
11721
13122
13273
11574
8916
12481
13217
10842
12473
12350
12281
10470
11703
13138
13178
10025
13457
12774
12584
10464
10776
13304
12684
11978
10906
12599
13173
11124
12791
13728
13246
10597
12798
13656
12933
12032
13494
13063
13424
12528
11024
13641
13446
12725
12323
11876
12942
11238
13255
13444
12776
10793
12493
13273
13273
10822
13219
13112
13664
12792
11642
13024
13539
11893
11151
11902
12677
10965
13675
13408
13410
10373
12442
13262
13313
11635
13525
13199
11851
12709
12096
13257
13133
12132
10827
11629
12849
11380
13684
13565
13164
11348
13153
13517
12975
11982
13325
13466
13660
13183
11908
13325
13730
12776
10627
12099
13282
11853
13742
13761
13369
11478
12861
13802
13213
11926
13556
13409
13091
12713
11670
13512
13172
13035
11245
11688
13298
11291
13515
13571
13374
11139
12893
13546
12728
12064
13357
13440
13506
12825
11268
13526
13494
12415
11829
12269
13020
11508
13489
13462
13477
10854
12459
13123
13063
12007
13814
13698
13708
13031
11715
14043
13562
12281
11212
12503
12467
11353
13196
13225
12448
10947
11881
13312
13218
12188
13311
13670
13692
12890
10552
13764
13594
12332
11308
12474
13443
11615
13224
13770
13608
10759
13045
13415
13717
12231
13841
13667
14125
13202
12052
13556
13900
12074
10298
11670
13032
11090
13770
13726
12494
11412
12890
13706
13113
11450
13740
13525
12794
13134
11390
13160
13768
13088
11766
11836
12967
11513
13464
13299
13288
11530
13123
13333
12755
11866
13433
13297
13227
12798
11628
13482
13592
12962
8748
12161
13007
11595
13352
13286
12763
11127
13256
13597
13207
11938
13441
13115
13385
11889
11597
13618
13522
12386
10498
10863
13402
11516
12390
12739
13182
10961
12741
13438
12711
11860
12620
13390
13609
12244
11632
12783
13552
12102
10978
8652
12907
10479
12993
13556
13286
9798
12511
13530
12592
11482
13632
13435
13201
12584
11581
13615
13568
12837
11786
12021
13289
11387
13626
13227
13562
10817
12780
13642
13199
11983
13364
13386
13675
12459
11926
13720
13322
12880
11548
12186
12741
11143
13297
13040
13283
9739
12947
13831
13218
12166
13118
13363
13640
12297
11776
13286
12969
12562
11532
12178
13333
11271
13313
13352
13450
11040
12973
13738
13129
12764
13402
13813
13824
12408
11788
13766
13577
12422
12116
12674
13136
11483
13198
13867
13451
11518
12398
13857
13314
11725
13838
13361
13680
10437
11576
13932
13850
12559
11275
11686
12701
10832
12703
13531
13461
11357
12854
13449
13453
11605
13785
13185
14028
12610
11736
13687
13754
12435
11654
12427
12470
11284
13428
13950
12538
10425
12859
13220
13481
11849
13690
13701
13209
12550
12049
13629
13653
12483
11343
12269
13482
11196
13235
12815
13478
11264
12036
13476
13348
12676
13101
13143
13207
12188
11839
13639
13754
12795
11923
12507
13384
11423
13523
13344
13073
11468
13199
14070
13224
11408
13637
13511
13374
13131
11642
13587
13501
12370
11134
11693
13058
10174
13608
13578
13429
11052
13583
13282
12963
11722
13570
13535
13614
13047
11986
13963
12739
12910
11696
11465
13336
11308
13551
14038
13034
10997
13779
13713
13447
11944
13707
13064
13296
13066
11695
13254
13836
12060
12149
12043
13252
10259
13561
13686
13566
9315
12962
13867
13231
12237
13683
13878
13610
12391
12085
13623
13680
12716
12079
12218
13408
11424
13452
13854
13223
11578
13210
13922
13338
12231
13682
13754
13628
13015
11028
14107
14039
12306
11338
12350
13424
11712
12959
13746
13437
11620
13545
13649
13528
11748
13982
13911
13885
12593
11764
13872
14059
13042
11071
12039
13035
11509
13467
14083
13639
11293
13069
14032
13094
11325
13846
13779
13968
12613
12098
14011
14084
12555
11640
11708
12687
11848
12833
13702
13270
11618
13000
13650
13272
12377
13676
14055
13462
12765
11724
13813
13787
12611
11367
12516
13327
11424
12898
13005
13631
11718
13493
13760
13393
12700
13919
13804
13523
12845
12042
13946
13646
12857
11764
12009
12949
11012
13637
13639
13447
11060
11737
13756
13174
12339
13542
13692
13810
12628
11478
13811
13861
12637
11119
12285
12793
11841
13414
13844
13503
11189
13489
13838
13605
12252
13751
13775
13857
13260
11977
13731
13859
12329
11673
11656
13260
11473
13722
13563
13489
11435
12293
13595
13119
11720
13602
13464
13520
13256
11837
13818
13713
12428
12236
12455
12759
11536
13359
13649
13752
11983
13189
14004
13076
11425
13427
13641
13746
12552
11662
13606
13461
12512
10515
12572
13383
10376
13430
13494
12581
11207
13075
13758
13130
12348
13303
13884
13598
12725
11569
13424
13763
12983
11573
11964
13556
11941
13347
13891
13556
11564
13630
13765
13705
12070
13589
13980
14063
12316
11924
13675
13577
11915
10411
11772
13131
11395
12610
13705
13587
11399
12796
13210
13470
12484
14041
13775
13436
12636
10655
13849
14001
12572
10986
12607
13096
11997
13609
13645
13174
11782
12662
13697
13171
12039
13725
13612
13369
12927
10186
13808
13511
12836
10608
11967
13106
11800
13801
13614
13333
11812
13069
13626
13360
12347
13430
12843
13938
12547
11535
13845
13828
12797
10626
11874
13211
10153
13202
13990
13465
11864
12855
13088
13238
10883
13476
13410
13400
12812
11379
13345
13850
12582
10502
11757
12550
11881
12877
13417
13252
11505
12023
13718
13321
11730
13727
13059
13498
12759
11586
14009
13491
12511
11958
11882
12545
11188
13420
13567
13335
11816
12706
13411
12506
12369
13715
13524
13819
13148
11956
13490
13920
12754
12043
12274
13326
11802
13670
13771
13333
11790
13025
13745
13440
12647
13712
13647
13187
12952
11866
13542
13635
12183
11891
12070
13117
11750
13627
13626
13551
11301
13140
13733
13581
12528
13454
13178
13290
12972
11885
13833
13043
12751
9687
12276
12744
11246
13527
13175
13550
11162
12057
13760
13357
12473
13781
13404
13623
12518
12006
13765
13455
11318
10232
11000
13170
11237
13454
13875
13099
11024
12815
13884
13415
12125
13032
13658
13467
13166
11988
13548
13628
12577
11095
12478
13114
11796
13352
13496
12416
10175
12609
13418
12913
11874
12969
13217
13559
12111
11999
13502
13431
12808
10338
12395
13079
12111
13401
13453
12667
10984
13010
13810
13410
11962
13634
13574
13600
13101
11793
13687
13362
12889
9773
12413
13186
11318
13330
13722
12597
11413
12830
13429
13494
10568
13671
13983
13600
12994
11972
14089
13981
11829
10429
12788
13435
11522
13623
13313
13538
11946
11345
13675
13609
11407
14091
14081
13736
12736
11364
14067
14045
11323
9046
11735
13241
11702
13672
13855
12916
11763
13060
13619
13495
12340
13651
13897
13510
12882
11905
14072
13810
12652
11792
12734
13343
11863
13624
13906
13473
11375
12196
13382
13964
12576
14006
13717
13334
13181
11112
13020
13355
12789
12118
12751
13644
11485
13712
13524
12971
11526
13187
13713
13367
12072
13739
13374
13743
12854
12063
13345
13917
12271
10443
12238
12918
11669
13187
13629
12562
10725
12670
13806
13716
12162
13530
13507
13884
13082
11282
13900
13622
12693
11008
12677
13152
11993
13512
13638
13212
11391
13216
13490
13006
12001
13403
13467
13538
12928
12151
13931
13690
12500
11470
12752
13284
12151
13231
13627
12979
11145
13173
13920
13298
11560
13090
13622
13453
13136
11927
13420
13300
12025
11710
12590
13293
11163
13313
13409
13248
11510
13243
13811
13304
11308
13518
13304
13239
12563
11918
13694
13361
12814
9478
12331
12897
11410
12326
13818
13273
11225
13117
13825
13490
12512
13513
13884
13721
12944
11928
13533
13652
12336
11819
12505
13475
11535
13667
13600
13141
10137
12777
13805
13310
12323
13677
13506
13374
12945
11719
13806
13798
12475
11732
12605
12871
11735
13566
13644
13588
11853
13593
13705
13089
11993
12971
13335
13842
12903
11724
14149
13952
12599
10985
11412
13330
10767
12844
13773
13276
11634
12808
13946
13008
11878
13228
13059
13995
13078
11101
13728
13291
12596
10042
10710
13347
11674
13300
13379
13313
10956
12983
13628
13060
11679
13533
13583
13539
13010
11994
13928
13635
12156
9373
12440
13462
11281
13613
13734
13200
10883
12551
13914
13008
10532
12662
14021
13774
12428
12077
14041
13687
12254
10430
12434
13059
12000
13455
13535
12758
11467
12644
13893
13283
11526
13366
13463
14019
12714
11880
13710
13938
12636
11156
11927
13293
11947
13564
13688
13589
11349
13081
13942
13322
11917
13838
13701
13816
13032
12066
13928
13968
12697
11595
12578
12817
11410
13803
13932
13529
10754
13316
14060
13679
11472
13657
13239
13572
12775
11798
14215
13993
12510
11826
12277
13501
11665
13937
13874
13599
11973
13298
13870
13666
12678
13834
13506
13867
12620
11083
13952
14016
12480
10504
11591
13267
11507
13319
13922
13374
12084
13097
13623
13601
12625
13748
13692
13732
12641
11898
13770
13563
12428
11985
11905
13279
11271
13677
13610
13336
11454
12839
13450
13377
11815
13466
13580
13875
12106
11930
13929
13855
12875
11526
12797
12550
11468
13465
13501
13586
11675
13188
13808
13402
12964
13991
13880
14069
13018
11961
14061
14109
13037
12004
12151
13534
11874
13722
14169
13801
11367
13369
14113
13740
12623
13996
13976
13830
12915
12142
14152
14067
12611
12194
12111
13141
11628
13660
13941
13805
11566
13036
14039
13410
12835
13694
13884
13737
11641
11933
14054
14064
12951
11985
11821
13229
11569
13433
13858
13696
11749
13094
13597
13219
12932
13158
13888
13471
12828
11870
13493
13730
12934
12119
12042
11336
12035
13153
13582
13745
11408
13125
13989
13051
12374
13697
13658
13880
12259
12139
13838
14027
12555
11786
12705
13095
12125
13155
13810
13447
11148
12948
13985
13418
12360
13889
13847
14070
12142
12309
14125
13898
12524
11151
12648
12920
12156
13795
13708
13486
11576
13314
13864
13358
12186
13733
13085
13476
12450
11832
13931
13866
13181
12186
12248
13374
11800
13630
13792
13655
11923
13119
14055
13276
12263
13855
13596
13825
13137
11391
13644
14068
12718
11202
11826
13363
11860
13538
13686
13134
10629
13122
13984
13907
12631
13892
13810
14163
12907
12218
14254
14153
12975
12031
12570
13248
12077
13222
13614
13492
11540
12948
14120
13625
11770
13708
13664
13969
12893
11991
14081
14160
13138
11980
12689
13385
11635
13900
13844
13729
11740
13344
13998
13384
12796
13933
13957
13960
13161
11927
13967
13991
12623
11728
12041
13645
12029
13998
14147
13279
11186
13461
14096
14005
12217
13963
13949
14165
12692
12267
13877
13751
12833
12304
12701
13316
11737
13783
13860
13699
11467
13212
13993
13187
12852
13387
13996
13806
13043
12090
13912
13856
12035
11706
12746
13006
11710
13880
13799
13674
11601
12906
13211
13630
12252
13789
13789
13771
13151
12000
14105
14167
12200
12118
12784
12398
11252
13466
13662
13742
12166
13231
13953
13501
12810
13765
13623
14003
13142
12011
13968
14022
12720
12205
12655
13363
11462
13653
13981
13872
11617
13275
13669
13881
12804
13836
13932
13345
12623
12290
13854
13834
12656
11554
12394
13061
11552
13582
13737
13841
10904
13256
13989
13153
12034
13873
13984
14097
12552
12120
14010
13895
12941
11919
11907
13239
10698
13501
14014
13887
11385
13238
13834
13294
12314
13035
14226
13796
12435
11718
13553
13642
12662
11497
12211
13218
11915
13456
13927
13935
11443
13294
13908
13293
12183
13685
13936
13618
12962
12029
13974
13996
12887
11147
12214
13570
10858
13670
13762
13606
11105
12853
14178
13351
12542
13691
13779
13999
13219
12114
13996
13958
12780
11692
12139
13425
11652
13904
13987
13185
11842
13241
14242
13611
12182
13794
13984
14104
13195
12191
13989
13929
12792
11856
12660
13636
12033
13784
14062
13399
11061
13564
14236
13762
12116
14021
13857
13992
11886
12349
13998
13838
12608
11449
11731
13526
10963
13716
14031
13725
11298
12759
13918
13634
12427
13728
14123
14054
12939
12143
14096
14099
12895
11146
12467
12886
12312
13905
14196
13629
11948
13343
14062
13520
11999
13861
13955
14099
13055
11322
13986
14102
12711
10824
12623
13483
12088
13712
14020
13831
11806
13096
14070
13800
12682
13821
13896
13941
13360
11762
14203
13909
12944
11364
12511
13575
11415
13897
13845
13285
11646
13669
13953
13574
12021
14030
13862
13889
13188
12153
14201
13623
12598
10900
12334
13563
11316
13906
13701
13031
10879
13364
13775
13692
12008
13897
13558
13874
13257
11790
13889
13694
12559
11697
12803
13642
11872
13961
13737
13388
11935
13461
13697
13874
12289
13721
13870
13813
12884
11738
13831
14188
12754
11197
12298
13277
12104
13917
13919
13538
11790
12539
13933
13599
12468
13977
13941
13741
12928
11974
13856
13988
12922
11605
12488
13459
11817
13580
14017
13831
12242
13489
13963
13659
12803
13796
13964
13997
12554
12057
13787
13983
12852
11606
11872
13249
11889
13809
13820
13678
11845
13276
14065
13240
12499
13591
14034
14089
12857
11763
13682
13611
12712
11501
12686
12590
12306
13508
13893
13680
11567
13263
13930
13293
12686
13509
13352
13773
13172
11947
13836
13717
12795
11038
12775
13239
11783
13867
13913
13200
11640
13254
13926
13531
12709
13131
13985
14044
13147
12128
13671
14019
12771
11720
12427
13403
11649
13614
14143
13664
11492
13340
14170
13705
12538
13833
13808
14047
12943
12171
14129
13883
12810
11791
12388
13001
12004
13121
13964
13670
11120
13232
14018
13366
12777
13880
13937
13947
12564
12123
13808
13944
12873
11657
12096
12791
11973
13607
13777
13436
11898
13057
13782
13075
12484
13611
13789
13937
12549
11794
13808
13648
12820
11538
12292
12620
11480
13442
13651
13602
11419
13599
13836
12391
12588
13462
13791
13749
11691
12271
13977
13824
12937
11588
12286
13180
12125
13612
13911
13706
11922
13412
13697
13510
12609
13620
13920
13962
13007
12041
13855
13952
12902
11352
12597
13596
11737
13982
13899
13713
11043
12049
14004
13431
11337
13709
13969
13496
13089
12093
13666
13906
12479
11961
11683
12335
12044
13803
13991
13839
11972
13092
13718
13718
12103
14023
13469
14041
12937
11966
14166
13814
12792
9557
12651
13310
11845
13268
13593
13211
10929
12946
13659
13630
11966
13526
13300
13350
12613
12155
13924
13557
12647
10967
12522
13630
11959
13618
13916
12585
10958
12879
13825
13363
12446
13990
13747
13814
13186
11808
13899
13809
12816
12040
12637
13556
12097
13105
13685
13474
11958
13036
13673
13526
12084
13676
13857
13661
12986
11562
14041
13936
12795
11527
12653
13466
12050
13328
13856
13493
12034
13177
13767
13706
12581
13728
13698
13708
13535
12320
14054
14037
12936
11437
12689
13367
11740
13660
13819
13476
11238
13175
13194
13253
11245
13743
13679
13650
13008
11747
14185
13346
12850
10689
12417
13468
11957
13450
13884
13171
11467
13277
13784
13528
11649
13376
13869
13806
12885
11672
13844
13530
12532
11527
12074
13486
12068
13581
13791
13621
11698
13531
13976
13170
12303
13788
13963
14277
12329
11773
13892
13796
13227
11025
12331
13424
11991
13434
14058
13603
11755
13453
14019
13327
11505
13906
13837
13912
12887
12028
13795
13848
11952
11384
12866
13138
11257
12573
13434
13661
12071
13274
14074
13397
12042
13634
13740
13567
12669
12280
14043
13872
11808
11229
12614
13271
11419
13325
13844
13681
11980
12927
13967
13223
12403
13777
13885
13626
12313
12052
13852
13929
12852
11968
12508
13316
12175
13609
13911
13652
11168
12841
13817
13212
12689
13688
13654
13687
12532
11816
13734
13704
12795
12069
12434
12739
11990
13222
13470
13590
11584
13155
14142
13437
12629
13398
13707
13992
12437
12044
13925
14052
12691
11386
12836
12750
11446
13281
13664
13333
11358
13343
14111
13331
12485
13967
13456
13879
12691
12333
13965
13706
12597
10163
12559
12952
12027
13413
13946
13558
11524
13223
14121
13410
11738
13818
13911
13843
12990
12130
13838
14002
12897
11678
12668
13279
12119
13726
13936
13699
11604
13184
13863
13587
12346
13630
13895
14121
13191
12128
13981
13681
12951
11729
12735
13499
12079
13637
13795
13812
11638
13477
13881
13638
12807
13873
14005
13998
13011
11982
14128
14013
12588
11751
12714
13104
11698
13239
13983
13799
12239
12919
13945
13493
12265
13919
13783
13878
13204
12214
14009
13878
12829
11684
12467
13532
11518
13556
13825
13782
12092
13197
14166
13588
12209
13723
13968
13949
13194
11867
14163
14084
12672
11715
12516
12993
11692
13859
14075
13750
11885
13258
14061
13908
12147
14089
13504
14088
13386
12266
14007
14160
13034
11806
12750
13634
12257
14012
14121
13855
12139
13214
14153
13840
12280
14073
13666
13575
13254
12199
14291
13709
12787
12064
12259
13581
12112
13775
13754
13467
11909
13142
13815
13672
12600
13644
13727
13861
12989
12484
13792
14097
13214
12062
