-33206.0
-23105.0
-22950.0
-28196.0
-17994.0
-31378.0
-38129.0
-28024.0
-19355.0
-28955.0
-36395.0
-22412.0
-22616.0
-10837.0
-24111.0
-23110.0
-16960.0
-25453.0
-23061.0
-33683.0
-32968.0
-17488.0
-20368.0
-40311.0
-24293.0
-22252.0
-24570.0
-31647.0
-27825.0
-28790.0
-29414.0
-21609.0
-32679.0
-32304.0
-21242.0
-12853.0
-29614.0
-23846.0
-15683.0
-35614.0
-20770.0
-18086.0
-29350.0
-23638.0
-26064.0
-15094.0
-29426.0
-23321.0
-17659.0
-26052.0
-27936.0
-25624.0
-28937.0
-19043.0
-20144.0
-23283.0
-26035.0
-18005.0
-19720.0
-25378.0
-23879.0
-16884.0
-12952.0
-12828.0
-26550.0
-20689.0
-18625.0
-15418.0
-25668.0
-25223.0
-32491.0
-22149.0
-19194.0
-21455.0
-26843.0
-24167.0
-18389.0
-25781.0
-25295.0
-20084.0
-26893.0
-22018.0
-27842.0
-26025.0
-15447.0
-21732.0
-24689.0
-28504.0
-15550.0
-25158.0
-20568.0
-19479.0
-23749.0
-21923.0
-19754.0
-16570.0
-19026.0
-23580.0
-16990.0
-25378.0
-29536.0
-21390.0
-29402.0
-23721.0
-15187.0
-19094.0
-20670.0
-18122.0
-13334.0
-16819.0
-22122.0
-14617.0
-16594.0
-14052.0
-24530.0
-29414.0
-17229.0
-14147.0
-28800.0
-21040.0
-25792.0
-14768.0
-21020.0
-21445.0
-22820.0
-20250.0
-32379.0
-15377.0
-21676.0
-23737.0
-22824.0
-29097.0
-23329.0
-21426.0
-13034.0
-22497.0
-29112.0
-21552.0
-24872.0
-22017.0
-19496.0
-12749.0
-13140.0
-19330.0
-19702.0
-14934.0
-20025.0
-27257.0
-17059.0
-12567.0
-18573.0
-13316.0
-29106.0
-14133.0
-15754.0
-15476.0
-29402.0
-20856.0
-18670.0
-12455.0
-22588.0
-8089.0
-16708.0
-13460.0
-19426.0
-28396.0
-11284.0
-20339.0
-19764.0
-15358.0
-26700.0
-13191.0
-24586.0
-12974.0
-18671.0
-21581.0
-14499.0
-15976.0
-34643.0
-26837.0
-28503.0
-17158.0
-26012.0
-15923.0
-9967.0
-17304.0
-21796.0
-22830.0
-16697.0
-25516.0
-13008.0
-13356.0
-16510.0
-28439.0
-10852.0
-16099.0
-15837.0
-16411.0
-11290.0
-18954.0
-18876.0
-16649.0
-23280.0
-12661.0
-10835.0
-13980.0
-24644.0
-15273.0
-10265.0
-14429.0
-15078.0
-11275.0
-15712.0
-15021.0
-17898.0
-19887.0
-17270.0
-16505.0
-19947.0
-18400.0
-18703.0
-9556.0
-8890.0
-17909.0
-14510.0
-18670.0
-14509.0
-12984.0
-19939.0
-19752.0
-15412.0
-15902.0
-17797.0
-11416.0
-6597.0
-9175.0
-17922.0
-13807.0
-9339.0
-17216.0
-6732.0
-14000.0
-17402.0
-28193.0
-9682.0
-7202.0
-13283.0
-23886.0
-11333.0
-16852.0
-9601.0
-12764.0
-24960.0
-17936.0
-14944.0
-8235.0
-14869.0
-12087.0
-13836.0
-14926.0
-18568.0
-14916.0
-11313.0
-13731.0
-17808.0
-15332.0
-13642.0
-6011.0
-15731.0
-24852.0
-16076.0
-18240.0
-9348.0
-13608.0
-7723.0
-10914.0
-15544.0
-6971.0
-19122.0
-16413.0
-10154.0
-21916.0
-20391.0
-13251.0
-9132.0
-5714.0
-18014.0
-11802.0
-14797.0
-11046.0
-6321.0
-7543.0
-22242.0
-16579.0
-7977.0
-10803.0
-9501.0
-16430.0
-6709.0
-13238.0
-12836.0
-10389.0
-26097.0
-10555.0
-6462.0
-12606.0
-16326.0
-17218.0
-13247.0
-16666.0
-20819.0
-6037.0
-8501.0
-11259.0
-9605.0
-22654.0
-8186.0
-7897.0
-22810.0
-11955.0
-16234.0
-16868.0
-14840.0
-14015.0
-10886.0
-8488.0
-18272.0
-11523.0
-17867.0
-17749.0
-11233.0
-17248.0
-15662.0
-12662.0
-13874.0
-11709.0
-22030.0
-7903.0
-3663.0
-11521.0
-4833.0
-5035.0
-11496.0
-10081.0
-7757.0
-6971.0
-9961.0
-14415.0
-7223.0
-8712.0
-17848.0
-7744.0
-28464.0
-7683.0
-7039.0
-9329.0
-12283.0
-10134.0
-7208.0
-6185.0
-12176.0
-4481.0
-12885.0
-6047.0
-15544.0
-22851.0
-5119.0
-7427.0
-19238.0
-20546.0
-12170.0
-14894.0
-10559.0
-10379.0
-9074.0
-11422.0
-8913.0
-7351.0
-12937.0
-12589.0
-12099.0
-11493.0
-9731.0
-5972.0
-6379.0
-4489.0
-25881.0
-7512.0
-7994.0
-16286.0
-6578.0
-5358.0
-11083.0
-17057.0
-6941.0
-5973.0
-16399.0
-19575.0
-4787.0
-10265.0
-9129.0
-14172.0
-26062.0
-11450.0
-5185.0
-3565.0
-19547.0
-19714.0
-7107.0
-6655.0
-11283.0
-3544.0
-3484.0
-8666.0
-10959.0
-21984.0
-7639.0
-4412.0
-18557.0
-12881.0
-11439.0
-4937.0
-12759.0
-10415.0
-7144.0
-10737.0
-8884.0
-5859.0
-15251.0
-21789.0
-10940.0
-11380.0
-11106.0
-6131.0
-9063.0
-9521.0
-13427.0
-8910.0
-8330.0
-9537.0
-3104.0
-5740.0
-12282.0
-17948.0
-5536.0
-4238.0
-10484.0
-17466.0
-4828.0
-8845.0
-9241.0
-9270.0
-18413.0
-5556.0
-5220.0
-4962.0
-14342.0
-11601.0
-5434.0
-10752.0
-11118.0
-5410.0
-3470.0
-4157.0
-7603.0
-11834.0
-3927.0
-6080.0
-8676.0
-13165.0
-12971.0
-6148.0
-12279.0
-9146.0
-8151.0
-7281.0
-4895.0
-4936.0
-12932.0
-8574.0
-10151.0
-10768.0
-11619.0
-9875.0
-3469.0
-4239.0
-10374.0
-8409.0
-4986.0
-4560.0
-4943.0
-4697.0
-6663.0
-9481.0
-3293.0
-4132.0
-5111.0
-17090.0
-14336.0
-12447.0
-9365.0
-8634.0
-23400.0
-4908.0
-3383.0
-4485.0
-7495.0
-6111.0
-5476.0
-4491.0
-11852.0
-7652.0
-4781.0
-15491.0
-12734.0
-8533.0
-8594.0
-3477.0
-8796.0
-16389.0
-17065.0
-9604.0
-7202.0
-7215.0
-8618.0
-8601.0
-13095.0
-6113.0
-11423.0
-10785.0
-15596.0
-9462.0
-12978.0
-12125.0
-5498.0
-9668.0
-17028.0
-7963.0
-14379.0
-5083.0
-6020.0
-5363.0
-17596.0
-12924.0
-3503.0
-5061.0
-9823.0
-6439.0
-3280.0
-10240.0
-7643.0
-8361.0
-22876.0
-3262.0
-4351.0
-10225.0
-11880.0
-6880.0
-3023.0
-4668.0
-12809.0
-10462.0
-5672.0
-3584.0
-7392.0
-6550.0
-3647.0
-3792.0
-4233.0
-9162.0
-13376.0
-4847.0
-8287.0
-3771.0
-5836.0
-11033.0
-10081.0
-5284.0
-15550.0
-4809.0
-11636.0
-6267.0
-26485.0
-5715.0
-4841.0
-6828.0
-8489.0
-4554.0
-3253.0
-4705.0
-3821.0
-5884.0
-4650.0
-8342.0
-9317.0
-3461.0
-9323.0
-5548.0
-6032.0
-7318.0
-12458.0
-6913.0
-15400.0
-7361.0
-3574.0
-3409.0
-9716.0
-6182.0
-5501.0
-4097.0
-15977.0
-7360.0
-14380.0
-3625.0
-5737.0
-12092.0
-5764.0
-4307.0
-8945.0
-9042.0
-8797.0
-4461.0
-5370.0
-8519.0
-10930.0
-8120.0
-15333.0
-4857.0
-8170.0
-7453.0
-11652.0
-6430.0
-3886.0
-7705.0
-4152.0
-5539.0
-6921.0
-8095.0
-9542.0
-3194.0
-4593.0
-7209.0
-8033.0
-5012.0
-4875.0
-3047.0
-7250.0
-14541.0
-3298.0
-3403.0
-18021.0
-7032.0
-12265.0
-6928.0
-4100.0
-3891.0
-6657.0
-4126.0
-4070.0
-6264.0
-6526.0
-12421.0
-6386.0
-3235.0
-4964.0
-9018.0
-7319.0
-4765.0
-5326.0
-5389.0
-7349.0
-4499.0
-5218.0
-7938.0
-9315.0
-9893.0
-5605.0
-5257.0
-7759.0
-4587.0
-15225.0
-6439.0
-5205.0
-4003.0
-3653.0
-5394.0
-5393.0
-8186.0
-4974.0
-5087.0
-5774.0
-3521.0
-6969.0
-7206.0
-3426.0
-7588.0
-7981.0
-6772.0
-4604.0
-7078.0
-12699.0
-16805.0
-8617.0
-5842.0
-8297.0
-3418.0
-7933.0
-3173.0
-7526.0
-7149.0
-4377.0
-8644.0
-3735.0
-5797.0
-7616.0
-11632.0
-8200.0
-7168.0
-5463.0
-4905.0
-12056.0
-7794.0
-4992.0
-13210.0
-8121.0
-10750.0
-4278.0
-6090.0
-12398.0
-3877.0
-13669.0
-11957.0
-7168.0
-6421.0
-3601.0
-3229.0
-7230.0
-3721.0
-4599.0
-3680.0
-3295.0
-2955.0
-9765.0
-9676.0
-2971.0
-4100.0
-15242.0
-4145.0
-3252.0
-7852.0
-8757.0
-6452.0
-6319.0
-9800.0
-3514.0
-3347.0
-7211.0
-5167.0
-3105.0
-3648.0
-3414.0
-2784.0
-5861.0
-5018.0
-7835.0
-7939.0
-4189.0
-2935.0
-5437.0
-6208.0
-5977.0
-4689.0
-5247.0
-4901.0
-3521.0
-4046.0
-7067.0
-4177.0
-7740.0
-3629.0
-12004.0
-5734.0
-4657.0
-3779.0
-3498.0
-3163.0
-3963.0
-3948.0
-2841.0
-4020.0
-3345.0
-3799.0
-4734.0
-3908.0
-2809.0
-4980.0
-4071.0
-4493.0
-3264.0
-6262.0
-11824.0
-2871.0
-5651.0
-5205.0
-3618.0
-3341.0
-7888.0
-2891.0
-3139.0
-5585.0
-3335.0
-7552.0
-2737.0
-2686.0
-10250.0
-3869.0
-3221.0
-3541.0
-3625.0
-4959.0
-6759.0
-4978.0
-7322.0
-4001.0
-4165.0
-6461.0
-4047.0
-3708.0
-8270.0
-3189.0
-8051.0
-7032.0
-2985.0
-4758.0
-2638.0
-2592.0
-4525.0
-3373.0
-3283.0
-2768.0
-3242.0
-4063.0
-3648.0
-7740.0
-2891.0
-3238.0
-4608.0
-3723.0
-2795.0
-3366.0
-10043.0
-4054.0
-4879.0
-6543.0
-3428.0
-3120.0
-9008.0
-2723.0
-3107.0
-3018.0
-7719.0
-3092.0
-2542.0
-5975.0
-4233.0
-4186.0
-3262.0
-4232.0
-3007.0
-9466.0
-10174.0
-2852.0
-3609.0
-3316.0
-4981.0
-5406.0
-4002.0
-3476.0
-8990.0
-4004.0
-9172.0
-3738.0
-3478.0
-3300.0
-3307.0
-2566.0
-3869.0
-6043.0
-3532.0
-4684.0
-4885.0
-3056.0
-3477.0
-4090.0
-2931.0
-6042.0
-4385.0
-5116.0
-4287.0
-5018.0
-6615.0
-5158.0
-6197.0
-3026.0
-3177.0
-3648.0
-4954.0
-2604.0
-2866.0
-3013.0
-3569.0
-3318.0
-2605.0
-3050.0
-3940.0
-3399.0
-3182.0
-3249.0
-3287.0
-6591.0
-6155.0
-3613.0
-2794.0
-3512.0
-3502.0
-6358.0
-3181.0
-2669.0
-4269.0
-3395.0
-4690.0
-4531.0
-9147.0
-3060.0
-2653.0
-2796.0
-4216.0
-5587.0
-2657.0
-2892.0
-4108.0
-2776.0
-3629.0
-4441.0
-2891.0
-2599.0
-3307.0
-3395.0
-2618.0
-2905.0
-4291.0
-4927.0
-4435.0
-2920.0
-3553.0
-2650.0
-4093.0
-3529.0
-2855.0
-6627.0
-5500.0
-2902.0
-2767.0
-2740.0
-3509.0
-5741.0
-3357.0
-3063.0
-3682.0
-4691.0
-4372.0
-2848.0
-3123.0
-6334.0
-2628.0
-3813.0
-3026.0
-2814.0
-3712.0
-3484.0
-19303.0
-3893.0
-3817.0
-2815.0
-4734.0
-3601.0
-3394.0
-2532.0
-2656.0
-2728.0
-2863.0
-2507.0
-2929.0
-3327.0
-5777.0
-2824.0
-2858.0
-5608.0
-2732.0
-3883.0
-9016.0
-3330.0
-4540.0
-3228.0
-2724.0
-2625.0
-4286.0
-2622.0
-3427.0
-3614.0
-3578.0
-2717.0
-2518.0
-2581.0
-3036.0
-4669.0
-2669.0
-2569.0
-2905.0
-3940.0
-6249.0
-3850.0
-2652.0
-2712.0
-2517.0
-5069.0
-3687.0
-3560.0
-4242.0
-8115.0
-10068.0
-3855.0
-3877.0
-3504.0
-2511.0
-2604.0
-4121.0
-2896.0
-2779.0
-3288.0
-3591.0
-2597.0
-3169.0
-2949.0
-2995.0
-2543.0
-4709.0
-3518.0
-2597.0
-2812.0
-6323.0
-5690.0
-4319.0
-3237.0
-3025.0
-2855.0
-6965.0
-2793.0
-2707.0
-4347.0
-3227.0
-3182.0
-2597.0
-2786.0
-2820.0
-3697.0
-2513.0
-2849.0
-3014.0
-5041.0
-6670.0
-2694.0
-2982.0
-4232.0
-2973.0
-11657.0
-3771.0
-2581.0
-4581.0
-3443.0
-12259.0
-3304.0
-2741.0
-2872.0
-2681.0
-3590.0
-4241.0
-3958.0
-2491.0
-3562.0
-3350.0
-2511.0
-3194.0
-3446.0
-2919.0
-2749.0
-3857.0
-3010.0
-2570.0
-2901.0
-4343.0
-3576.0
-6028.0
-3527.0
-4304.0
-2528.0
-6278.0
-3329.0
-3126.0
-2615.0
-3107.0
-2590.0
-2508.0
-2681.0
-3367.0
-4540.0
-2603.0
-2581.0
-3083.0
-3597.0
-6517.0
-2701.0
-3043.0
-3398.0
-2825.0
-5365.0
-2625.0
-2508.0
-4002.0
-3096.0
-4677.0
-4416.0
-3663.0
-2786.0
-2521.0
-3207.0
-3572.0
-3152.0
-2652.0
-2727.0
-2606.0
-2661.0
-2907.0
-2928.0
-2429.0
-2677.0
-3007.0
-2661.0
-2546.0
-3094.0
-2988.0
-3453.0
-4093.0
-3343.0
-2548.0
-2620.0
-4211.0
-2882.0
-2940.0
-2816.0
-3042.0
-2635.0
-3177.0
-2609.0
-2746.0
-3925.0
-2567.0
-2458.0
-2966.0
-4034.0
-6140.0
-2542.0
-2673.0
-3776.0
-2639.0
-3716.0
-2983.0
-2527.0
-4110.0
-2749.0
-4661.0
-3179.0
-3392.0
-2797.0
-2796.0
-2913.0
-3464.0
-5180.0
-2545.0
-3457.0
-3308.0
-2605.0
-3270.0
-2826.0
-2584.0
-2520.0
-2978.0
-3526.0
-3797.0
-2858.0
-3560.0
-2693.0
-3959.0
-3381.0
-2396.0
-2518.0
-3709.0
-2678.0
-2605.0
-2651.0
-3451.0
-2452.0
-2559.0
-2489.0
-3887.0
-3887.0
-2902.0
-2430.0
-2619.0
-2951.0
-3349.0
-2633.0
-2726.0
-2582.0
-2549.0
-3585.0
-3258.0
-2477.0
-3805.0
-3512.0
-4210.0
-3925.0
-3040.0
-2684.0
-2588.0
-2551.0
-2884.0
-2738.0
-2413.0
-2607.0
-2646.0
-2379.0
-2912.0
-3472.0
-8969.0
-3328.0
-3042.0
-3028.0
-2483.0
-2924.0
-3193.0
-2715.0
-4221.0
-2496.0
-2562.0
-2511.0
-15915.0
-2709.0
-2493.0
-2505.0
-6142.0
-3734.0
-2853.0
-2441.0
-3002.0
-3468.0
-2450.0
-2425.0
-2976.0
-3323.0
-3530.0
-2613.0
-2526.0
-2508.0
-2498.0
-3782.0
-2512.0
-2518.0
-3156.0
-2802.0
-9860.0
-3294.0
-2809.0
-2476.0
-2540.0
-2555.0
-3358.0
-3184.0
-3796.0
-2500.0
-2615.0
-2406.0
-2686.0
-3002.0
-4729.0
-2541.0
-6657.0
-2747.0
-2596.0
-4215.0
-3063.0
-2725.0
-3270.0
-2596.0
-2373.0
-2548.0
-5440.0
-2524.0
-2508.0
-2706.0
-3327.0
-2536.0
-2575.0
-2587.0
-3024.0
-3103.0
-2488.0
-2536.0
-2824.0
-3364.0
-7865.0
-2720.0
-2707.0
-3178.0
-2427.0
-3008.0
-2570.0
-3038.0
-3284.0
-5082.0
-3846.0
-3191.0
-2936.0
-3362.0
-2512.0
-2496.0
-3513.0
-3110.0
-2416.0
-2861.0
-2483.0
-2459.0
-2607.0
-3260.0
-2520.0
-2682.0
-2885.0
-3824.0
-2450.0
-2926.0
-3528.0
-2966.0
-2888.0
-2606.0
-2468.0
-2642.0
-4201.0
-2949.0
-2647.0
-3807.0
-3037.0
-2700.0
-2586.0
-2807.0
-3336.0
-3645.0
-2720.0
-2631.0
-2975.0
-3047.0
-4303.0
-2697.0
-2626.0
-2273.0
-2409.0
-3068.0
-2605.0
-2503.0
-2975.0
-2894.0
-4156.0
-13996.0
-2880.0
-2493.0
-2487.0
-2530.0
-3167.0
-2743.0
-2455.0
-2504.0
-2618.0
-2483.0
-2724.0
-11338.0
-2509.0
-2633.0
-2815.0
-3333.0
-2524.0
-2893.0
-2713.0
-2824.0
-4274.0
-2502.0
-2581.0
-2599.0
-4503.0
-2722.0
-8331.0
-2504.0
-2966.0
-2448.0
-2473.0
-2766.0
-2599.0
-4747.0
-2480.0
-2467.0
-2664.0
-2880.0
-2931.0
-2648.0
-2582.0
-2235.0
-2645.0
-6894.0
-2545.0
-10025.0
-2814.0
-2927.0
-6609.0
-3410.0
-3279.0
-3325.0
-2476.0
-2309.0
-3380.0
-3641.0
-2508.0
-2840.0
-2500.0
-2536.0
-2767.0
-3350.0
-6335.0
-2744.0
-3143.0
-2574.0
-2968.0
-2739.0
-3135.0
-3119.0
-3435.0
-2532.0
-2534.0
-3378.0
-4432.0
-2724.0
-2567.0
-2555.0
-3073.0
-2749.0
-2505.0
-3916.0
-12378.0
-10752.0
-2484.0
-2403.0
-3217.0
-3046.0
-8259.0
-2663.0
-3037.0
-2357.0
-2766.0
-2649.0
-2782.0
-2502.0
-3070.0
-2518.0
-4053.0
-2885.0
-3426.0
-3180.0
-2635.0
-2513.0
-2733.0
-3208.0
-2516.0
-5890.0
-2595.0
-2759.0
-3368.0
-4446.0
-2633.0
-2550.0
-2888.0
-2819.0
-11575.0
-2740.0
-3155.0
-2575.0
-4232.0
-2518.0
-2428.0
-2558.0
-4639.0
-2549.0
-2590.0
-2670.0
-2859.0
-2462.0
-2538.0
-2587.0
-2697.0
-3270.0
-2510.0
-2404.0
-2898.0
-4064.0
-6582.0
-2612.0
-2529.0
-2374.0
-2677.0
-3476.0
-3271.0
-2386.0
-2717.0
-2738.0
-3630.0
-2905.0
-2832.0
-2656.0
-2424.0
-2428.0
-3015.0
-3571.0
-2408.0
-2554.0
-2501.0
-2437.0
-2699.0
-2843.0
-2524.0
-2531.0
-2715.0
-2534.0
-2401.0
-2642.0
-2337.0
-2566.0
-3221.0
-2652.0
-2605.0
-2387.0
-3772.0
-2678.0
-2502.0
-2525.0
-3417.0
-2520.0
-2514.0
-2644.0
-2696.0
-3032.0
-2477.0
-2379.0
-2874.0
-3107.0
-4846.0
-2527.0
-2741.0
-2991.0
-2599.0
-2667.0
-2526.0
-2450.0
-3331.0
-3059.0
-3429.0
-3351.0
-3068.0
-2638.0
-2459.0
-3445.0
-2893.0
-2848.0
-2408.0
-2527.0
-2635.0
-2458.0
-2737.0
-2864.0
-2352.0
-2457.0
-2906.0
-3031.0
-2462.0
-3004.0
-2942.0
-13031.0
-2809.0
-2506.0
-2473.0
-2564.0
-4595.0
-2408.0
-2448.0
-2653.0
-3225.0
-2583.0
-2456.0
-3183.0
-2585.0
-3027.0
-2409.0
-2493.0
-2588.0
-3613.0
-3019.0
-2497.0
-2629.0
-2495.0
-2377.0
-2475.0
-2467.0
-2566.0
-3058.0
-2580.0
-3792.0
-2894.0
-2849.0
-2542.0
-2566.0
-2458.0
-2737.0
-2725.0
-2462.0
-2584.0
-2509.0
-2373.0
-4044.0
-3285.0
-3632.0
-2407.0
-2631.0
-2923.0
-2394.0
-2735.0
-2425.0
-2753.0
-3751.0
-2531.0
-2470.0
-2329.0
-7195.0
-11206.0
-2441.0
-2505.0
-2672.0
-2464.0
-2405.0
-2321.0
-2863.0
-2931.0
-2559.0
-2639.0
-3160.0
-3099.0
-3847.0
-3679.0
-2841.0
-2229.0
-2375.0
-2747.0
-2538.0
-8955.0
-3042.0
-2897.0
-4471.0
-3358.0
-2879.0
-2468.0
-2444.0
-2475.0
-2851.0
-2745.0
-2444.0
-2593.0
-2582.0
-2373.0
-2746.0
-5336.0
-2437.0
-2607.0
-2742.0
-2594.0
-2526.0
-3060.0
-2367.0
-2663.0
-2990.0
-2503.0
-2851.0
-2528.0
-7316.0
-2533.0
-2519.0
-2653.0
-3803.0
-2489.0
-2493.0
-2517.0
-2808.0
-3181.0
-2451.0
-2832.0
-2923.0
-2828.0
-3276.0
-2559.0
-2899.0
-2675.0
-2547.0
-2513.0
-2570.0
-2385.0
-2759.0
-2663.0
-3852.0
-5744.0
-2792.0
-2561.0
-2488.0
-2380.0
-2966.0
-4589.0
-2748.0
-2592.0
-2554.0
-2486.0
-3009.0
-2644.0
-2500.0
-2776.0
-2822.0
-2867.0
-2501.0
-2635.0
-2566.0
-2647.0
-5807.0
-2585.0
-2598.0
-2645.0
-16517.0
-2481.0
-2527.0
-2553.0
-2867.0
-2487.0
-2558.0
-2462.0
-2636.0
-2904.0
-2502.0
-2411.0
-2704.0
-3022.0
-7004.0
-2580.0
-2825.0
-2286.0
-2417.0
-2798.0
-3012.0
-2408.0
-2712.0
-2679.0
-3348.0
-3098.0
-2831.0
-3207.0
-2430.0
-2402.0
-3008.0
-2687.0
-2605.0
-2489.0
-2481.0
-2538.0
-2581.0
-2901.0
-2507.0
-2562.0
-2689.0
-2947.0
-2321.0
-2650.0
-2468.0
-2696.0
-2936.0
-2522.0
-2503.0
-2504.0
-6239.0
-2728.0
-2484.0
-2500.0
-2715.0
-2475.0
-2554.0
-2430.0
-2724.0
-3021.0
-2507.0
-2506.0
-2663.0
-3028.0
-7493.0
-2630.0
-2666.0
-2513.0
-2392.0
-2513.0
-2419.0
-2441.0
-2825.0
-2604.0
-4874.0
-3142.0
-3466.0
-2641.0
-2466.0
-2346.0
-2628.0
-3135.0
-2407.0
-2534.0
-2552.0
-2432.0
-2553.0
-2741.0
-2422.0
-2437.0
-2683.0
-2616.0
-2441.0
-2726.0
-2544.0
-2547.0
-2915.0
-2574.0
-2619.0
-2466.0
-5562.0
-2578.0
-2488.0
-2763.0
-2934.0
-2478.0
-2338.0
-2755.0
-2570.0
-3195.0
-2424.0
-2422.0
-2991.0
-2983.0
-5834.0
-2552.0
-2643.0
-2310.0
-2325.0
-2582.0
-2791.0
-2407.0
-2886.0
-3051.0
-4649.0
-2605.0
-2829.0
-2478.0
-2368.0
-2431.0
-2984.0
-2520.0
-2487.0
-2514.0
-2465.0
-2486.0
-2625.0
-2661.0
-2412.0
-2523.0
-2629.0
-3698.0
-2491.0
-2862.0
-3084.0
-2642.0
-2876.0
-2524.0
-2554.0
-2399.0
-5123.0
-2602.0
-6724.0
-3099.0
-2919.0
-2494.0
-2462.0
-2507.0
-2617.0
-3256.0
-2483.0
-2508.0
-3207.0
-3242.0
-7357.0
-2580.0
-2474.0
-2775.0
-2342.0
-2483.0
-2404.0
-2397.0
-2956.0
-2733.0
-5095.0
-2510.0
-3662.0
-2560.0
-2446.0
-7856.0
-2661.0
-2993.0
-2384.0
-2384.0
-2521.0
-2434.0
-2707.0
-2824.0
-2537.0
-2525.0
-4268.0
-2769.0
-2453.0
-2612.0
-2261.0
-2513.0
-4482.0
-2591.0
-2499.0
-2482.0
-16990.0
-2746.0
-2557.0
-2520.0
-3427.0
-2486.0
-2561.0
-2595.0
-2648.0
-4050.0
-2554.0
-2463.0
-2806.0
-3035.0
-5741.0
-2578.0
-3004.0
-2257.0
-2406.0
-2460.0
-3110.0
-2390.0
-2895.0
-3575.0
-3698.0
-3101.0
-2675.0
-2602.0
-2626.0
-2516.0
-2872.0
-2782.0
-2461.0
-2500.0
-2562.0
-2726.0
-2895.0
-3323.0
-2416.0
-2514.0
-2599.0
-3044.0
-2461.0
-2937.0
-2462.0
-2657.0
-2771.0
-2495.0
-2580.0
-2430.0
-5429.0
-2603.0
-2521.0
-2524.0
-3193.0
-2456.0
-2362.0
-2545.0
-2570.0
-3053.0
-2479.0
-2543.0
-2780.0
-3167.0
-8287.0
-2526.0
-2678.0
-2209.0
-2362.0
-2662.0
-2496.0
-2599.0
-2877.0
-2959.0
-3398.0
-2651.0
-2901.0
-2597.0
-2480.0
-2385.0
-2777.0
-2884.0
-2459.0
-2477.0
-2447.0
-2543.0
-2832.0
-2604.0
-2466.0
-2533.0
-2572.0
-2763.0
-2437.0
-2610.0
-2499.0
-2570.0
-2939.0
-3222.0
-2510.0
-2515.0
-5043.0
-2750.0
-2530.0
-2571.0
-2804.0
-2438.0
-2382.0
-2528.0
-2644.0
-3046.0
-2444.0
-2351.0
-2581.0
-2834.0
-4364.0
-2550.0
-2531.0
-2310.0
-2288.0
-2554.0
-2598.0
-2420.0
-2675.0
-3309.0
-3784.0
-2875.0
-2757.0
-2487.0
-2470.0
-2514.0
-2856.0
-2591.0
-2438.0
-2605.0
-2429.0
-2374.0
-2725.0
-3495.0
-2454.0
-2471.0
-2619.0
-3013.0
-2426.0
-2680.0
-2440.0
-5769.0
-13389.0
-2561.0
-2642.0
-2386.0
-15977.0
-2766.0
-2548.0
-2419.0
-2808.0
-2430.0
-2502.0
-2506.0
-2766.0
-2849.0
-2477.0
-2460.0
-2734.0
-2910.0
-7147.0
-2485.0
-2620.0
-2188.0
-2480.0
-2488.0
-2442.0
-2493.0
-3272.0
-2604.0
-3571.0
-2719.0
-2757.0
-2495.0
-2441.0
-2399.0
-3321.0
-2656.0
-2412.0
-2559.0
-2687.0
-2493.0
-2638.0
-2658.0
-2438.0
-2469.0
-2466.0
-2726.0
-2373.0
-2813.0
-2899.0
-2578.0
-2943.0
-2519.0
-2495.0
-2403.0
-7298.0
-10332.0
-2462.0
-2443.0
-2988.0
-2394.0
-2346.0
-2621.0
-2570.0
-3056.0
-2506.0
-2449.0
-2774.0
-2991.0
-3018.0
-2540.0
-2777.0
-2318.0
-2447.0
-14214.0
-2431.0
-2429.0
-3017.0
-3454.0
-3308.0
-3021.0
-2771.0
-2728.0
-2515.0
-2464.0
-2989.0
-2657.0
-2497.0
-2529.0
-2656.0
-2426.0
-2652.0
-2802.0
-3248.0
-2344.0
-2604.0
-3589.0
-2435.0
-3128.0
-2466.0
-2558.0
-3398.0
-2515.0
-2536.0
-2343.0
-5982.0
-2568.0
-2520.0
-2497.0
-2812.0
-2435.0
-2340.0
-2752.0
-2700.0
-3256.0
-2442.0
-2457.0
-2757.0
-2804.0
-3141.0
-2515.0
-2564.0
-2253.0
-2336.0
-2519.0
-2455.0
-2393.0
-12204.0
-2748.0
-3800.0
-2791.0
-2622.0
-2395.0
-2403.0
-2485.0
-2842.0
-2630.0
-2434.0
-2508.0
-2586.0
-2614.0
-2663.0
-2589.0
-2453.0
-2495.0
-2727.0
-2688.0
-2455.0
-2656.0
-3212.0
-2649.0
-3403.0
-2660.0
-2473.0
-2426.0
-14627.0
-2765.0
-2460.0
-2614.0
-2969.0
-9464.0
-2486.0
-2655.0
-2653.0
-3554.0
-2490.0
-2427.0
-2744.0
-3176.0
-3091.0
-2563.0
-2601.0
-2304.0
-2373.0
-2460.0
-2470.0
-2445.0
-2787.0
-2519.0
-4530.0
-3086.0
-2857.0
-2596.0
-2461.0
-2485.0
-2625.0
-3953.0
-2409.0
-2601.0
-2514.0
-2462.0
-2749.0
-2704.0
-2431.0
-2473.0
-2672.0
-2566.0
-2424.0
-2669.0
-2487.0
-2517.0
-2949.0
-2499.0
-2909.0
-2484.0
-15951.0
-2557.0
-2493.0
-2467.0
-2996.0
-2488.0
-2523.0
-2604.0
-2705.0
-2857.0
-2427.0
-2299.0
-2903.0
-2955.0
-3494.0
-2489.0
-2547.0
-2567.0
-2446.0
-2384.0
-2466.0
-2402.0
-2764.0
-2669.0
-3497.0
-2587.0
-2763.0
-2635.0
-2409.0
-2368.0
-3079.0
-13491.0
-2365.0
-2505.0
-2428.0
-2418.0
-2774.0
-2645.0
-2495.0
-2571.0
-2663.0
-2790.0
-2478.0
-2948.0
-2483.0
-3525.0
-4654.0
-2522.0
-3974.0
-2338.0
-16249.0
-2659.0
-2611.0
-2473.0
-3315.0
-2490.0
-2510.0
-2589.0
-2680.0
-2856.0
-2424.0
-2441.0
-2751.0
-3347.0
-3206.0
-2534.0
-2619.0
-2241.0
-2327.0
-2485.0
-2507.0
-2442.0
-3011.0
-2707.0
-3731.0
-3018.0
-2763.0
-2469.0
-2471.0
-2422.0
-2841.0
-2604.0
-2390.0
-2562.0
-2490.0
-2507.0
-2613.0
-2816.0
-3144.0
-2644.0
-3074.0
-2749.0
-3391.0
-2695.0
-2683.0
-3336.0
-3246.0
-2616.0
-2690.0
-2472.0
-8763.0
-2533.0
-2555.0
-2531.0
-2874.0
-2466.0
-2716.0
-2523.0
-3280.0
-3261.0
-2506.0
-2453.0
-2725.0
-3637.0
-16016.0
-2656.0
-2663.0
-2299.0
-2361.0
-2282.0
-2421.0
-2444.0
-4355.0
-2926.0
-3305.0
-2577.0
-2751.0
-2657.0
-3184.0
-3772.0
-2747.0
-4485.0
-2367.0
-2477.0
-2501.0
-2504.0
-2793.0
-2625.0
-2422.0
-2463.0
-3030.0
-2939.0
-2637.0
-2685.0
-2415.0
-2610.0
-2803.0
-2479.0
-2494.0
-2495.0
-3557.0
-2594.0
-2476.0
-2491.0
-2915.0
-2403.0
-2482.0
-2479.0
-2597.0
-2926.0
-2456.0
-2424.0
-2798.0
-2949.0
-5767.0
-2543.0
-2683.0
-2217.0
-2409.0
-2387.0
-2509.0
-2434.0
-3325.0
-2641.0
-3730.0
-2758.0
-2629.0
-2570.0
-2431.0
-2476.0
-2812.0
-2546.0
-2381.0
-2542.0
-2454.0
-2474.0
-2827.0
-2737.0
-2452.0
-2504.0
-2568.0
-2569.0
-2446.0
-2723.0
-2363.0
-2583.0
-3741.0
-2586.0
-2522.0
-2445.0
-15079.0
-2627.0
-2517.0
-2478.0
-2638.0
-2461.0
-2387.0
-2481.0
-2693.0
-3092.0
-2473.0
-2475.0
-2740.0
-2709.0
-6879.0
-2547.0
-2673.0
-2337.0
-2308.0
-2283.0
-2486.0
-2408.0
-3579.0
-2766.0
-3754.0
-3263.0
-7844.0
-2613.0
-2475.0
-2500.0
-2708.0
-2837.0
-2318.0
-2522.0
-2428.0
-2479.0
-2597.0
-2600.0
-2397.0
-2519.0
-2532.0
-2708.0
-2419.0
-2598.0
-2405.0
-2592.0
-2871.0
-2481.0
-2546.0
-2422.0
-7742.0
-2465.0
-2535.0
-2439.0
-2636.0
-2480.0
-2359.0
-2449.0
-2541.0
-3343.0
-2473.0
-2419.0
-2814.0
-2655.0
-3654.0
-2525.0
-9047.0
-2186.0
-2314.0
-2461.0
-2338.0
-2462.0
-3007.0
-2548.0
-3578.0
-2769.0
-2708.0
-2521.0
-2390.0
-2308.0
-2832.0
-2932.0
-2353.0
-2486.0
-2449.0
-2446.0
-2706.0
-2522.0
-2423.0
-2463.0
-2574.0
-2619.0
-2448.0
-2555.0
-2350.0
-2514.0
-2939.0
-2473.0
-2499.0
-2335.0
-16274.0
-2514.0
-2489.0
-2499.0
-2582.0
-2435.0
-2355.0
-2631.0
-2572.0
-7010.0
-2508.0
-2436.0
-2811.0
-3032.0
-7910.0
-2518.0
-2682.0
-2314.0
-2386.0
-2367.0
-12997.0
-2384.0
-3222.0
-2848.0
-3229.0
-2849.0
-2555.0
-2585.0
-2435.0
-2419.0
-2913.0
-2523.0
-2377.0
-2587.0
-2445.0
-2336.0
-2635.0
-2619.0
-2435.0
-2484.0
-2645.0
-2390.0
-2437.0
-2624.0
-2440.0
-2516.0
-3132.0
-2454.0
-2575.0
-2427.0
-15765.0
-2688.0
-2538.0
-2404.0
-2797.0
-2451.0
-2425.0
-2486.0
-2593.0
-3116.0
-2456.0
-2505.0
-2643.0
-3078.0
-8002.0
-2461.0
-2573.0
-2238.0
-2279.0
-2234.0
-2400.0
-2464.0
-3113.0
-2844.0
-4307.0
-2574.0
-2621.0
-2463.0
-2454.0
-2482.0
-3095.0
-2914.0
-2422.0
-2724.0
-2473.0
-3285.0
-2650.0
-2743.0
-2561.0
-2614.0
-3087.0
-2708.0
-2233.0
-3389.0
-4046.0
-2585.0
-2988.0
-2460.0
-2512.0
-2400.0
-17424.0
-2414.0
-2489.0
-2444.0
-2561.0
-2474.0
-2489.0
-2474.0
-2542.0
-2600.0
-2432.0
-2330.0
-2963.0
-2769.0
-4198.0
-2495.0
-2580.0
-2279.0
-2295.0
-2428.0
-2432.0
-2339.0
-2892.0
-2627.0
-3617.0
-2553.0
-2836.0
-2411.0
-2361.0
-2371.0
-2651.0
-2783.0
-2417.0
-13168.0
-2473.0
-2492.0
-2667.0
-2631.0
-2426.0
-2483.0
-2659.0
-2555.0
-2413.0
-2573.0
-3154.0
-2573.0
-2692.0
-2581.0
-3146.0
-2365.0
-4826.0
-2462.0
-2572.0
-2507.0
-2789.0
-2628.0
-2480.0
-2459.0
-2677.0
-3247.0
-2487.0
-2712.0
-2696.0
-3168.0
-4363.0
-2572.0
-2571.0
-2365.0
-2396.0
-12494.0
-2366.0
-2476.0
-2837.0
-2800.0
-3814.0
-2733.0
-13456.0
-2450.0
-2419.0
-2405.0
-3046.0
-3430.0
-2458.0
-2547.0
-2574.0
-2530.0
-2660.0
-2625.0
-2455.0
-2488.0
-2601.0
-2672.0
-2441.0
-2728.0
-2701.0
-2609.0
-3187.0
-2521.0
-2490.0
-2338.0
-16762.0
-2579.0
-2496.0
-3433.0
-2995.0
-2468.0
-2430.0
-2415.0
-2751.0
-3116.0
-2472.0
-2440.0
-2910.0
-3094.0
-4273.0
-2938.0
-2917.0
-2322.0
-2508.0
-2766.0
-2453.0
-2430.0
-6225.0
-3072.0
-4033.0
-4151.0
-2711.0
-2501.0
-3270.0
-2397.0
-2791.0
-5305.0
-2396.0
-2577.0
-2497.0
-4195.0
-2952.0
-2658.0
-4582.0
-2534.0
-6203.0
-4559.0
-2425.0
-2742.0
-3622.0
-2655.0
-4249.0
-4725.0
-2503.0
-2414.0
-4724.0
-2528.0
-2617.0
-3412.0
-2626.0
-2515.0
-2550.0
-2498.0
-2610.0
-3855.0
-2463.0
-3734.0
-2577.0
-2864.0
-3298.0
-2532.0
-3067.0
-2266.0
-2281.0
-2803.0
-2471.0
-2577.0
-4285.0
-3349.0
-3291.0
-2709.0
-3750.0
-2508.0
-4456.0
-2318.0
-2609.0
-2750.0
-2387.0
-2533.0
-2483.0
-2426.0
-2571.0
-2750.0
-2506.0
-2553.0
-5248.0
-2493.0
-2367.0
-3139.0
-3767.0
-2616.0
-5806.0
-2646.0
-2864.0
-2365.0
-4637.0
-2500.0
-2448.0
-2509.0
-9398.0
-2423.0
-2713.0
-2473.0
-4154.0
-2883.0
-2392.0
-2457.0
-2598.0
-4534.0
-3710.0
-2541.0
-2563.0
-2269.0
-2331.0
-2365.0
-2307.0
-2448.0
-2995.0
-2837.0
-3559.0
-2523.0
-2716.0
-2672.0
-2484.0
-2433.0
-2745.0
-3059.0
-2400.0
-2484.0
-2528.0
-2467.0
-2752.0
-2538.0
-2403.0
-2438.0
-2568.0
-2744.0
-2429.0
-2596.0
-2382.0
-2520.0
-2786.0
-2520.0
-2492.0
-2452.0
-16721.0
-2615.0
-2486.0
-2424.0
-2923.0
-2458.0
-2438.0
-2572.0
-2564.0
-2965.0
-2443.0
-2398.0
-2754.0
-2936.0
-4759.0
-2659.0
-2666.0
-2227.0
-4297.0
-4197.0
-4818.0
-5356.0
-12163.0
-8546.0
-7603.0
-5052.0
-7342.0
-5971.0
-7914.0
-3403.0
-8422.0
-4633.0
-2485.0
-3065.0
-2433.0
-2516.0
-3000.0
-2613.0
-2457.0
-2506.0
-2824.0
-2851.0
-5584.0
-3639.0
-2378.0
-2730.0
-3167.0
-2473.0
-2472.0
-2508.0
-16800.0
-3802.0
-2866.0
-3521.0
-5288.0
-3726.0
-2471.0
-4466.0
-3094.0
-2984.0
-3971.0
-2755.0
-2690.0
-4561.0
-5930.0
-6205.0
-6841.0
-3926.0
-3008.0
-4732.0
-4089.0
-5922.0
-6249.0
-3073.0
-4001.0
-2868.0
-2701.0
-2586.0
-2406.0
-2635.0
-2587.0
-3111.0
-2397.0
-2509.0
-2437.0
-2668.0
-3767.0
-2902.0
-2546.0
-2697.0
-2655.0
-2713.0
-2437.0
-2557.0
-2416.0
-2484.0
-4036.0
-2498.0
-2578.0
-5248.0
-19635.0
-3268.0
-2785.0
-2451.0
-2662.0
-2427.0
-4296.0
-2493.0
-5554.0
-4787.0
-5255.0
-14105.0
-6661.0
-5817.0
-12446.0
-5177.0
-5386.0
-4866.0
-5970.0
-2777.0
-2359.0
-3660.0
-3894.0
-2731.0
-5820.0
-6758.0
-2648.0
-2329.0
-2308.0
-2414.0
-3251.0
-2727.0
-2435.0
-2512.0
-2449.0
-2835.0
-2718.0
-2643.0
-2436.0
-2960.0
-3215.0
-3363.0
-2581.0
-3657.0
-4759.0
-4078.0
-2908.0
-2468.0
-2511.0
-3986.0
-17061.0
-2701.0
-2523.0
-4786.0
-6821.0
-2413.0
-4200.0
-3079.0
-3267.0
-2947.0
-6049.0
-5194.0
-5582.0
-6812.0
-14697.0
-6581.0
-7381.0
-7162.0
-6890.0
-7576.0
-3971.0
-9896.0
-8592.0
-5516.0
-7560.0
-15405.0
-3951.0
-4872.0
-3795.0
-5152.0
-2634.0
-8014.0
-3918.0
-6079.0
-6510.0
-2591.0
-6957.0
-6095.0
-5391.0
-4538.0
-2971.0
-2593.0
-6159.0
-7516.0
-3935.0
-2588.0
-3196.0
-4853.0
-2527.0
-4752.0
-21023.0
-3109.0
-2475.0
-4472.0
-2720.0
-4564.0
-4852.0
-2603.0
-2706.0
-3317.0
-2470.0
-2439.0
-2664.0
-2807.0
-9938.0
-2601.0
-2593.0
-2339.0
-2403.0
-2541.0
-2357.0
-2463.0
-5766.0
-2702.0
-4407.0
-2613.0
-2724.0
-2448.0
-2422.0
-2385.0
-5997.0
-5775.0
-5765.0
-5235.0
-8741.0
-4317.0
-6466.0
-3327.0
-2471.0
-4203.0
-2620.0
-2586.0
-2450.0
-3663.0
-2435.0
-2633.0
-2960.0
-2515.0
-2507.0
-2894.0
-4852.0
-2662.0
-2518.0
-3129.0
-4621.0
-2456.0
-3137.0
-2886.0
-4595.0
-3664.0
-2489.0
-3431.0
-2669.0
-3218.0
-7814.0
-4074.0
-3793.0
-3936.0
-4306.0
-2786.0
-5188.0
-3599.0
-3075.0
-2648.0
-6412.0
-2593.0
-2633.0
-5240.0
-2429.0
-4448.0
-3388.0
-2729.0
-4040.0
-2541.0
-6249.0
-3410.0
-4149.0
-5967.0
-7321.0
-6155.0
-4991.0
-2690.0
-6691.0
-3695.0
-6178.0
-6385.0
-4889.0
-6097.0
-5249.0
-7588.0
-20942.0
-6267.0
-3195.0
-3362.0
-4328.0
-2456.0
-2420.0
-3223.0
-6642.0
-3238.0
-2495.0
-5971.0
-3925.0
-9049.0
-9409.0
-6760.0
-4609.0
-5718.0
-2961.0
-6095.0
-6809.0
-2435.0
-3865.0
-11389.0
-3892.0
-5722.0
-5947.0
-2513.0
-2389.0
-3823.0
-3475.0
-3099.0
-6121.0
-3581.0
-2441.0
-2460.0
-2552.0
-5521.0
-2720.0
-2469.0
-3225.0
-2692.0
-3839.0
-2575.0
-2592.0
-2792.0
-2807.0
-2479.0
-2534.0
-2442.0
-2955.0
-2553.0
-2485.0
-2429.0
-2663.0
-2392.0
-9222.0
-2546.0
-2650.0
-4190.0
-2941.0
-2492.0
-3954.0
-3359.0
-3452.0
-2542.0
-2577.0
-2389.0
-2305.0
-2541.0
-2373.0
-2498.0
-2960.0
-2663.0
-4498.0
-2658.0
-7225.0
-3088.0
-2397.0
-2446.0
-2682.0
-2718.0
-2384.0
-3923.0
-2472.0
-4804.0
-3313.0
-2864.0
-4336.0
-2506.0
-2750.0
-2735.0
-5269.0
-3141.0
-10191.0
-11632.0
-5160.0
-3764.0
-3654.0
-5359.0
-16624.0
-7146.0
-3349.0
-2585.0
-3807.0
-2544.0
-4850.0
-2538.0
-3797.0
-4371.0
-2516.0
-4550.0
-4915.0
-3335.0
-3567.0
-3306.0
-3359.0
-2265.0
-2306.0
-10011.0
-4528.0
-3023.0
-4448.0
-4076.0
-8322.0
-2939.0
-6299.0
-4722.0
-4874.0
-3113.0
-3696.0
-3974.0
-5515.0
-2550.0
-2608.0
-3267.0
-4907.0
-2585.0
-6488.0
-2445.0
-2510.0
-2694.0
-2393.0
-2506.0
-2595.0
-2950.0
-2699.0
-4445.0
-2523.0
-2467.0
-16764.0
-2650.0
-2543.0
-2408.0
-2701.0
-2422.0
-4153.0
-6380.0
-2577.0
-3590.0
-6463.0
-2417.0
-2778.0
-2809.0
-4407.0
-2558.0
-2590.0
-2628.0
-2334.0
-2363.0
-2389.0
-2375.0
-2941.0
-5233.0
-3469.0
-2537.0
-3088.0
-3384.0
-3644.0
-2451.0
-2991.0
-2924.0
-2426.0
-4142.0
-2927.0
-6017.0
-2591.0
-2596.0
-3927.0
-4941.0
-21210.0
-4602.0
-4882.0
-3778.0
-2348.0
-2542.0
-2934.0
-3691.0
-2899.0
-2370.0
-17022.0
-5550.0
-2534.0
-2392.0
-5309.0
-2374.0
-2432.0
-2528.0
-2583.0
-5377.0
-2461.0
-2413.0
-2957.0
-2676.0
-5017.0
-2735.0
-2672.0
-2236.0
-2359.0
-2835.0
-2673.0
-2356.0
-3005.0
-2591.0
-4622.0
-2521.0
-2591.0
-5453.0
-2432.0
-2429.0
-3160.0
-2726.0
-3393.0
-2537.0
-6183.0
-2522.0
-4086.0
-2654.0
-4646.0
-8026.0
-5119.0
-2825.0
-4126.0
-2576.0
-2418.0
-2538.0
-2989.0
-3112.0
-3184.0
-2963.0
-9361.0
-2739.0
-5108.0
-3224.0
-3704.0
-4120.0
-4307.0
-2535.0
-2588.0
-3270.0
-2521.0
-2451.0
-2733.0
-2789.0
-7158.0
-2564.0
-2517.0
-4823.0
-2302.0
-2270.0
-2418.0
-4008.0
-3028.0
-2719.0
-15627.0
-2580.0
-2724.0
-3328.0
-2941.0
-2441.0
-6489.0
-2754.0
-2346.0
-2628.0
-2416.0
-2504.0
-2678.0
-2554.0
-2398.0
-3851.0
-2588.0
-2689.0
-2470.0
-2627.0
-2464.0
-2591.0
-2823.0
-2427.0
-2514.0
-2382.0
-18067.0
-5385.0
-4245.0
-5885.0
-2797.0
-3382.0
-2528.0
-3796.0
-2557.0
-3143.0
-2421.0
-3658.0
-2706.0
-3475.0
-6528.0
-6573.0
-2585.0
-3087.0
-6004.0
-6258.0
-2488.0
-4370.0
-7743.0
-6916.0
-5643.0
-2570.0
-7655.0
-5485.0
-5596.0
-3605.0
-5452.0
-7133.0
-4060.0
-2589.0
-3545.0
-2492.0
-2787.0
-2746.0
-5080.0
-2527.0
-2683.0
-4305.0
-2499.0
-2626.0
-4208.0
-2632.0
-2873.0
-3106.0
-2498.0
-2490.0
-16065.0
-2651.0
-2683.0
-2510.0
-2939.0
-2465.0
-2534.0
-2593.0
-3014.0
-3148.0
-2444.0
-2461.0
-2768.0
-2618.0
-6819.0
-2663.0
-2619.0
-2316.0
-2318.0
-2273.0
-2465.0
-2418.0
-3795.0
-2753.0
-4422.0
-2584.0
-2787.0
-2538.0
-2481.0
-2516.0
-2941.0
-3071.0
-2456.0
-2590.0
-2510.0
-2489.0
-2751.0
-2680.0
-2450.0
-2469.0
-2554.0
-2629.0
-2515.0
-2559.0
-2510.0
-2520.0
-3261.0
-2484.0
-2515.0
-2498.0
-16382.0
-2531.0
-2513.0
-2467.0
-2731.0
-2420.0
-2463.0
-2488.0
-2960.0
-3177.0
-2473.0
-2434.0
-2706.0
-3220.0
-4078.0
-3247.0
-2662.0
-2257.0
-2325.0
-2311.0
-2472.0
-2409.0
-3734.0
-2778.0
-3528.0
-2466.0
-2786.0
-2534.0
-2447.0
-2463.0
-2680.0
-4467.0
-2383.0
-2530.0
-2394.0
-2460.0
-2695.0
-2612.0
-2378.0
-2460.0
-2447.0
-2692.0
-2419.0
-2482.0
-2720.0
-2704.0
-3229.0
-2497.0
-2537.0
-2376.0
-16539.0
-2573.0
-2530.0
-2469.0
-2810.0
-2451.0
-2507.0
-2560.0
-2931.0
-3032.0
-2416.0
-2401.0
-2738.0
-3154.0
-3969.0
-2608.0
-2599.0
-2267.0
-2297.0
-2268.0
-2418.0
-2464.0
-3240.0
-2968.0
-5163.0
-2463.0
-2598.0
-2525.0
-2442.0
-2477.0
-3304.0
-3533.0
-2400.0
-2578.0
-2469.0
-2470.0
-2678.0
-2606.0
-2402.0
-2467.0
-2566.0
-2713.0
-2440.0
-2622.0
-2330.0
-2473.0
-2832.0
-2954.0
-2564.0
-2480.0
-16709.0
-2638.0
-2523.0
-3630.0
-2683.0
-2360.0
-2471.0
-2490.0
-2958.0
-3023.0
-2359.0
-2410.0
-2829.0
-2881.0
-4771.0
-2462.0
-2605.0
-2268.0
-2272.0
-2428.0
-2432.0
-2385.0
-3626.0
-4037.0
-5346.0
-2417.0
-2749.0
-3080.0
-2868.0
-2469.0
-2799.0
-3143.0
-2395.0
-2528.0
-3071.0
-4584.0
-2664.0
-2759.0
-2465.0
-2514.0
-2496.0
-2710.0
-4415.0
-2540.0
-3941.0
-2540.0
-2761.0
-4787.0
-2535.0
-3122.0
-11155.0
-2695.0
-2480.0
-2409.0
-2778.0
-2447.0
-2524.0
-2511.0
-2700.0
-2990.0
-2428.0
-2479.0
-2806.0
-2951.0
-5146.0
-2514.0
-2612.0
-2317.0
-2342.0
-2293.0
-2527.0
-2425.0
-3428.0
-2629.0
-5854.0
-2854.0
-2682.0
-2608.0
-2458.0
-2470.0
-2880.0
-3646.0
-2410.0
-2524.0
-2519.0
-2473.0
-2700.0
-2483.0
-2439.0
-2470.0
-2472.0
-2600.0
-2426.0
-2523.0
-2711.0
-2588.0
-2792.0
-2513.0
-2532.0
-2532.0
-16814.0
-2624.0
-2464.0
-2520.0
-2766.0
-2424.0
-2543.0
-2500.0
-2662.0
-2864.0
-2446.0
-2441.0
-2686.0
-2773.0
-5380.0
-2421.0
-2618.0
-2231.0
-2338.0
-2550.0
-2408.0
-2478.0
-4244.0
-2765.0
-5771.0
-2324.0
-2709.0
-2575.0
-2470.0
-2437.0
-2652.0
-4011.0
-2388.0
-2555.0
-2479.0
-2469.0
-2723.0
-2605.0
-2420.0
-2410.0
-2540.0
-2751.0
-2432.0
-2638.0
-2425.0
-2701.0
-2819.0
-2504.0
-2527.0
-2453.0
-16633.0
-4154.0
-2490.0
-2501.0
-2736.0
-2403.0
-2500.0
-2515.0
-6005.0
-3263.0
-2930.0
-3132.0
-2689.0
-3099.0
-5264.0
-2443.0
-2653.0
-2265.0
-2381.0
-2408.0
-2454.0
-2397.0
-6483.0
-4150.0
-9964.0
-2377.0
-2727.0
-2493.0
-2410.0
-2414.0
-2770.0
-3627.0
-2354.0
-2540.0
-2843.0
-5709.0
-2975.0
-2625.0
-2425.0
-2482.0
-2402.0
-2748.0
-3918.0
-2661.0
-2339.0
-2605.0
-2890.0
-2580.0
-2527.0
-2532.0
-16067.0
-2609.0
-2485.0
-2462.0
-2756.0
-2356.0
-2534.0
-2518.0
-3095.0
-2846.0
-2395.0
-2424.0
-2773.0
-2771.0
-6486.0
-2421.0
-2640.0
-2484.0
-2542.0
-2279.0
-2381.0
-2440.0
-4849.0
-2627.0
-4635.0
-2547.0
-2783.0
-2598.0
-2402.0
-2475.0
-2875.0
-3545.0
-2367.0
-2556.0
-2472.0
-2469.0
-2722.0
-2529.0
-2436.0
-2450.0
-2472.0
-2652.0
-2448.0
-2476.0
-2357.0
-2568.0
-2827.0
-2470.0
-2514.0
-2941.0
-16052.0
-3840.0
-2503.0
-2562.0
-2610.0
-2424.0
-2495.0
-2553.0
-3185.0
-3189.0
-2372.0
-2402.0
-4594.0
-2759.0
-6863.0
-2424.0
-2629.0
-2555.0
-2257.0
-5065.0
-2433.0
-2413.0
-3992.0
-2957.0
-4438.0
-2378.0
-2636.0
-3209.0
-2403.0
-2432.0
-4934.0
-3696.0
-2363.0
-2530.0
-6163.0
-2434.0
-2819.0
-2508.0
-2364.0
-5936.0
-2459.0
-2740.0
-5763.0
-2562.0
-4356.0
-4778.0
-2887.0
-6866.0
-2532.0
-4634.0
-6834.0
-3611.0
-2524.0
-2440.0
-2811.0
-2452.0
-5280.0
-3543.0
-3333.0
-3050.0
-2366.0
-2381.0
-2837.0
-2662.0
-6506.0
-2410.0
-2720.0
-2225.0
-2299.0
-3721.0
-2373.0
-2369.0
-4867.0
-2742.0
-4701.0
-2388.0
-2724.0
-2608.0
-2403.0
-2366.0
-2696.0
-3039.0
-2369.0
-2534.0
-3284.0
-2450.0
-2678.0
-2442.0
-2353.0
-2453.0
-2452.0
-2654.0
-2427.0
-2419.0
-2477.0
-2489.0
-2720.0
-2490.0
-2516.0
-4632.0
-16150.0
-2598.0
-2439.0
-2804.0
-2974.0
-3512.0
-2495.0
-2501.0
-2706.0
-2848.0
-2373.0
-2390.0
-2849.0
-2744.0
-5010.0
-2478.0
-2649.0
-2180.0
-2272.0
-2794.0
-2412.0
-2379.0
-3337.0
-3311.0
-6895.0
-2287.0
-2884.0
-2521.0
-2401.0
-2424.0
-2875.0
-2910.0
-2360.0
-2551.0
-4363.0
-2450.0
-2660.0
-2666.0
-2399.0
-2456.0
-2501.0
-2662.0
-2392.0
-2547.0
-4846.0
-2521.0
-2763.0
-3399.0
-2527.0
-2378.0
-17212.0
-4382.0
-2496.0
-2424.0
-2875.0
-2409.0
-2349.0
-2509.0
-2908.0
-3153.0
-2379.0
-2392.0
-2695.0
-2737.0
-4801.0
-2485.0
-2663.0
-2235.0
-2332.0
-4525.0
-3891.0
-2343.0
-6733.0
-2522.0
-5893.0
-2617.0
-2688.0
-3886.0
-6634.0
-4394.0
-3265.0
-2767.0
-4517.0
-2545.0
-3187.0
-2466.0
-6717.0
-7312.0
-7281.0
-7632.0
-2575.0
-2573.0
-3130.0
-2516.0
-4684.0
-2480.0
-2779.0
-6643.0
-2493.0
-3002.0
-16160.0
-2487.0
-5451.0
-6460.0
-2675.0
-2462.0
-5449.0
-4626.0
-3037.0
-3672.0
-3572.0
-3695.0
-2725.0
-5934.0
-7395.0
-2547.0
-2586.0
-2410.0
-2350.0
-2231.0
-2481.0
-2402.0
-5233.0
-2602.0
-5192.0
-2511.0
-2808.0
-2524.0
-2410.0
-2416.0
-2665.0
-2804.0
-2327.0
-2585.0
-2467.0
-2506.0
-2642.0
-2612.0
-2679.0
-2498.0
-2618.0
-2520.0
-2391.0
-2536.0
-2330.0
-2493.0
-2767.0
-2404.0
-2568.0
-2323.0
-15034.0
-2690.0
-2540.0
-2418.0
-2575.0
-2423.0
-2372.0
-2527.0
-2771.0
-4022.0
-2472.0
-2406.0
-2752.0
-5072.0
-3827.0
-2412.0
-2648.0
-2216.0
-2306.0
-2320.0
-2387.0
-2394.0
-3481.0
-2613.0
-3732.0
-2454.0
-2686.0
-2458.0
-2393.0
-2413.0
-2657.0
-2686.0
-2333.0
-2511.0
-2382.0
-2485.0
-3220.0
-2529.0
-3121.0
-2449.0
-2529.0
-2625.0
-2447.0
-2657.0
-2215.0
-2497.0
-2702.0
-3041.0
-2483.0
-2428.0
-16291.0
-3252.0
-2495.0
-2389.0
-2595.0
-2426.0
-4670.0
-2529.0
-2905.0
-3129.0
-2464.0
-2396.0
-2754.0
-3477.0
-4430.0
-5363.0
-2584.0
-2249.0
-5634.0
-4248.0
-2379.0
-2302.0
-7948.0
-3227.0
-7176.0
-2394.0
-6587.0
-5298.0
-3951.0
-2451.0
-5489.0
-2975.0
-3301.0
-2549.0
-5674.0
-6396.0
-3337.0
-2641.0
-3604.0
-6320.0
-3259.0
-3210.0
-2452.0
-2714.0
-4777.0
-2571.0
-2804.0
-3071.0
-3352.0
-2423.0
-16494.0
-2596.0
-2467.0
-3167.0
-2790.0
-2424.0
-2984.0
-2492.0
-4240.0
-3556.0
-2413.0
-2385.0
-2768.0
-2697.0
-7693.0
-2460.0
-2561.0
-2193.0
-2294.0
-2234.0
-2414.0
-2325.0
-3981.0
-3400.0
-3674.0
-2287.0
-2661.0
-2548.0
-2411.0
-2338.0
-3176.0
-3059.0
-4391.0
-6704.0
-2474.0
-6028.0
-2703.0
-2460.0
-3968.0
-5559.0
-2383.0
-6535.0
-2357.0
-2539.0
-4137.0
-2780.0
-2806.0
-4385.0
-2559.0
-2522.0
-17643.0
-5212.0
-4264.0
-2512.0
-2900.0
-3064.0
-2507.0
-2494.0
-3122.0
-3289.0
-2389.0
-2458.0
-2908.0
-2755.0
-4152.0
-2511.0
-2736.0
-2187.0
-2287.0
-3881.0
-2477.0
-2355.0
-4989.0
-2790.0
-3954.0
-2655.0
-2695.0
-2580.0
-2409.0
-2398.0
-2674.0
-3423.0
-2348.0
-2592.0
-2488.0
-2463.0
-2840.0
-2682.0
-2366.0
-2448.0
-2484.0
-2580.0
-2427.0
-2553.0
-2288.0
-2682.0
-2746.0
-2440.0
-2570.0
-2430.0
-7306.0
-2676.0
-2501.0
-2602.0
-3004.0
-2424.0
-2411.0
-2530.0
-3122.0
-2894.0
-2405.0
-2379.0
-2701.0
-2733.0
-3834.0
-2505.0
-2651.0
-2228.0
-2280.0
-2262.0
-2414.0
-2368.0
-3624.0
-3728.0
-4130.0
-2555.0
-2734.0
-2631.0
-2300.0
-2379.0
-2679.0
-2934.0
-2353.0
-2570.0
-2413.0
-2483.0
-2709.0
-2719.0
-2372.0
-2436.0
-2554.0
-2568.0
-2357.0
-2623.0
-2383.0
-2588.0
-2912.0
-3827.0
-2512.0
-2413.0
-17270.0
-2617.0
-2463.0
-2453.0
-2543.0
-2382.0
-2357.0
-2455.0
-2893.0
-3795.0
-2413.0
-2367.0
-2714.0
-4159.0
-15073.0
-2519.0
-2801.0
-2154.0
-2265.0
-2287.0
-2459.0
-2375.0
-3862.0
-2646.0
-5358.0
-2480.0
-2758.0
-2511.0
-2347.0
-2371.0
-2674.0
-2916.0
-2343.0
-2586.0
-2430.0
-2451.0
-2666.0
-2493.0
-2387.0
-2484.0
-2630.0
-2764.0
-2387.0
-2616.0
-2277.0
-2520.0
-3061.0
-2470.0
-3131.0
-2405.0
-8811.0
-2737.0
-2454.0
-2395.0
-2968.0
-2368.0
-2499.0
-2563.0
-2828.0
-3085.0
-2408.0
-2353.0
-2895.0
-2802.0
-4841.0
-2458.0
-2625.0
-2178.0
-2316.0
-2300.0
-2427.0
-2431.0
-3618.0
-2781.0
-4487.0
-2361.0
-2686.0
-2338.0
-2415.0
-2387.0
-2686.0
-3304.0
-2355.0
-2531.0
-2431.0
-2471.0
-2607.0
-2570.0
-2396.0
-2504.0
-2577.0
-2683.0
-2336.0
-2497.0
-2364.0
-2554.0
-3198.0
-2444.0
-2536.0
-2323.0
-15862.0
-3261.0
-2510.0
-2379.0
-2578.0
-2391.0
-2487.0
-2573.0
-4824.0
-2932.0
-2447.0
-2372.0
-2752.0
-2603.0
-3902.0
-2424.0
-2621.0
-2441.0
-2275.0
-2884.0
-2400.0
-2304.0
-3599.0
-2593.0
-3585.0
-2543.0
-2802.0
-2418.0
-2355.0
-2405.0
-2612.0
-2872.0
-2378.0
-3628.0
-2386.0
-3827.0
-3454.0
-2583.0
-6578.0
-5365.0
-2429.0
-2637.0
-2462.0
-2621.0
-6378.0
-5993.0
-3068.0
-6338.0
-2544.0
-5314.0
-17489.0
-2676.0
-2541.0
-4802.0
-4392.0
-6293.0
-5298.0
-3365.0
-3115.0
-2955.0
-4566.0
-2381.0
-2579.0
-2817.0
-7049.0
-2576.0
-2557.0
-2211.0
-2296.0
-2416.0
-2409.0
-2342.0
-3835.0
-3179.0
-6826.0
-2638.0
-3408.0
-2505.0
-2352.0
-6642.0
-2614.0
-3330.0
-2345.0
-2526.0
-2393.0
-2487.0
-2845.0
-2682.0
-2348.0
-2462.0
-2605.0
-4197.0
-2369.0
-2615.0
-3500.0
-2629.0
-2836.0
-2417.0
-2482.0
-2387.0
-10294.0
-4145.0
-2571.0
-2387.0
-2731.0
-5964.0
-6850.0
-2474.0
-2601.0
-2954.0
-2363.0
-3005.0
-2829.0
-2968.0
-4000.0
-2461.0
-2670.0
-2281.0
-2323.0
-2485.0
-2556.0
-2354.0
-3943.0
-2728.0
-3403.0
-2447.0
-2706.0
-2508.0
-2465.0
-2379.0
-3190.0
-2790.0
-2366.0
-2553.0
-2360.0
-2414.0
-3060.0
-2630.0
-2399.0
-2481.0
-2587.0
-2831.0
-2380.0
-2533.0
-2447.0
-2534.0
-2805.0
-2408.0
-2550.0
-2406.0
-4813.0
-2612.0
-2488.0
-2373.0
-2554.0
-2366.0
-2419.0
-2492.0
-2742.0
-3275.0
-2444.0
-2398.0
-2862.0
-2845.0
-4197.0
-2545.0
-2621.0
-2234.0
-2277.0
-2378.0
-2526.0
-2406.0
-3531.0
-2498.0
-6346.0
-2457.0
-2667.0
-2491.0
-2460.0
-2379.0
-2494.0
-2949.0
-2320.0
-2530.0
-2445.0
-2399.0
-2734.0
-2571.0
-2428.0
-2621.0
-2532.0
-2570.0
-2311.0
-2647.0
-2294.0
-2525.0
-2728.0
-2423.0
-2523.0
-2348.0
-6570.0
-2492.0
-2449.0
-2380.0
-2843.0
-2438.0
-2369.0
-2496.0
-2571.0
-3174.0
-2415.0
-2416.0
-2818.0
-2995.0
-3493.0
-2461.0
-2618.0
-2240.0
-2298.0
-2348.0
-2444.0
-2376.0
-2914.0
-3443.0
-5049.0
-2439.0
-2758.0
-2594.0
-2436.0
-2393.0
-2747.0
-2690.0
-2346.0
-2526.0
-2391.0
-2417.0
-2810.0
-2607.0
-2465.0
-2453.0
-2522.0
-2793.0
-2375.0
-2513.0
-2244.0
-2477.0
-2873.0
-2534.0
-2469.0
-2366.0
-16498.0
-2688.0
-2512.0
-2367.0
-3428.0
-2393.0
-2377.0
-2455.0
-2787.0
-3317.0
-2391.0
-2336.0
-2769.0
-2824.0
-3550.0
-2499.0
-2568.0
-2157.0
-2301.0
-2256.0
-2438.0
-2364.0
-3144.0
-2510.0
-15393.0
-2444.0
-2706.0
-2361.0
-2391.0
-2405.0
-2482.0
-2712.0
-2298.0
-2552.0
-2372.0
-2439.0
-2694.0
-2576.0
-2393.0
-2463.0
-2571.0
-2598.0
-2307.0
-2536.0
-2303.0
-2471.0
-2701.0
-2445.0
-2549.0
-2407.0
-17286.0
-2576.0
-2467.0
-2370.0
-2502.0
-2407.0
-2448.0
-2458.0
-2574.0
-4832.0
-2368.0
-2392.0
-2873.0
-2989.0
-3781.0
-2460.0
-2642.0
-2277.0
-2275.0
-3000.0
-2426.0
-2366.0
-4162.0
-2435.0
-3580.0
-2462.0
-2627.0
-2441.0
-2449.0
-2453.0
-4128.0
-2736.0
-2322.0
-2564.0
-2354.0
-2429.0
-2681.0
-2563.0
-2346.0
-3138.0
-2685.0
-2477.0
-2312.0
-2638.0
-2416.0
-3899.0
-3019.0
-2455.0
-2516.0
-3223.0
-16530.0
-2424.0
-2478.0
-2418.0
-2908.0
-5280.0
-4554.0
-3135.0
-6098.0
-3238.0
-2422.0
-3801.0
-2677.0
-2759.0
-4254.0
-2503.0
-2601.0
-2272.0
-2277.0
-6385.0
-5926.0
-6181.0
-7952.0
-2638.0
-8172.0
-2519.0
-2772.0
-6599.0
-6949.0
-2440.0
-4707.0
-2932.0
-4363.0
-2551.0
-2393.0
-5773.0
-2780.0
-2793.0
-2615.0
-2461.0
-2681.0
-2740.0
-2361.0
-2757.0
