-6382
210
-3244
220
3841
-894
-6711
1815
3162
-939
862
3953
741
278
-3168
-6320
2360
-2983
-6604
-4088
-3200
815
-10545
451
-925
-1582
-4658
-710
3635
-1288
-4126
-1702
-1060
-3233
516
-2999
6039
-1490
-706
-4173
-8713
-2507
-8170
-3325
5011
-2673
-6527
2266
7994
2703
-1688
-310
968
3540
-5482
-3973
1778
-1455
874
-4910
-7035
-4358
-7383
-629
3737
-1600
-5668
1182
6766
210
-7631
2237
2618
-980
-4242
-5851
228
-271
-852
-1565
-1849
-2400
-11212
2977
-3003
-1629
-5976
841
6280
-779
-4914
-3119
293
-533
-1764
1297
2378
4159
-6350
-2491
-6212
-351
-8102
-481
2136
-1511
-10675
-3038
1642
-1629
-809
-529
-2472
4788
-6194
-2807
717
1429
-163
-242
-8424
285
-6185
1157
-715
4396
-13467
-2087
2578
-2836
-5289
3768
-1351
-57
-2396
-1155
-356
6031
-2187
-6313
-5670
3539
-11133
2626
5936
-5366
-6852
-5181
-2488
-3619
-3545
-694
3402
203
1386
-5201
2910
-7300
-3048
-4186
-6300
2330
-6301
-144
-2200
-3667
-7986
1959
3573
-2007
-1857
2596
6848
2813
-965
67
-5703
2626
-743
-4543
-6400
120
-6904
-822
1599
-686
-6608
-823
-4227
-2742
1041
2433
-2453
1457
-2573
-1627
4734
421
-2533
-6075
-4124
-651
-3606
-2700
-1456
-576
-7280
411
1600
-234
-5932
-538
3664
1457
-751
-1765
2031
2132
-4475
-5108
-5553
-2694
-6232
-1229
2834
-327
-11641
-3951
-1475
-1941
-4265
-1959
2171
1818
-2515
-3859
1653
4
-4970
1296
-7160
1786
-7317
-3766
420
-1788
-3114
-2761
2749
-664
-1365
2268
-327
2974
-6439
-2674
1851
2132
-4398
-3050
-2469
618
-7279
3215
463
-2675
-8536
-1835
5243
-455
-1319
2290
5528
1576
-4758
-5439
644
1328
-4400
-9385
-8694
-5646
-4777
-702
275
-2121
-5096
-1127
-3039
1303
-3900
608
-2505
-1466
-1214
-6960
371
1919
-6333
-3061
-8274
-943
-4065
704
5401
4377
-11890
3978
5052
-2184
-7811
2325
1711
-325
334
-6303
-1459
2148
889
-4267
-5074
-3480
-8110
-1816
5280
-1411
-5606
2597
778
3969
-1136
2220
3530
643
-3032
-5878
5206
-4681
-2012
-4723
-7249
-842
-3910
-1342
-2642
6807
-9722
3720
-4452
-495
-1017
-880
3136
3371
-4999
-5268
1281
4138
-308
-2432
-597
151
-6657
-488
3644
410
-4200
1421
-177
-2023
-3234
1222
6706
2820
-1689
-8959
-138
-3582
-679
-3580
-5219
-76
855
1241
840
1437
-6594
-2921
3346
-4170
-1681
4782
5380
-3455
-4365
685
1375
-1357
321
-4087
477
2067
-9131
1094
-384
-4238
-9898
-1262
5367
-475
-3655
842
-2810
1688
-1314
-6377
1331
1069
2156
-4495
-7378
-1800
-4585
2227
-1204
918
-7453
-4725
-3212
-563
-1355
-1531
-2014
5466
-4256
-7082
196
2640
-91
-5038
-5516
-2329
-5111
2158
4697
-2891
-2373
4405
37
229
-3605
2086
2887
-2938
-4151
-1666
5371
-482
-513
-3706
-3756
531
-2705
935
527
3127
-7984
4732
2309
-4614
-2856
2001
2983
5697
-1390
-6093
3668
4143
3295
-5554
-8710
-5561
-3869
1099
7857
1025
-6076
-3373
-4025
153
-3544
1162
2663
265
-3627
-10158
223
1884
-1169
-5169
1170
-1468
-1628
-2986
-5354
-3999
-6539
3174
5227
-303
-368
3135
4877
4639
1913
-8006
6389
3806
-1145
-3003
-7205
-5454
-4374
-903
4511
-2799
-7983
5067
-2
1083
-6645
183
4475
3018
-1679
-3182
-1985
-3683
-3602
72
-6470
3057
-9267
-2516
1065
1132
-7218
2694
173
-1426
1305
3921
-1135
1219
-5512
269
3336
-658
-1520
-8
-4087
-866
-9032
-1964
2958
-733
-4169
5007
1842
-2943
-726
3346
5628
3147
-4671
2942
4156
1263
171
-4748
-6473
-149
-5336
-1068
1288
-757
-10271
1129
2934
-2938
-26
2180
1665
3791
-3260
-2621
1563
2725
-1265
-6938
-8769
-428
-1449
3767
4518
782
-7733
4417
7008
-2671
-6459
379
3445
513
-5511
-2400
-221
3420
-2724
-5458
-5416
980
-35
-6022
1158
-102
-7683
-1045
7792
325
266
1718
2727
-1759
1877
-5939
3948
4662
-3075
-1230
-7234
-2490
-2972
-1846
2730
498
-6179
2464
-1471
-3454
-3505
324
766
1716
-2302
-745
1262
1727
2706
-5478
-5800
1306
-7666
-98
3341
1244
-6570
3853
-248
2070
-1818
3331
-1463
-4414
-3802
-1712
1781
-2821
2026
-3929
-2134
-2546
-5268
-2700
4492
-217
-4977
2220
467
-880
-2514
4794
-136
2323
-381
-2471
4788
4766
-2148
-5491
-225
1295
-5314
4513
1508
6137
-6438
-691
-3438
-4028
-5205
-2283
4151
4696
-4680
-615
2344
3019
2451
-5991
-5275
843
-7361
1938
5431
2819
-4343
-462
-1703
5060
-3284
1520
-3049
6434
203
-6422
1283
-416
588
3007
349
2172
-4852
3155
3494
5817
-3950
-1537
579
-4301
-6623
749
-52
812
-7373
-4636
643
4900
945
-548
-6921
-1453
-6197
714
2349
1699
-8264
4092
93
2550
-7084
1608
5464
-850
-7026
-2441
5266
4523
-2323
-4430
-1640
1553
-8996
1384
8465
1379
-4348
4473
2403
3264
-4044
1225
4658
-288
-2639
-6738
2415
1362
-1106
-4038
-4783
561
-7512
1526
3615
-4064
-5580
3122
1666
-1493
-1508
458
-564
5633
-2051
-4613
4934
1863
-2312
-4407
-5102
1088
-5796
-639
-1306
2708
-5265
4660
-3113
-817
-1864
1347
5649
6660
-3696
-4582
2692
-755
-1866
-1617
-1917
1519
-3328
3024
1076
181
-8060
-152
-1573
2350
1468
3696
2846
3446
476
-3968
3782
1944
3093
-7067
-3254
-1509
-7609
119
7123
-3536
-7869
170
5520
-4234
-4295
2641
-1221
-1319
-3228
-1241
4284
1849
-694
-6631
-6293
3886
-6953
274
295
-482
-5803
2502
5303
3949
166
-1708
-4776
2157
-2207
-6415
-3652
7877
-273
-3721
-2583
-314
-251
2383
2423
-1421
-5907
687
1215
1656
-7293
-1014
470
3738
-3438
-3242
5107
-1737
-3445
-5294
-2824
3521
-4146
-393
1299
3332
-1113
33
2266
-1225
884
5582
1751
2756
2343
-6725
-1134
199
-5384
-4987
-1827
3961
-9257
-711
2448
3011
-5376
-536
-1818
-3887
-3026
2784
-218
5450
2507
-2293
4252
-2248
4188
-2770
-772
-1476
-1329
2849
3172
-71
-3499
1450
2832
477
-1413
2852
-1183
2810
-247
-3775
231
3515
2585
1538
-4036
211
-3715
-1442
-4555
3895
-7515
1822
5967
4828
-3874
4685
1037
1234
1180
-3844
3081
-2992
-3993
-5127
-6090
-2694
-6150
2796
2182
879
-6726
3757
652
1844
4314
-1570
6721
1025
300
-2490
832
3863
759
-1877
-2591
3061
-3846
-170
3798
6473
-8770
2076
3952
1786
-92
5039
1664
3142
821
-6286
5760
3913
533
-2834
-4474
-3159
-6247
-651
1899
3328
-4127
3099
-2963
-2617
348
2315
7924
4114
-368
-2987
6364
2153
1212
-3629
-4942
1765
-4921
3521
4127
1376
-3601
4845
3157
2825
1968
-448
5370
613
-2169
-1078
-4411
4843
3374
-3992
-3867
1078
-1007
970
1288
4100
-7573
5138
5822
3787
-1335
3583
766
1277
-1225
-2742
2009
3413
-552
861
-4561
-1707
-8521
954
-586
3916
-7279
-743
4743
2331
268
5105
-810
-185
-1736
-4661
3321
-1467
2815
-1640
-2256
1355
-678
-1664
2197
2597
-4038
-1015
7511
6074
-3316
1307
2969
9532
-837
-3591
2876
4718
1112
-1314
-3265
-2649
-4211
2968
4924
5294
-7315
4508
4578
-2027
-1294
5407
5706
223
4773
-3326
4457
620
-1691
-133
-702
-3150
-819
2562
-2820
1093
-5495
1030
4315
208
-326
3276
872
2033
1004
-7952
2731
3173
3176
-1078
884
-3844
-3410
2287
-131
10
-6654
3246
5757
-363
-447
-72
3990
5472
-2104
-6580
2055
3972
-3821
1585
-3624
-4670
-1499
-1114
3295
-2061
-8305
3861
3672
4927
-2927
2125
3683
3783
180
624
5838
3179
-2454
-491
-7332
2041
-6385
1411
-1040
1879
-6222
5098
1399
2100
1529
5314
1775
-555
-8896
1082
5903
1464
687
-1930
-2808
209
-6236
1051
3856
1353
-6470
-3440
5120
-684
-1153
5616
6873
7094
1530
-433
3504
1196
-3290
1050
-1755
-1795
-5995
4235
1598
2753
-5541
1402
4800
-837
-408
2761
1511
5751
-2918
-611
6154
-538
-7371
-2058
-4126
-943
-5400
7304
4222
2384
-5738
2956
4944
-2223
98
-1620
6549
5752
462
-1697
1401
2891
697
-5011
-6709
714
-5361
933
2193
6868
-1488
3932
4803
330
1834
5175
1566
5182
-2286
-4827
2368
4992
-1876
-4811
-2391
-3886
-3418
6770
-1951
1415
-6510
424
4118
3086
-3024
2553
3291
3387
-2012
-3484
1362
806
-866
-3221
378
2245
-5518
3362
5576
-2054
-5330
3606
5997
-218
-1238
3221
-1230
5616
1134
-743
8495
7839
2216
-2206
-2717
-1535
-4751
6210
1155
3872
-3167
3686
5722
5449
-365
-302
1237
-901
-2602
-8281
2450
-1439
261
2528
-7056
836
-4908
7202
-4805
5353
-3591
5634
9224
2459
2180
4387
2815
5277
2535
-8358
7643
2865
-2994
1236
-6928
-313
-4717
1657
5233
1323
-3583
3242
3889
1718
2570
1470
682
5618
-3751
2698
5214
4671
-2661
-2619
-4765
657
-614
5424
5972
4345
-1281
6333
412
-607
-1666
6986
7499
2899
897
-1210
8155
5901
758
-3137
2681
4011
-9059
4762
936
197
-8405
660
3484
4042
-4718
4035
7881
6723
-224
-5837
2986
3266
2466
-4064
-3359
-1240
-6289
3410
2702
3773
-6855
2957
-1266
890
604
1997
5459
-295
-2322
-1728
3305
5629
-2522
-4320
3290
924
-4502
2364
6352
1734
-3542
4844
-1588
1010
138
1703
1008
6174
-3761
1697
7602
2158
-2803
-2965
-6203
-2739
-1574
4075
2657
5413
-3779
5438
9030
1195
672
7532
4930
2218
3364
3617
4434
6416
1239
-349
-7296
1915
-7728
1201
3242
5843
-4881
3720
7753
3550
-524
814
676
6329
-4916
1280
7812
6401
3063
45
-1081
465
-8823
3787
6556
7009
-611
3009
8530
220
565
3554
-38
2513
-1468
-4790
5992
3552
-152
-4445
-1312
2018
-5927
5610
1951
4669
-1814
3703
3493
2444
5167
2797
4721
6192
2555
-6726
5334
4891
2323
-852
-2847
-892
-7343
3169
6186
7112
-5516
6153
2459
3096
-1177
6356
6612
5018
-2738
-1335
4220
3604
4891
-4946
388
2739
-2269
-1220
2250
5235
-4385
4225
5995
4223
-3810
6002
5215
6444
-1728
-5356
4775
2187
3571
-2772
-6010
4235
-5685
1290
3311
5064
-4395
2768
7592
1341
4100
6431
6092
7704
3824
2575
3060
1252
2712
-2421
-384
864
-3543
2328
4657
2560
-3646
916
2329
3316
-3008
6019
3106
8131
-1614
3286
4658
10559
-3874
-4887
217
2082
-901
338
5476
3208
-7071
7635
7314
5200
74
6651
6907
3833
3029
-1437
6256
5207
-2760
-2263
-5364
3001
-4979
3306
4972
3364
-3539
1452
6969
4622
2951
214
9212
2535
-3757
-3142
6633
4278
-2310
2855
-8317
2048
-766
4050
3642
-3126
-1863
1273
6832
3785
-4344
5032
1088
4869
-2573
-1414
5189
5889
-2326
-1534
3434
-1322
-2841
3643
728
6074
-3845
658
1147
5810
122
6474
9334
8469
-2418
2044
1809
8309
-2124
-2783
-1026
3281
-4407
4745
5015
6957
-1415
-871
5119
5652
-121
959
4365
3515
-767
-6059
8334
2595
-2297
-3526
2253
2453
-1380
4477
8600
5346
-4381
3094
1418
7910
206
7110
4004
-2697
1992
-4049
6064
8271
2003
-1472
-74
-1769
-9025
8346
2297
4885
-8068
655
-901
3260
532
2316
2018
-1816
-537
-4505
8056
6307
797
-1446
556
3
-2680
5308
4712
2988
-1306
4584
6038
5818
3395
6233
10149
6118
-3444
-2137
4491
6261
675
-3670
2830
1773
-3517
5550
1180
2596
-3432
7161
5163
5782
-149
2992
6111
9022
706
-3228
8793
9094
-1715
2661
-2147
75
-8582
1898
5555
8390
-832
1338
2465
5971
1195
6188
7304
7309
2322
-6323
4276
6090
3024
1369
2207
-2760
-4431
3867
5976
6254
-4229
6472
6377
6229
971
5068
5317
3395
652
-2833
6740
5590
1998
2606
4240
2319
-4305
5138
1363
537
-2256
3633
6717
6586
791
4847
7226
3548
-32
-3749
7958
6910
3825
-570
-7173
1652
-4392
4962
5583
4634
-2653
2520
5701
4894
2915
-119
5232
4872
-1250
-2271
732
6061
-2769
-2619
994
-1009
-3706
5876
6623
6334
-1709
3882
3844
6775
645
4579
9445
3840
377
-2473
6766
3963
870
-1355
-4820
2726
409
3945
2820
4676
3389
2716
4038
7423
-3627
8677
7978
4298
5173
-3376
4892
8938
1600
-1735
-4006
3410
-6099
1563
5895
7661
2141
2425
6421
4145
4025
6277
5467
5893
75
-1434
7474
3921
4485
-576
1942
6584
-6275
2330
7213
6345
-2021
5436
7905
5544
3922
4858
10609
6937
720
-3564
5409
4113
2483
2015
-2908
6051
-6635
2408
5343
3433
-2006
3451
4067
7267
-2156
8447
7692
4327
164
53
7088
4748
2861
-2768
-2615
-1802
-3567
1167
6357
-197
-3146
3004
3054
5087
-10
4888
4642
5140
2578
68
7595
5194
-1273
983
886
77
-6931
3409
6049
4269
-3184
4354
6448
5524
-2849
4844
5390
8579
-543
-1509
5685
6786
5125
-497
403
602
-2106
4395
1993
-7
517
6246
7444
4217
-753
6659
2814
6917
-792
1978
6893
4849
4995
-2539
-1306
3262
-5385
3248
1268
4992
-3245
-449
6017
5829
-496
4855
7889
5515
-4770
-2091
4765
3008
-2723
-4751
-2049
2140
-3670
5607
8061
5839
-3093
5076
3544
7576
3752
4550
6811
5670
345
-6562
4019
7968
1055
4141
1825
2580
-758
4177
3562
2851
-4646
3078
6355
5534
-1066
2233
3535
6756
1754
-5897
4451
8231
3784
-1752
-2738
3915
-3559
6205
3034
1428
-405
5067
-1175
8022
3007
6245
7415
5403
2297
-2121
5885
7667
1754
-182
-2129
6060
-578
7290
9362
727
-2547
1386
6778
6842
4899
8076
3687
7653
2984
-433
6857
3288
-2549
-1187
-6140
3213
-3066
3171
8231
782
-930
4277
6554
2795
4934
7001
9167
-1310
310
-685
5068
6132
5577
-773
3364
2047
-8496
2621
7008
6499
318
3624
5483
6054
-3448
7612
6605
3570
201
95
5849
7623
-5103
-2654
89
-3315
-7726
3930
5493
5507
144
4028
7969
6463
656
6448
9012
8955
2095
-1391
9094
4231
2580
-1545
3358
3707
-1743
942
4000
2246
-2973
4872
7895
7781
380
4384
7902
7312
2421
-3318
8629
3311
5168
-2264
-2040
2754
-3821
5738
2941
4512
-1795
2784
9446
3355
1991
4404
6337
3725
-4247
-4235
7766
6114
390
-1677
-502
-696
-4993
4281
2446
5425
-3958
2082
4891
4037
150
4967
2286
7212
2984
-4013
8396
7161
3268
-3094
-1566
333
-6270
6324
6183
3734
-2131
4330
8608
3944
1302
8967
6562
6224
1204
1278
7590
7313
3388
-2460
-92
3964
771
8474
5066
6504
-4157
3113
6217
4199
-282
5056
5448
5660
-686
-1257
8460
6603
3559
-2042
-261
-735
-4177
5915
3282
6422
845
173
9146
4904
-7261
7712
7571
4046
1183
-2319
6912
538
-238
-835
-87
1036
-3166
6997
7525
5137
-5765
5023
8774
8902
-1412
7036
7271
6988
3675
-2567
6419
5542
5613
-670
52
2554
-429
6719
981
6235
-1407
2079
5081
6637
1488
4567
7217
1691
4846
2025
6028
5772
-51
1721
-1995
2730
4704
7762
9817
5014
-2802
1649
4226
6240
587
5923
7459
2576
3437
-2187
6367
6907
569
-2314
1925
1462
-7429
7648
-2579
7633
-2459
4867
7030
4802
3022
8610
9560
8002
2401
2231
6490
3957
-2489
1240
-127
2243
277
5290
8239
-2126
-664
8404
7387
5496
2870
6728
8112
6297
3589
-3973
3896
8377
2457
-816
-1200
5580
1058
6178
8660
3013
-4804
4173
7285
1950
2030
7307
8182
6074
1459
-1796
3002
8647
1570
-3078
-1274
1661
-659
9121
3875
4220
-2767
8108
8483
6422
4303
7476
5363
4783
-2398
2558
8159
7882
-3956
-600
2663
5896
-3849
7313
4825
6298
-376
2839
9700
6767
240
5934
5203
5874
304
375
1389
5290
-1211
387
3710
3477
-2890
4143
8557
5326
184
4118
7710
1656
4857
3877
5626
-1144
979
-292
2721
7335
2128
-1607
-1005
4863
-3161
2135
6271
9186
-4343
3393
8120
5520
1699
9477
8091
4481
-214
4539
4697
4719
2558
2643
-1228
2944
-6528
5758
2543
10487
547
3667
8404
5496
2023
2136
7125
2704
3085
-5190
1520
7483
602
-556
1067
6953
-6598
4869
3970
6887
-1560
5084
6305
3314
-119
8204
7948
3781
1019
-5598
7476
9983
52
-350
318
1144
-4589
5769
8198
5949
-384
8396
4726
6806
2163
7213
11035
5014
4865
624
10410
6893
3035
-989
1534
1372
-2340
3397
5989
6816
-592
6576
8077
5638
2168
6946
7568
1363
2465
3401
7124
7836
-701
4025
-180
7485
-4613
5957
1319
7505
1063
3688
3281
8086
2356
6999
9369
2048
-915
2242
6453
5344
5066
1183
-1889
2905
-3640
5285
2018
7996
-5233
6642
6870
6779
2745
5817
8939
4540
1716
2001
9878
6536
5710
-3049
-556
4002
-7512
6162
7163
4743
-1075
6275
6894
4458
270
9618
6719
7658
4219
1845
6288
9368
5773
783
-359
1682
-2658
4275
5931
6851
-4126
3525
10237
6724
4532
5676
6261
8649
-5796
1477
10296
9003
3763
-379
754
4250
-6378
7620
1293
3953
-265
5540
8122
7470
-340
7900
6636
5496
5030
1529
8471
5788
4137
3604
5266
355
-3248
3081
6793
4902
-1031
5474
1791
5429
4223
7593
9276
4706
2190
2775
6985
7801
7812
775
2553
3604
-407
7504
5371
7385
-1
4000
4009
6560
1662
7318
5085
9896
3876
-4810
8379
10426
-2442
2144
2839
1146
-8388
5440
7450
4563
-1763
825
6109
6586
2798
3228
4902
6929
1834
-2091
6494
6092
1205
-2927
484
3873
-5052
3844
8351
3506
485
2948
4907
-841
2997
6713
8724
2776
3697
130
6855
9033
3539
2703
-518
1741
1198
1467
7042
6956
1568
2812
6419
5708
4509
8225
6031
2990
-1902
5060
6344
5991
469
1206
4607
1778
-1911
3185
5085
6239
-1110
5446
2593
6441
94
8374
9340
7621
2980
-9
7435
5749
2913
-233
-4731
3608
-5087
4297
4652
6002
95
3673
7800
9190
3057
9614
5787
4160
6092
-4690
7143
6510
4557
1596
1954
3552
-3229
3528
8077
5907
1670
7079
7496
-57
-590
4878
8259
3936
2459
-3257
8811
7681
-137
-4860
2047
5325
-6728
1996
10640
7915
-291
7123
8959
7402
-1725
9855
9744
5799
3325
-2774
9550
7944
6966
4517
2975
5992
1220
5689
7721
6647
-370
6845
6525
6158
3905
7413
8347
7146
-3351
-3683
8275
8968
-602
-383
-1234
2563
-3461
4448
7860
3057
2909
8088
3952
6484
-104
7872
10585
6537
542
-3662
6479
7737
3414
-1596
5269
1742
980
8163
3277
7973
-262
5964
6396
7448
-1113
7265
7993
10207
4246
416
8251
6288
2383
4875
-78
4387
-141
7368
4793
5303
1767
5948
6690
4727
4087
6769
9307
5062
-3261
3517
6825
5263
4462
4700
4955
7086
4002
3499
6597
7579
462
7300
7874
5326
3809
7329
7889
9898
1453
1881
8985
6665
1215
473
-1644
3867
-5420
3608
7850
6187
2847
8112
9339
10214
352
7462
7445
7320
2753
-2806
8093
7171
701
1473
494
5233
-5359
4165
10954
6908
-4984
4545
6245
4987
-2647
7093
9584
6849
6136
1464
6617
9882
5157
138
-51
2786
-685
2132
7612
298
-2235
7776
7661
7557
3927
8644
3999
6488
2733
1510
2204
7258
1096
1886
-1638
1992
1681
5029
8421
3111
-1368
2217
8138
7559
1905
6101
8517
5813
3944
-23
9827
7686
1003
-932
-2922
6770
801
6307
8044
7996
190
10433
9108
7040
2771
6017
6417
4877
2921
1979
7718
4680
1916
2266
3182
-1046
316
9167
7041
5853
184
6091
5646
7494
7827
6543
7540
4274
4681
4664
7974
10180
3897
-1030
739
6220
297
2310
3988
7840
-3291
3933
6585
7367
1016
5583
5763
5248
3110
-4305
8759
8727
2662
2009
-543
1571
-306
7836
9974
5374
174
7417
7545
7867
-929
10411
8617
6563
6916
2984
8700
9594
6865
82
1208
7247
-4588
6582
7333
6563
1875
7219
9203
6859
1082
7104
6326
10304
2264
-440
8494
7351
7316
827
1428
4897
-5422
3400
5414
7383
6245
7696
9527
6280
8952
7728
7377
10280
-956
-174
6959
6941
2767
4241
1922
1934
626
7136
9460
6924
-24
7890
5779
7848
4588
7083
6711
6950
2887
-2709
8787
8345
4814
485
4046
2461
-7646
4845
6655
6566
1857
4163
9330
4381
4158
7650
6992
2979
2484
-2518
11219
2309
1723
656
-300
988
-3815
8420
3042
6064
1951
8059
4872
5643
4778
6857
7590
8689
2456
4122
8369
8852
8966
544
5826
6868
-1560
7415
8972
8267
1188
6211
3246
5835
15
8353
9431
7827
4390
-1662
2036
6375
1791
5049
5130
4254
-4179
8084
6602
5543
1270
2570
8740
6542
-663
9672
6953
5993
4800
-2260
9460
8834
2640
4152
5530
5023
-324
1261
8596
6898
3961
6766
6641
8271
2864
6746
6923
9547
3560
1893
6672
7793
1403
-2528
6794
7653
175
6047
5297
7295
-3854
2143
8673
6322
4012
8520
9877
7518
6228
-252
6546
6625
-305
-870
2995
3166
-5438
2220
7527
5708
839
7999
6263
3923
2999
7226
5120
9412
3171
-290
9388
5586
7981
-1016
-5267
4488
1607
5557
6837
6074
-744
9125
2969
5695
4595
8842
10256
10553
4260
7559
10328
9178
2140
-680
6144
5535
-4953
9053
5968
6703
-210
8638
7213
6748
2844
6373
7883
6842
7120
2013
7183
6863
2169
2309
1936
4910
-6575
2121
7743
7152
-1808
8903
8786
3847
6168
7933
7020
11105
2846
-1620
7789
8399
4257
3534
3023
4810
1081
8841
6255
6733
1828
8178
9259
7856
2506
8160
8114
7238
-1773
5880
6904
8899
2838
2326
-151
4639
-2575
5409
7263
5662
-4291
4512
10181
9191
3049
3977
7228
6260
-334
2410
7134
6109
3943
209
2387
5267
-2201
7549
8607
8982
-1806
8548
9199
8349
588
9043
9289
8511
3133
5086
8049
7349
-1413
2757
2921
2385
-929
4459
7001
7252
2256
7524
6571
7712
2909
9590
5182
8318
5043
3
9242
6132
6160
3659
837
4261
935
6403
6849
7752
2120
4335
3721
6995
224
3981
11451
4024
451
496
10611
11307
5719
2291
1349
4367
-2762
6323
10531
7791
5825
7582
6553
6237
-279
7608
6560
7230
1691
1298
8323
8044
-1909
-386
-1209
4406
-219
8127
6427
7786
-3294
8554
4901
7368
4850
5781
7541
6565
6297
-2127
8261
9313
3927
1645
1160
6028
-2471
5757
5677
7310
-462
4291
11698
7743
1374
8118
9107
8369
4338
-1629
9522
8314
6056
3672
2550
5262
-5445
8418
6215
8607
-134
6606
2528
5795
6561
8979
9228
9860
-1449
5825
11087
8524
5755
3080
5403
898
2749
3579
9238
6646
1617
5007
4529
9285
3609
9514
7595
8981
3540
-4831
6436
8161
7302
2334
3859
4134
3678
3370
3387
8192
608
5775
6095
9380
4125
8380
8873
8164
5051
5534
9834
9358
-1457
-2944
3205
2460
-570
7623
7350
4490
605
6099
8282
5727
1581
9780
9934
6453
3154
-515
9224
9441
3046
942
-57
2748
-4867
8176
8919
8097
600
11520
10295
6971
1203
9858
9577
5857
5236
4236
9237
9902
1348
1377
2435
2725
2533
4558
5487
3964
2386
7272
5789
4778
2356
9034
8214
8559
2537
645
8730
8245
2419
5529
2585
3585
-1593
9200
8411
8149
-1238
7164
8679
6304
4676
7333
10318
8265
556
1385
8206
8694
7251
1473
3013
6198
-4564
8202
9906
6917
1211
6358
5355
5386
4357
8396
10636
6420
4704
-2013
11308
9324
3773
6252
2833
5490
-1547
7045
3664
10432
-1161
6906
6049
7585
7196
9102
5953
8305
4733
-5174
8529
8885
1878
4276
-67
3566
3326
6816
3856
8946
-714
6914
7837
9207
3127
10227
9997
6372
1299
-804
7736
9580
2774
-219
1771
4905
-1679
6561
7314
7533
2151
10917
9737
4508
5319
9568
10410
9451
4395
-898
8882
9013
4443
2364
4819
7771
-8727
1334
9879
7366
2593
1654
7549
4933
702
8623
8873
3555
5084
-2731
10209
8514
6006
5424
3987
6294
-3735
5528
10450
6666
2696
7974
6002
6704
4145
7685
9698
3948
-260
-849
8775
9224
4243
1456
2700
7094
-2328
8275
7761
8186
-2248
9332
8633
9701
6073
6888
8128
10213
3343
475
6992
8526
3174
1823
3242
6926
2574
1370
6622
10692
4145
8546
4795
7816
4173
10166
10721
7473
6702
4866
10399
7051
2062
2675
-2074
4244
-4110
6682
7928
9509
3061
6213
8194
7002
4141
9480
8557
7813
-2109
-612
9681
10960
4879
3125
4575
4068
-2712
4656
6731
6904
-1524
8184
7607
7703
5067
7969
8730
8866
2351
5211
6918
9371
3786
8277
2158
5365
2603
7839
9118
10565
1518
6861
6946
7634
4169
9341
8523
7892
3494
4875
6355
7216
4220
1320
1847
4892
-246
8155
5224
8132
736
3444
7595
6479
5146
7306
9986
8277
4163
3193
6501
11306
3940
2326
1185
5373
-3377
5910
6562
5020
1012
8691
5927
6919
5180
8903
8333
8572
2500
-1779
7041
9082
3456
1205
3951
10265
-3682
2510
10181
4895
1691
7098
6074
8801
6506
10889
10851
11411
6050
1264
8284
8315
5017
2323
5867
6648
2064
8054
8683
7981
1856
8120
10028
6120
6028
8184
8384
11559
3771
105
7228
10021
-955
5332
4340
6108
1342
9016
2776
7293
2424
6195
7721
6920
2085
8381
10657
7735
4663
-2082
9946
9705
-1173
220
3992
8234
5262
7872
6759
9316
1688
8445
8551
7765
973
4990
7459
7820
4870
5577
9887
7496
3482
2376
753
7040
-799
9240
10891
5476
1721
6202
8809
7727
7144
7030
10602
9774
5506
-357
10306
7708
7591
1612
5554
6219
-414
6592
7636
9888
3132
9177
8584
6416
6658
6983
8890
6854
5834
-998
9707
7923
7281
3973
5063
7747
-6427
7845
6245
11046
-1331
9109
6365
5181
5926
8371
6499
9279
2831
3867
11233
9469
2804
4864
5506
5282
-3451
6924
9036
10075
6481
9272
10317
5675
1283
8404
9647
8279
5260
5061
9399
9826
5155
3695
2543
5360
-3642
6017
10101
8564
-376
6468
7244
7323
5523
10480
10503
9089
5523
747
10800
9312
3105
1245
2574
7790
4805
8043
9579
6648
2121
10335
9519
9175
3345
9610
10656
8482
6556
4883
9666
8798
6974
4591
3503
5813
1833
7652
4481
5813
1111
7985
4825
7917
6646
9026
10612
6068
6312
6439
11133
8504
5750
4995
2697
6449
-8776
8881
8430
6144
2022
6480
11340
6803
5614
8577
10068
7656
4101
-2794
8562
10388
7004
5146
4821
8691
-1997
6522
9528
9152
1526
8724
8318
6588
6122
10827
10002
10044
3446
-102
11161
9527
6761
-14
504
4838
3034
5492
8554
8785
4829
8060
6387
9136
6520
7041
11185
10405
1318
4898
9103
9335
6051
4318
3252
6325
-2742
8050
11159
9954
4907
8259
5830
8460
8145
8092
10600
7974
4830
2163
8205
7424
4009
3086
2314
3235
177
8021
10066
7129
2032
6870
9302
8863
6084
8269
10382
9094
7083
2870
11602
11049
7767
6845
948
5730
2624
10164
7023
8507
1804
7118
9412
7903
6968
9221
7341
6195
3623
206
8715
11518
7349
-589
5300
6648
295
7983
7219
9721
1239
9282
5323
10128
3987
10384
8809
9397
6036
294
9784
9378
4369
2247
1484
3824
-271
7815
8114
9087
34
9362
9682
9137
5622
10206
10881
9825
4938
736
7725
11490
-1135
5041
4417
5621
22
9133
9427
9551
1371
9785
9598
9170
6106
5804
9779
9295
6701
6668
9222
7541
3637
6962
7417
6544
854
7567
9801
8128
1383
9080
7321
9447
-794
8977
9279
10625
2597
85
10943
7686
5611
5989
5059
4404
1170
7129
9829
7695
4718
5662
9185
6623
8070
8993
7900
7010
4750
3383
9422
6012
7460
7356
981
7725
-560
7732
9975
6432
2934
5866
7732
7687
5322
10255
8776
11431
3209
-1127
10303
9760
1204
3204
7680
5556
-240
6923
9782
7693
1309
7875
7586
3863
4686
8491
9047
10381
4842
1561
8695
9012
3891
3503
5011
9757
1759
8376
11371
8243
3393
8013
6054
6382
187
10684
10201
5502
3299
1003
7403
9146
4355
1767
4275
6669
387
8382
10907
7151
1285
8496
8647
7137
5580
8674
11537
7108
734
683
10720
8490
7926
-498
5944
6714
-3234
9946
9501
9929
3876
7930
9337
8231
4018
6761
8746
7928
7048
3
9707
12076
4978
1540
3318
7778
-7703
11138
5872
8033
-1918
7242
6341
8798
6729
7979
9048
10158
7599
1697
11674
10122
4385
3460
2953
6073
4054
7784
7850
6102
694
7868
8032
6523
5959
7374
7977
10503
4156
1944
11195
9566
5981
1365
3699
4003
1535
8617
10277
9437
2620
6682
8612
9115
3837
9014
9086
8540
6719
2449
7417
7566
4280
3606
4722
5992
-177
7839
10766
7569
3693
7815
10119
7222
7969
8861
10265
9264
5259
-568
8631
8133
4210
498
2727
7023
1104
2178
9631
5785
1142
9475
10316
8425
2720
9154
10673
6498
4645
606
9777
11677
6963
5687
6366
6604
3235
6716
8882
9254
5484
9856
8368
6959
6011
9679
10312
7876
-1224
3053
7546
10265
6115
5810
4819
6723
-298
8453
9759
9372
6069
7809
8266
4199
2373
8422
8125
9325
3206
2578
9561
9791
2947
3687
4902
6906
-327
6943
7711
6700
5621
8849
11487
9857
2083
8125
7737
11578
717
-1455
11574
9560
4348
1884
1812
7180
-1759
5377
8390
8326
2571
6005
7385
6774
5044
9553
10384
9337
4232
-3651
5994
9166
1064
4150
5531
8234
-1137
9629
9838
7932
-640
5879
10601
10144
5643
10742
11435
7684
5384
4497
11648
7667
5322
5134
7391
4390
-2199
8567
6833
11685
-647
2611
11518
9656
6389
9586
7728
8931
6919
-100
7933
10664
7084
5941
4125
6207
-508
4471
7052
10030
5298
5519
9028
7107
-1114
7605
9276
7998
7489
2122
10339
10193
7959
7010
2743
1913
339
9312
8701
8061
-726
3747
9591
8193
5371
7431
12167
11484
9385
306
11145
10510
5763
744
4574
6033
1298
7526
10877
6820
2451
3598
9107
8804
5039
7754
10704
11146
8147
764
10350
9978
6887
3281
846
5933
-735
6326
10276
5346
950
7957
10963
10076
4366
11010
10708
10003
8343
2139
9898
9519
7284
2665
4838
7006
-5
6903
11153
10236
3866
7579
11020
9497
4818
10373
11732
9836
8501
2538
7897
6819
5551
4917
4972
8197
-1222
9025
8462
9156
5524
8804
9829
9090
6939
9858
10021
11937
3798
5277
9518
10125
8684
4468
3320
1935
-3611
7555
10344
10450
4013
5471
10895
9214
7035
8383
10284
10497
2793
2212
10821
8087
7007
6816
7487
8011
-1178
7307
8995
10262
4685
9209
9490
9069
7205
7192
10450
11297
3302
5212
9875
8721
6993
5805
2769
7949
-2021
7391
9702
11393
2008
9748
4969
8941
4575
8601
9008
10096
912
3826
10203
9912
7333
5234
4642
8084
-2240
7449
8603
7846
-144
4925
8535
9529
4549
10018
8953
8332
5593
3955
8671
7367
7285
3572
1205
8356
-3025
7274
6940
8643
3473
8576
9564
8552
3386
8854
9554
9357
4078
2260
11251
8337
4500
7467
3555
4547
1833
8772
8965
8430
2101
6494
11109
8283
5750
7365
11247
10546
7342
507
8204
4495
6870
253
