-27423.0
-24464.0
-23943.0
-21740.0
-19376.0
-17378.0
-30366.0
-18812.0
-16352.0
-15750.0
-26261.0
-17372.0
-16840.0
-18408.0
-14883.0
-23730.0
-12424.0
-17389.0
-20188.0
-28793.0
-23263.0
-18176.0
-12912.0
-20247.0
-18611.0
-19226.0
-31839.0
-18223.0
-20628.0
-21950.0
-24467.0
-27160.0
-22056.0
-15212.0
-19158.0
-12822.0
-16788.0
-18890.0
-13889.0
-20484.0
-19188.0
-12704.0
-23639.0
-19399.0
-9379.0
-15452.0
-23362.0
-19967.0
-20045.0
-18547.0
-18745.0
-17627.0
-17220.0
-13795.0
-19077.0
-22791.0
-20028.0
-14128.0
-14296.0
-13406.0
-21929.0
-11992.0
-16110.0
-17057.0
-19547.0
-24742.0
-13595.0
-11547.0
-17347.0
-26436.0
-19129.0
-14312.0
-21731.0
-24173.0
-15693.0
-13111.0
-28236.0
-15098.0
-17842.0
-22264.0
-15701.0
-20643.0
-18987.0
-18732.0
-11267.0
-10808.0
-19420.0
-15860.0
-22194.0
-20646.0
-15365.0
-7101.0
-13289.0
-14932.0
-11972.0
-11225.0
-12306.0
-10938.0
-12967.0
-14719.0
-18336.0
-18066.0
-20208.0
-18494.0
-10455.0
-12128.0
-16102.0
-11739.0
-11502.0
-14467.0
-15573.0
-12958.0
-12844.0
-11561.0
-13127.0
-16565.0
-7666.0
-8435.0
-16604.0
-15072.0
-23848.0
-16981.0
-12070.0
-12700.0
-13395.0
-20318.0
-22067.0
-13632.0
-14262.0
-13538.0
-16767.0
-22434.0
-16807.0
-10127.0
-11877.0
-13125.0
-12676.0
-14996.0
-13860.0
-11549.0
-11336.0
-14072.0
-19510.0
-18029.0
-11479.0
-9842.0
-16478.0
-16157.0
-9539.0
-23314.0
-19367.0
-9971.0
-20438.0
-5329.0
-6862.0
-8499.0
-13227.0
-11667.0
-9198.0
-18219.0
-11041.0
-8200.0
-10428.0
-9183.0
-12152.0
-17130.0
-8563.0
-6151.0
-12171.0
-20970.0
-15949.0
-6611.0
-16053.0
-8440.0
-14518.0
-9019.0
-14629.0
-17842.0
-7726.0
-10683.0
-12322.0
-11828.0
-19789.0
-11957.0
-10483.0
-10214.0
-24642.0
-12281.0
-9338.0
-17948.0
-11610.0
-10550.0
-14280.0
-16080.0
-6779.0
-15596.0
-12186.0
-13767.0
-9355.0
-7897.0
-17341.0
-8975.0
-32874.0
-7154.0
-16176.0
-7952.0
-10618.0
-12842.0
-17652.0
-11476.0
-9282.0
-8856.0
-10470.0
-10529.0
-14912.0
-14009.0
-6682.0
-10361.0
-15151.0
-18234.0
-13663.0
-10994.0
-12801.0
-14484.0
-11379.0
-10262.0
-11013.0
-7673.0
-8466.0
-9371.0
-9307.0
-14416.0
-14024.0
-11053.0
-9178.0
-7492.0
-12177.0
-13901.0
-6756.0
-9754.0
-14104.0
-10674.0
-10544.0
-9654.0
-5934.0
-9150.0
-8643.0
-9919.0
-7584.0
-9447.0
-9445.0
-7061.0
-14229.0
-5782.0
-11651.0
-8302.0
-15413.0
-12135.0
-9250.0
-8368.0
-14748.0
-6470.0
-5503.0
-7221.0
-6904.0
-11650.0
-9255.0
-10437.0
-7842.0
-14916.0
-7769.0
-9558.0
-6754.0
-8976.0
-12931.0
-9551.0
-10381.0
-6778.0
-10141.0
-9446.0
-10899.0
-12029.0
-13001.0
-8300.0
-8957.0
-6234.0
-10218.0
-9439.0
-9978.0
-8791.0
-9245.0
-8479.0
-6730.0
-15091.0
-10033.0
-11064.0
-12031.0
-11214.0
-5667.0
-12653.0
-7821.0
-9028.0
-12557.0
-7109.0
-7969.0
-7261.0
-12364.0
-6856.0
-3934.0
-3224.0
-8055.0
-4664.0
-2954.0
-7584.0
-11537.0
-12823.0
-4496.0
-3513.0
-12205.0
-11969.0
-9153.0
-5452.0
-11087.0
-8988.0
-5161.0
-6467.0
-8177.0
-7281.0
-11255.0
-6254.0
-5389.0
-11407.0
-7614.0
-3438.0
-2281.0
-4327.0
-9530.0
-13498.0
-8922.0
-5483.0
-5429.0
-3340.0
-5383.0
-14220.0
-5591.0
-2857.0
-6372.0
-2909.0
-2489.0
-5498.0
-7422.0
-7749.0
-8773.0
-4531.0
-4890.0
-4813.0
-7263.0
-4560.0
-975.0
-4840.0
-4740.0
-1067.0
-2416.0
-3042.0
-4508.0
-7550.0
-2464.0
-2187.0
-9008.0
-10915.0
-6936.0
-1334.0
-5521.0
-4223.0
-2567.0
-6609.0
-4640.0
-2908.0
-6384.0
-3135.0
-7284.0
-4251.0
-4917.0
-3845.0
-3538.0
-1097.0
-5324.0
-4675.0
-2325.0
-1488.0
-3686.0
-1560.0
-4028.0
-12108.0
-4477.0
-1057.0
-4152.0
-4888.0
-2220.0
-3777.0
-3165.0
-3745.0
-5042.0
-2205.0
-2123.0
-4868.0
-8596.0
-5254.0
-852.0
-2865.0
-3816.0
-2946.0
-2383.0
-5129.0
-3758.0
-4826.0
-2818.0
-5411.0
-4165.0
-5440.0
-7040.0
-1817.0
-3242.0
-7642.0
-4518.0
-5858.0
-2843.0
-2554.0
-4844.0
-3487.0
-4433.0
-4321.0
-6799.0
-3701.0
-2616.0
-4697.0
-7849.0
-6740.0
-4686.0
-3776.0
-5124.0
-5315.0
-6722.0
-13531.0
-4231.0
-7677.0
-10016.0
-7355.0
-2213.0
-3390.0
-8884.0
-4510.0
-11486.0
-4390.0
-804.0
-3486.0
-11482.0
-2863.0
-1013.0
-5562.0
-5587.0
-2376.0
-5574.0
-1480.0
-2012.0
-4427.0
-2863.0
-1658.0
-4203.0
-6448.0
-6424.0
-4187.0
-2410.0
-6460.0
-3702.0
-6944.0
-2283.0
-4319.0
-2318.0
-7516.0
-5853.0
-8218.0
-8102.0
-4952.0
-4224.0
-1867.0
-3271.0
-2721.0
-2404.0
-2395.0
-161.0
-627.0
-4044.0
-1253.0
-3321.0
-1404.0
-2129.0
-3143.0
-2291.0
-1994.0
-3047.0
-1812.0
-3177.0
-984.0
-545.0
-3194.0
-8062.0
-3817.0
156.0
-2153.0
-5121.0
-1408.0
-1957.0
-838.0
-1809.0
-5280.0
-4638.0
-2711.0
-1905.0
-4234.0
-1413.0
-2408.0
-3459.0
-2809.0
-3083.0
-2733.0
-2980.0
-2284.0
-1547.0
-3399.0
-3525.0
-3016.0
-1758.0
-4291.0
-1281.0
-496.0
-4145.0
-3727.0
-410.0
-3851.0
-1379.0
-3450.0
-2421.0
-5754.0
-1555.0
-124.0
-3188.0
-4397.0
-890.0
-729.0
-557.0
-221.0
-4809.0
-662.0
-25.0
-2556.0
-5186.0
-1071.0
-1375.0
-411.0
-1819.0
-382.0
-835.0
-935.0
-1041.0
-2924.0
-4264.0
-2809.0
-2725.0
-5569.0
-11069.0
-1147.0
-652.0
-4414.0
-3892.0
-730.0
-2897.0
-3388.0
-1115.0
-4218.0
-4533.0
-1260.0
-3416.0
-2326.0
-523.0
-1820.0
-1924.0
-1339.0
-1595.0
-472.0
-1528.0
255.0
-2104.0
-1204.0
-646.0
-917.0
-879.0
-2705.0
196.0
-1348.0
-2221.0
-1320.0
-1803.0
-15.0
-314.0
-1564.0
-5623.0
-1169.0
14.0
-942.0
-3336.0
-107.0
-2377.0
141.0
-1926.0
-2230.0
-625.0
-1201.0
-1456.0
-2474.0
-3695.0
-617.0
-471.0
-2977.0
-423.0
-2646.0
-889.0
-1895.0
-2270.0
-1353.0
-4561.0
-1074.0
-3296.0
-1287.0
-686.0
-1748.0
-3847.0
-2549.0
-1214.0
-2494.0
-2432.0
-1465.0
-3744.0
-792.0
-1663.0
-2010.0
-1655.0
-1054.0
-1095.0
-1185.0
-3421.0
-623.0
-2315.0
-1011.0
-1254.0
-3469.0
-2807.0
-2121.0
-1815.0
-1708.0
-2685.0
-3399.0
-946.0
-612.0
-519.0
-1360.0
-2092.0
-344.0
-2331.0
-1108.0
-4848.0
14.0
-213.0
-4134.0
-1176.0
-1294.0
-3135.0
-2611.0
-1470.0
-1435.0
-2082.0
-1827.0
-1256.0
-1096.0
-1922.0
193.0
-2294.0
-1283.0
-1920.0
-1711.0
-717.0
-282.0
-4003.0
-497.0
-402.0
306.0
-12.0
-343.0
-543.0
-244.0
-1731.0
-251.0
-1034.0
-1416.0
-800.0
-1489.0
-6034.0
-2924.0
-495.0
226.0
-814.0
-671.0
-588.0
-1408.0
-1407.0
-1071.0
437.0
-785.0
-1317.0
-2081.0
-2568.0
-676.0
-301.0
-900.0
-755.0
201.0
141.0
-927.0
-806.0
-367.0
-1435.0
-2542.0
-401.0
-1508.0
-1229.0
-1012.0
-1252.0
-1571.0
-662.0
299.0
-460.0
398.0
-403.0
-113.0
258.0
-197.0
214.0
-10.0
202.0
-689.0
-82.0
-125.0
-1231.0
-156.0
284.0
-412.0
-2427.0
-1113.0
355.0
-366.0
-1001.0
294.0
-89.0
-496.0
-541.0
-1142.0
478.0
146.0
-184.0
-156.0
-1762.0
-646.0
296.0
-964.0
-301.0
430.0
-548.0
-513.0
-978.0
-1477.0
-826.0
-854.0
-474.0
-114.0
-111.0
406.0
-1445.0
-1713.0
-145.0
122.0
2.0
227.0
-394.0
-242.0
374.0
-123.0
-2338.0
-410.0
-739.0
-1294.0
-1291.0
-634.0
-730.0
279.0
426.0
-221.0
-4328.0
-182.0
-816.0
-815.0
-387.0
-617.0
140.0
-214.0
-150.0
-1509.0
-1687.0
698.0
-448.0
-890.0
-1392.0
-77.0
-161.0
313.0
-1605.0
-248.0
-563.0
51.0
-527.0
-929.0
-570.0
-785.0
-882.0
-279.0
331.0
10.0
-1401.0
-1576.0
-1495.0
-210.0
-96.0
519.0
-704.0
-1377.0
466.0
-793.0
-2890.0
-2302.0
-620.0
-2885.0
-3318.0
-1110.0
-1809.0
-1817.0
-1320.0
-2261.0
-6740.0
-1223.0
-1800.0
-2348.0
-2007.0
-3513.0
-3646.0
-3783.0
-1451.0
-4750.0
-4871.0
-3894.0
-4025.0
-2510.0
-5912.0
-1202.0
-1295.0
-1902.0
-966.0
-1152.0
-1494.0
-739.0
-1146.0
126.0
-1819.0
-945.0
-1715.0
-568.0
695.0
-662.0
-800.0
5.0
202.0
400.0
397.0
-1461.0
-917.0
-1633.0
61.0
37.0
-739.0
-395.0
-338.0
-520.0
-1168.0
-1183.0
-1801.0
147.0
297.0
311.0
-1707.0
-374.0
352.0
281.0
-164.0
221.0
48.0
251.0
-497.0
-790.0
-722.0
-516.0
-1893.0
-600.0
-478.0
401.0
-772.0
-664.0
-401.0
-488.0
-402.0
-15.0
-282.0
130.0
-572.0
-1097.0
-647.0
260.0
241.0
192.0
-393.0
-150.0
79.0
-751.0
-192.0
443.0
-1280.0
-1821.0
224.0
516.0
-451.0
-1039.0
-66.0
-1400.0
-881.0
-316.0
-791.0
-393.0
-737.0
387.0
-939.0
-21.0
403.0
468.0
-928.0
-566.0
304.0
210.0
-765.0
-2023.0
34.0
577.0
-113.0
-2124.0
-1936.0
-79.0
-1029.0
-2007.0
-4966.0
-2654.0
-3224.0
-3793.0
-2242.0
-2922.0
-395.0
-3358.0
-3427.0
-2078.0
-1946.0
-1970.0
-3717.0
-2382.0
-1423.0
-394.0
-1637.0
-521.0
-2014.0
-2250.0
-1212.0
-1839.0
-2035.0
-406.0
82.0
-1394.0
-2047.0
-1448.0
-1091.0
-93.0
-2314.0
-222.0
-1117.0
-1821.0
-1363.0
-1393.0
-532.0
-1133.0
-1368.0
-849.0
-838.0
-2482.0
-273.0
-1289.0
-1406.0
-778.0
-912.0
-1488.0
-1430.0
-618.0
-708.0
-1036.0
-1024.0
-611.0
-2166.0
-553.0
-2589.0
-2947.0
-1417.0
-512.0
-271.0
180.0
-1405.0
-144.0
-338.0
-1052.0
-2041.0
-1241.0
-1516.0
-626.0
617.0
-259.0
-959.0
-794.0
-17.0
138.0
-477.0
-283.0
-1040.0
250.0
79.0
85.0
-1465.0
-645.0
362.0
-122.0
-387.0
378.0
156.0
-1669.0
-635.0
-1232.0
-490.0
-63.0
-332.0
-282.0
-643.0
512.0
145.0
-481.0
-711.0
-371.0
-1235.0
-192.0
-514.0
-933.0
-1551.0
-1207.0
-665.0
-1166.0
397.0
345.0
-947.0
-637.0
-662.0
-1252.0
-15.0
-1320.0
-1033.0
-301.0
-414.0
-91.0
-532.0
-3285.0
-2786.0
-1595.0
-530.0
-632.0
-2859.0
-2375.0
-446.0
-833.0
-2093.0
-364.0
355.0
-222.0
-300.0
510.0
194.0
506.0
-324.0
-845.0
315.0
260.0
-315.0
-518.0
-1093.0
-728.0
-363.0
-911.0
388.0
-203.0
-219.0
-11.0
14.0
141.0
-1521.0
-1715.0
93.0
449.0
357.0
400.0
-398.0
-123.0
-234.0
-615.0
-620.0
195.0
-685.0
-628.0
590.0
-409.0
-1026.0
75.0
270.0
70.0
92.0
-170.0
-1419.0
360.0
369.0
386.0
-1158.0
83.0
0.0
45.0
-990.0
459.0
38.0
-315.0
-10.0
-1338.0
-23.0
596.0
-183.0
-172.0
-485.0
471.0
-214.0
-194.0
199.0
-300.0
-32.0
-96.0
-574.0
193.0
-461.0
-828.0
14.0
444.0
310.0
-230.0
-218.0
-382.0
453.0
303.0
537.0
243.0
-419.0
-361.0
227.0
288.0
-219.0
-842.0
10.0
-9.0
-488.0
-147.0
-1115.0
-56.0
-44.0
140.0
-1110.0
-354.0
373.0
-373.0
-49.0
336.0
263.0
309.0
50.0
-410.0
-131.0
291.0
154.0
-218.0
-274.0
284.0
323.0
-682.0
-186.0
45.0
-90.0
530.0
25.0
188.0
-629.0
-375.0
-222.0
184.0
61.0
22.0
-472.0
126.0
39.0
0.0
-417.0
-601.0
-762.0
-1006.0
486.0
-77.0
-32.0
-215.0
233.0
200.0
-160.0
74.0
-1793.0
417.0
116.0
418.0
-263.0
57.0
267.0
70.0
-183.0
482.0
657.0
14.0
-467.0
-6.0
292.0
338.0
241.0
-944.0
-256.0
410.0
303.0
-19.0
174.0
-129.0
89.0
75.0
-1407.0
-510.0
-938.0
-1712.0
-278.0
-7.0
293.0
396.0
-168.0
126.0
-578.0
204.0
648.0
194.0
259.0
-593.0
-319.0
701.0
-411.0
-294.0
-886.0
-17.0
-280.0
332.0
-888.0
506.0
-629.0
168.0
-1131.0
481.0
606.0
175.0
274.0
318.0
78.0
184.0
-68.0
-226.0
-52.0
-89.0
-427.0
-639.0
-189.0
8.0
278.0
-1844.0
-336.0
-106.0
-408.0
409.0
-585.0
77.0
-498.0
-955.0
433.0
503.0
-247.0
-439.0
-1166.0
-184.0
-505.0
530.0
482.0
-601.0
-11.0
-403.0
198.0
627.0
-425.0
-49.0
-366.0
453.0
-685.0
-107.0
-1421.0
301.0
-347.0
22.0
-1374.0
-354.0
272.0
268.0
-525.0
186.0
556.0
446.0
-138.0
-88.0
232.0
449.0
355.0
-959.0
-1176.0
449.0
-112.0
-1165.0
-360.0
212.0
-466.0
-1366.0
-876.0
-76.0
-1045.0
-1224.0
-45.0
281.0
624.0
574.0
251.0
183.0
547.0
354.0
164.0
57.0
37.0
77.0
254.0
469.0
231.0
398.0
385.0
-527.0
-1.0
-351.0
-454.0
-144.0
-223.0
119.0
-622.0
-24.0
-1096.0
-23.0
-175.0
-145.0
-6.0
218.0
52.0
-270.0
-13.0
623.0
-27.0
33.0
-127.0
-410.0
-1094.0
-231.0
175.0
-295.0
-18.0
-497.0
-247.0
-345.0
-357.0
-1106.0
315.0
271.0
-822.0
-306.0
-1191.0
55.0
-200.0
-1625.0
219.0
224.0
-33.0
-1316.0
-716.0
-691.0
-437.0
-1277.0
343.0
-957.0
-78.0
-197.0
-987.0
-539.0
-438.0
326.0
-1200.0
-517.0
262.0
-159.0
348.0
508.0
426.0
469.0
-673.0
-191.0
378.0
273.0
-920.0
-1089.0
54.0
-85.0
310.0
209.0
216.0
-176.0
-425.0
46.0
-395.0
41.0
-724.0
-850.0
-384.0
152.0
562.0
-324.0
-104.0
188.0
-196.0
89.0
275.0
441.0
212.0
-786.0
638.0
-288.0
13.0
383.0
133.0
-655.0
19.0
-202.0
-957.0
208.0
407.0
144.0
-947.0
431.0
464.0
212.0
62.0
365.0
495.0
-390.0
133.0
-506.0
455.0
475.0
-24.0
-1660.0
-741.0
-222.0
-164.0
-494.0
235.0
-615.0
-230.0
330.0
-417.0
341.0
-589.0
-157.0
203.0
-381.0
592.0
595.0
-20.0
-51.0
450.0
474.0
566.0
271.0
318.0
-417.0
645.0
591.0
-105.0
350.0
612.0
-447.0
-9.0
298.0
-467.0
443.0
110.0
-219.0
-1525.0
195.0
547.0
25.0
77.0
492.0
399.0
449.0
163.0
-319.0
476.0
-35.0
394.0
265.0
45.0
-266.0
16.0
84.0
206.0
139.0
-164.0
374.0
-462.0
455.0
-1060.0
-852.0
96.0
419.0
587.0
508.0
-322.0
46.0
10.0
-281.0
368.0
100.0
214.0
-1249.0
508.0
440.0
-163.0
601.0
60.0
327.0
-1033.0
414.0
-702.0
440.0
-55.0
120.0
-821.0
-271.0
-17.0
271.0
452.0
624.0
537.0
511.0
389.0
78.0
557.0
458.0
-449.0
0.0
-70.0
524.0
389.0
-646.0
-68.0
86.0
134.0
277.0
-646.0
461.0
-989.0
-497.0
364.0
-80.0
396.0
192.0
381.0
332.0
376.0
-464.0
511.0
350.0
90.0
-103.0
534.0
635.0
368.0
-61.0
580.0
28.0
167.0
270.0
-17.0
534.0
354.0
357.0
-585.0
-1844.0
414.0
287.0
197.0
374.0
258.0
428.0
-1138.0
105.0
210.0
684.0
-29.0
-176.0
-588.0
402.0
132.0
-46.0
-442.0
299.0
-331.0
461.0
46.0
396.0
-639.0
-1018.0
-317.0
52.0
680.0
535.0
127.0
258.0
200.0
168.0
399.0
603.0
232.0
247.0
272.0
484.0
-24.0
448.0
49.0
-79.0
-32.0
198.0
-249.0
-225.0
362.0
-3403.0
-706.0
-4352.0
146.0
-148.0
-3044.0
253.0
-7.0
198.0
-266.0
-647.0
606.0
542.0
44.0
-11.0
-443.0
422.0
399.0
-357.0
281.0
-32.0
-65.0
243.0
-256.0
429.0
-981.0
-204.0
-40.0
469.0
324.0
724.0
245.0
-67.0
-138.0
483.0
536.0
630.0
205.0
-742.0
347.0
593.0
149.0
357.0
385.0
366.0
43.0
387.0
-358.0
536.0
657.0
209.0
-447.0
252.0
547.0
365.0
-781.0
153.0
327.0
310.0
73.0
-122.0
353.0
443.0
-168.0
-289.0
-354.0
563.0
481.0
-650.0
379.0
183.0
152.0
51.0
-332.0
348.0
-414.0
-667.0
256.0
447.0
563.0
631.0
-650.0
26.0
-388.0
612.0
399.0
416.0
-8.0
267.0
449.0
615.0
388.0
41.0
379.0
-1080.0
-87.0
366.0
71.0
177.0
-11.0
-146.0
-777.0
473.0
436.0
555.0
-963.0
386.0
-3948.0
367.0
-255.0
-882.0
159.0
183.0
-743.0
-1211.0
-715.0
467.0
268.0
-1484.0
49.0
-228.0
-409.0
59.0
-559.0
-437.0
-1444.0
-524.0
-318.0
288.0
289.0
656.0
-736.0
-34.0
225.0
-693.0
137.0
90.0
141.0
-178.0
415.0
-374.0
-612.0
-2026.0
202.0
73.0
-421.0
214.0
-342.0
-880.0
-225.0
602.0
-1476.0
-550.0
702.0
107.0
415.0
634.0
546.0
658.0
205.0
-270.0
512.0
-188.0
62.0
-449.0
-1692.0
-1298.0
77.0
-414.0
233.0
-560.0
-1098.0
173.0
-153.0
222.0
-911.0
-2522.0
-838.0
109.0
-518.0
530.0
12.0
-243.0
-710.0
-595.0
161.0
229.0
-26.0
-183.0
40.0
-361.0
-137.0
393.0
45.0
-667.0
-543.0
-275.0
-496.0
40.0
293.0
-185.0
-1075.0
226.0
166.0
509.0
361.0
-607.0
401.0
-57.0
140.0
-1135.0
610.0
700.0
-238.0
-300.0
29.0
505.0
543.0
-217.0
-129.0
-552.0
62.0
485.0
-826.0
313.0
-701.0
-86.0
-12.0
500.0
587.0
27.0
-406.0
449.0
357.0
495.0
584.0
613.0
-518.0
-199.0
174.0
28.0
-238.0
456.0
683.0
244.0
-204.0
54.0
-350.0
308.0
607.0
319.0
-292.0
486.0
662.0
565.0
197.0
-246.0
678.0
668.0
131.0
-347.0
630.0
466.0
-253.0
-635.0
23.0
579.0
279.0
-63.0
185.0
313.0
32.0
204.0
59.0
386.0
-940.0
-469.0
42.0
532.0
606.0
259.0
-665.0
380.0
93.0
663.0
485.0
668.0
-33.0
-610.0
734.0
683.0
467.0
-1462.0
222.0
-422.0
-297.0
447.0
-366.0
559.0
499.0
544.0
-1071.0
457.0
696.0
690.0
413.0
702.0
378.0
727.0
277.0
-609.0
692.0
620.0
408.0
-425.0
51.0
564.0
463.0
47.0
382.0
132.0
142.0
390.0
-67.0
545.0
-77.0
190.0
421.0
384.0
661.0
698.0
-238.0
323.0
591.0
599.0
558.0
374.0
314.0
375.0
706.0
730.0
441.0
441.0
670.0
394.0
-481.0
371.0
46.0
684.0
468.0
495.0
-870.0
660.0
635.0
463.0
354.0
665.0
611.0
609.0
454.0
-527.0
589.0
439.0
173.0
-91.0
-129.0
540.0
537.0
-10.0
42.0
298.0
171.0
607.0
79.0
237.0
-891.0
297.0
158.0
335.0
716.0
698.0
82.0
329.0
406.0
-298.0
658.0
694.0
263.0
291.0
676.0
147.0
-161.0
232.0
286.0
-151.0
189.0
-264.0
-701.0
446.0
560.0
337.0
-837.0
626.0
680.0
561.0
273.0
710.0
598.0
618.0
422.0
-240.0
728.0
616.0
160.0
110.0
7.0
615.0
628.0
-368.0
-126.0
366.0
77.0
32.0
-318.0
490.0
-896.0
-118.0
69.0
489.0
704.0
326.0
266.0
301.0
491.0
500.0
-42.0
712.0
480.0
200.0
702.0
670.0
322.0
364.0
703.0
511.0
-105.0
151.0
217.0
-33.0
453.0
636.0
-1071.0
516.0
668.0
262.0
174.0
666.0
669.0
653.0
193.0
165.0
700.0
603.0
186.0
-549.0
-415.0
575.0
512.0
-12.0
128.0
-1272.0
-170.0
579.0
25.0
419.0
-1891.0
-214.0
166.0
315.0
707.0
531.0
-106.0
443.0
115.0
589.0
527.0
732.0
-76.0
463.0
718.0
690.0
500.0
162.0
711.0
433.0
-152.0
527.0
-180.0
656.0
618.0
600.0
-302.0
424.0
369.0
695.0
403.0
706.0
685.0
673.0
-1402.0
-495.0
696.0
652.0
135.0
34.0
52.0
349.0
192.0
-150.0
190.0
-134.0
472.0
578.0
90.0
136.0
-1196.0
-150.0
313.0
552.0
394.0
608.0
158.0
444.0
382.0
607.0
652.0
718.0
392.0
302.0
683.0
305.0
398.0
-471.0
608.0
382.0
5.0
-156.0
-726.0
182.0
278.0
525.0
-328.0
580.0
674.0
626.0
400.0
726.0
619.0
606.0
-698.0
85.0
707.0
18.0
28.0
-309.0
69.0
680.0
526.0
181.0
298.0
366.0
329.0
592.0
1.0
426.0
-725.0
220.0
192.0
590.0
539.0
663.0
576.0
348.0
567.0
640.0
636.0
659.0
292.0
220.0
672.0
670.0
435.0
384.0
648.0
383.0
295.0
430.0
-333.0
594.0
688.0
133.0
-756.0
593.0
35.0
500.0
227.0
467.0
704.0
405.0
220.0
222.0
746.0
640.0
319.0
-385.0
102.0
408.0
452.0
-357.0
85.0
327.0
281.0
514.0
-258.0
312.0
-709.0
-945.0
435.0
577.0
645.0
464.0
452.0
362.0
299.0
648.0
660.0
605.0
337.0
216.0
725.0
680.0
113.0
482.0
571.0
483.0
358.0
461.0
163.0
524.0
571.0
593.0
-257.0
491.0
632.0
398.0
366.0
702.0
690.0
717.0
351.0
-90.0
463.0
311.0
224.0
43.0
-270.0
595.0
51.0
87.0
-88.0
252.0
-392.0
603.0
-170.0
571.0
-1048.0
214.0
262.0
643.0
683.0
639.0
472.0
458.0
546.0
538.0
608.0
654.0
509.0
208.0
738.0
705.0
310.0
222.0
591.0
411.0
-939.0
482.0
-111.0
618.0
660.0
504.0
-596.0
634.0
661.0
666.0
416.0
647.0
740.0
695.0
66.0
-260.0
733.0
629.0
304.0
-560.0
-842.0
568.0
547.0
-405.0
76.0
427.0
-547.0
499.0
-59.0
555.0
-68.0
-626.0
260.0
564.0
737.0
466.0
271.0
357.0
499.0
502.0
706.0
722.0
251.0
316.0
722.0
713.0
479.0
83.0
561.0
501.0
256.0
388.0
-510.0
643.0
641.0
622.0
-615.0
624.0
678.0
590.0
273.0
672.0
499.0
714.0
284.0
168.0
740.0
726.0
321.0
310.0
-119.0
607.0
522.0
-126.0
154.0
205.0
-16.0
445.0
-181.0
548.0
-253.0
-58.0
230.0
674.0
730.0
492.0
524.0
390.0
625.0
250.0
568.0
706.0
347.0
370.0
600.0
644.0
198.0
278.0
686.0
74.0
174.0
422.0
-421.0
611.0
698.0
-247.0
-745.0
596.0
692.0
516.0
400.0
668.0
694.0
721.0
303.0
-821.0
748.0
254.0
-386.0
-373.0
-590.0
614.0
-21.0
-711.0
-555.0
331.0
-446.0
322.0
67.0
502.0
-246.0
-77.0
79.0
441.0
686.0
333.0
-643.0
156.0
-151.0
368.0
674.0
284.0
-1244.0
-563.0
740.0
721.0
411.0
122.0
352.0
-535.0
112.0
427.0
-445.0
433.0
662.0
330.0
-245.0
596.0
356.0
662.0
348.0
712.0
620.0
631.0
-37.0
-205.0
736.0
459.0
277.0
-1334.0
-362.0
650.0
577.0
-309.0
267.0
76.0
-473.0
582.0
-279.0
514.0
-19.0
-638.0
429.0
578.0
702.0
659.0
367.0
268.0
409.0
663.0
590.0
734.0
262.0
236.0
683.0
574.0
301.0
203.0
634.0
458.0
101.0
429.0
-426.0
637.0
255.0
367.0
-799.0
258.0
579.0
416.0
300.0
169.0
409.0
541.0
302.0
-1334.0
501.0
730.0
139.0
85.0
105.0
666.0
455.0
-424.0
511.0
409.0
-21.0
417.0
24.0
554.0
-388.0
-331.0
375.0
582.0
527.0
519.0
-207.0
303.0
37.0
538.0
620.0
709.0
225.0
332.0
722.0
735.0
386.0
242.0
384.0
120.0
118.0
175.0
-297.0
556.0
702.0
480.0
-673.0
171.0
504.0
-7.0
30.0
431.0
730.0
624.0
161.0
155.0
630.0
264.0
-354.0
38.0
-138.0
636.0
580.0
41.0
360.0
131.0
187.0
447.0
221.0
440.0
-310.0
257.0
268.0
605.0
197.0
665.0
376.0
249.0
289.0
235.0
612.0
720.0
352.0
166.0
631.0
674.0
-151.0
263.0
691.0
505.0
-37.0
266.0
-825.0
484.0
597.0
538.0
-413.0
376.0
675.0
612.0
421.0
686.0
697.0
646.0
372.0
15.0
750.0
744.0
176.0
102.0
322.0
610.0
306.0
-188.0
422.0
389.0
173.0
545.0
5.0
430.0
-277.0
-393.0
245.0
580.0
697.0
697.0
-42.0
29.0
467.0
645.0
622.0
731.0
465.0
432.0
712.0
722.0
438.0
135.0
478.0
540.0
316.0
563.0
-284.0
593.0
690.0
134.0
-738.0
550.0
655.0
590.0
-71.0
680.0
688.0
699.0
212.0
-176.0
732.0
616.0
-436.0
-52.0
-590.0
557.0
554.0
68.0
-26.0
405.0
-1044.0
462.0
-291.0
350.0
262.0
-217.0
445.0
367.0
748.0
472.0
205.0
459.0
522.0
377.0
644.0
706.0
297.0
292.0
737.0
552.0
402.0
12.0
567.0
453.0
340.0
236.0
-550.0
544.0
464.0
664.0
-408.0
436.0
608.0
664.0
404.0
718.0
744.0
710.0
390.0
-182.0
731.0
740.0
-31.0
26.0
-143.0
664.0
492.0
-43.0
322.0
327.0
232.0
393.0
101.0
592.0
-479.0
-30.0
227.0
610.0
750.0
687.0
-6.0
358.0
566.0
268.0
565.0
724.0
110.0
-80.0
739.0
736.0
543.0
86.0
678.0
525.0
32.0
575.0
-282.0
405.0
601.0
529.0
-420.0
507.0
643.0
580.0
-54.0
671.0
363.0
648.0
486.0
-9.0
744.0
12.0
-636.0
-774.0
-200.0
673.0
-195.0
-1203.0
-71.0
231.0
-881.0
89.0
-399.0
-75.0
-585.0
-189.0
-178.0
297.0
208.0
460.0
220.0
386.0
306.0
550.0
589.0
750.0
8.0
58.0
710.0
714.0
468.0
412.0
410.0
373.0
-234.0
-30.0
-750.0
596.0
489.0
490.0
-437.0
541.0
492.0
541.0
155.0
670.0
691.0
517.0
236.0
120.0
698.0
657.0
118.0
194.0
-106.0
650.0
625.0
-346.0
-121.0
-70.0
153.0
274.0
-404.0
533.0
-491.0
-721.0
169.0
578.0
724.0
718.0
82.0
165.0
378.0
140.0
308.0
736.0
240.0
158.0
724.0
704.0
560.0
266.0
692.0
-215.0
96.0
542.0
-480.0
564.0
631.0
612.0
-816.0
636.0
677.0
590.0
285.0
693.0
720.0
674.0
434.0
142.0
687.0
713.0
72.0
-382.0
-462.0
616.0
-373.0
-270.0
10.0
-21.0
87.0
449.0
-25.0
496.0
-666.0
-239.0
260.0
576.0
736.0
704.0
358.0
156.0
217.0
573.0
-23.0
680.0
375.0
-294.0
714.0
726.0
439.0
407.0
480.0
-104.0
263.0
518.0
-542.0
646.0
686.0
293.0
-648.0
662.0
672.0
668.0
-43.0
656.0
618.0
708.0
217.0
199.0
656.0
550.0
442.0
-90.0
-335.0
640.0
495.0
-316.0
-199.0
164.0
-113.0
319.0
-72.0
475.0
-1348.0
-248.0
27.0
113.0
223.0
519.0
504.0
190.0
410.0
666.0
646.0
734.0
492.0
209.0
714.0
436.0
556.0
362.0
705.0
113.0
-201.0
307.0
40.0
488.0
489.0
666.0
-417.0
526.0
738.0
589.0
413.0
684.0
732.0
570.0
352.0
-296.0
692.0
734.0
127.0
113.0
154.0
675.0
517.0
340.0
279.0
261.0
125.0
536.0
169.0
482.0
-1101.0
-389.0
102.0
642.0
713.0
737.0
266.0
377.0
543.0
662.0
491.0
742.0
31.0
284.0
352.0
736.0
352.0
349.0
443.0
459.0
181.0
417.0
-258.0
642.0
656.0
537.0
-771.0
629.0
680.0
660.0
-36.0
694.0
733.0
726.0
312.0
-261.0
573.0
619.0
300.0
-139.0
-990.0
634.0
612.0
-452.0
62.0
382.0
-674.0
461.0
96.0
-44.0
-174.0
-476.0
10.0
582.0
740.0
386.0
465.0
139.0
562.0
689.0
443.0
717.0
193.0
184.0
319.0
630.0
187.0
429.0
697.0
59.0
309.0
316.0
35.0
602.0
610.0
374.0
-571.0
620.0
634.0
546.0
492.0
706.0
699.0
533.0
228.0
-21.0
730.0
732.0
90.0
-28.0
-610.0
636.0
452.0
-137.0
306.0
353.0
225.0
658.0
19.0
565.0
-391.0
-562.0
197.0
640.0
676.0
682.0
230.0
434.0
524.0
616.0
616.0
746.0
478.0
399.0
720.0
684.0
522.0
420.0
696.0
453.0
300.0
515.0
107.0
547.0
666.0
637.0
-310.0
684.0
698.0
642.0
477.0
650.0
728.0
719.0
381.0
-263.0
710.0
703.0
311.0
319.0
198.0
672.0
436.0
-431.0
72.0
166.0
103.0
658.0
-254.0
489.0
-341.0
-345.0
266.0
606.0
319.0
684.0
273.0
86.0
479.0
343.0
626.0
710.0
381.0
26.0
642.0
714.0
443.0
490.0
632.0
490.0
89.0
449.0
-74.0
615.0
693.0
565.0
-320.0
658.0
732.0
597.0
349.0
688.0
728.0
732.0
351.0
176.0
738.0
636.0
174.0
211.0
24.0
533.0
321.0
-584.0
126.0
370.0
-412.0
668.0
-248.0
577.0
8.0
-158.0
361.0
620.0
724.0
714.0
445.0
417.0
600.0
563.0
643.0
728.0
389.0
256.0
685.0
681.0
237.0
470.0
657.0
129.0
-2.0
356.0
-8.0
524.0
473.0
436.0
-228.0
472.0
714.0
609.0
65.0
533.0
724.0
609.0
254.0
-84.0
731.0
725.0
250.0
-19.0
-1006.0
658.0
559.0
332.0
14.0
241.0
-734.0
296.0
-172.0
252.0
-101.0
-150.0
392.0
388.0
54.0
633.0
247.0
326.0
491.0
348.0
648.0
575.0
83.0
-290.0
722.0
692.0
404.0
195.0
578.0
439.0
-54.0
319.0
-553.0
568.0
687.0
346.0
-313.0
160.0
686.0
613.0
479.0
702.0
742.0
606.0
115.0
-278.0
8.0
739.0
416.0
87.0
-563.0
654.0
575.0
-3.0
-57.0
192.0
440.0
563.0
-639.0
516.0
-300.0
-351.0
251.0
309.0
720.0
-225.0
358.0
420.0
-439.0
-646.0
660.0
730.0
353.0
-524.0
710.0
746.0
544.0
600.0
242.0
197.0
-690.0
462.0
-98.0
546.0
354.0
587.0
-253.0
313.0
437.0
510.0
369.0
263.0
744.0
610.0
423.0
-101.0
746.0
730.0
357.0
-922.0
-370.0
272.0
577.0
-728.0
211.0
117.0
219.0
650.0
-153.0
466.0
-446.0
246.0
-642.0
544.0
658.0
578.0
-105.0
297.0
220.0
338.0
574.0
700.0
341.0
-680.0
682.0
743.0
-46.0
356.0
711.0
358.0
224.0
608.0
-403.0
638.0
720.0
347.0
-181.0
621.0
728.0
573.0
482.0
678.0
693.0
702.0
336.0
449.0
722.0
579.0
294.0
390.0
-336.0
640.0
650.0
-254.0
244.0
-393.0
-482.0
465.0
-97.0
544.0
-315.0
169.0
457.0
622.0
694.0
678.0
384.0
385.0
45.0
474.0
574.0
748.0
340.0
-105.0
706.0
706.0
-62.0
22.0
-95.0
459.0
379.0
593.0
324.0
630.0
678.0
473.0
-661.0
491.0
688.0
620.0
350.0
636.0
593.0
649.0
528.0
482.0
732.0
662.0
5.0
109.0
96.0
652.0
600.0
-97.0
274.0
471.0
-211.0
40.0
-177.0
74.0
16.0
102.0
184.0
503.0
587.0
291.0
518.0
336.0
427.0
680.0
636.0
617.0
8.0
-517.0
739.0
726.0
527.0
356.0
476.0
-117.0
373.0
630.0
45.0
530.0
135.0
223.0
-645.0
467.0
536.0
97.0
-58.0
630.0
742.0
584.0
277.0
120.0
716.0
718.0
50.0
-110.0
-373.0
638.0
588.0
-414.0
325.0
206.0
-762.0
-50.0
-719.0
340.0
-672.0
-528.0
300.0
596.0
600.0
657.0
230.0
25.0
427.0
567.0
572.0
728.0
198.0
247.0
724.0
680.0
404.0
29.0
580.0
522.0
341.0
445.0
-1406.0
624.0
-3335.0
436.0
-1256.0
282.0
700.0
198.0
-76.0
694.0
712.0
77.0
273.0
-416.0
730.0
654.0
-69.0
-107.0
77.0
478.0
518.0
11.0
76.0
129.0
165.0
332.0
-132.0
279.0
-113.0
273.0
464.0
379.0
678.0
611.0
409.0
267.0
603.0
507.0
464.0
721.0
220.0
183.0
726.0
704.0
563.0
391.0
605.0
491.0
196.0
545.0
25.0
660.0
670.0
467.0
-698.0
656.0
688.0
670.0
464.0
684.0
722.0
642.0
92.0
125.0
708.0
548.0
428.0
32.0
88.0
534.0
320.0
134.0
281.0
67.0
154.0
570.0
-3.0
553.0
-717.0
-451.0
398.0
416.0
716.0
595.0
419.0
503.0
626.0
600.0
660.0
614.0
-356.0
118.0
688.0
712.0
117.0
479.0
679.0
383.0
258.0
400.0
-306.0
604.0
692.0
626.0
-454.0
619.0
674.0
634.0
-1353.0
706.0
714.0
682.0
302.0
99.0
732.0
421.0
351.0
202.0
-1.0
650.0
515.0
65.0
381.0
94.0
212.0
632.0
40.0
545.0
-957.0
-319.0
321.0
564.0
692.0
702.0
479.0
476.0
-23.0
-399.0
494.0
746.0
196.0
251.0
710.0
736.0
343.0
443.0
632.0
451.0
357.0
553.0
-118.0
580.0
623.0
655.0
-590.0
589.0
676.0
548.0
412.0
650.0
722.0
645.0
441.0
172.0
729.0
740.0
362.0
-103.0
153.0
656.0
261.0
270.0
167.0
461.0
-179.0
617.0
-73.0
422.0
-279.0
-137.0
253.0
287.0
543.0
633.0
473.0
63.0
-26.0
402.0
657.0
744.0
50.0
347.0
722.0
722.0
563.0
518.0
492.0
91.0
349.0
-248.0
193.0
584.0
704.0
128.0
-328.0
612.0
716.0
644.0
121.0
676.0
577.0
728.0
-493.0
267.0
742.0
704.0
446.0
-112.0
-208.0
660.0
613.0
-190.0
98.0
-197.0
54.0
376.0
-159.0
514.0
-54.0
196.0
507.0
470.0
534.0
558.0
466.0
-198.0
435.0
526.0
602.0
551.0
90.0
-18.0
645.0
734.0
238.0
380.0
526.0
421.0
-90.0
467.0
128.0
642.0
680.0
486.0
-638.0
553.0
708.0
220.0
255.0
682.0
618.0
623.0
301.0
327.0
742.0
708.0
46.0
-2.0
200.0
656.0
531.0
-219.0
422.0
242.0
191.0
617.0
-766.0
527.0
-333.0
-418.0
418.0
309.0
668.0
592.0
451.0
410.0
286.0
576.0
554.0
742.0
132.0
319.0
732.0
706.0
456.0
141.0
696.0
487.0
284.0
542.0
-78.0
590.0
670.0
468.0
-121.0
588.0
674.0
512.0
470.0
662.0
728.0
612.0
176.0
-119.0
698.0
611.0
-6.0
134.0
53.0
618.0
466.0
253.0
439.0
331.0
270.0
580.0
-18.0
526.0
-13.0
-213.0
476.0
603.0
705.0
669.0
533.0
470.0
423.0
659.0
598.0
710.0
320.0
-100.0
675.0
660.0
515.0
355.0
706.0
409.0
237.0
416.0
-71.0
564.0
642.0
404.0
-107.0
487.0
714.0
598.0
426.0
656.0
622.0
698.0
190.0
122.0
728.0
735.0
279.0
-117.0
158.0
650.0
498.0
-194.0
108.0
49.0
-380.0
556.0
30.0
439.0
-306.0
-116.0
408.0
460.0
716.0
710.0
526.0
392.0
471.0
657.0
582.0
649.0
317.0
423.0
638.0
730.0
409.0
468.0
336.0
554.0
306.0
496.0
77.0
641.0
676.0
187.0
-744.0
243.0
666.0
694.0
342.0
690.0
721.0
557.0
339.0
103.0
738.0
678.0
340.0
208.0
10.0
650.0
431.0
-660.0
-93.0
194.0
-132.0
188.0
-103.0
559.0
-336.0
-263.0
195.0
536.0
459.0
325.0
30.0
220.0
209.0
36.0
642.0
68.0
40.0
111.0
670.0
712.0
55.0
1.0
60.0
-147.0
-533.0
-298.0
-16.0
428.0
509.0
308.0
-853.0
346.0
703.0
564.0
182.0
692.0
-465.0
-3651.0
-1870.0
-1576.0
-2242.0
413.0
423.0
-1238.0
-296.0
656.0
610.0
-1423.0
126.0
-557.0
-702.0
103.0
-96.0
103.0
-504.0
-208.0
350.0
361.0
691.0
644.0
197.0
416.0
494.0
585.0
518.0
730.0
378.0
343.0
732.0
739.0
333.0
380.0
639.0
403.0
-152.0
255.0
-26.0
405.0
681.0
401.0
-411.0
620.0
706.0
658.0
512.0
720.0
740.0
711.0
325.0
355.0
748.0
660.0
55.0
-192.0
16.0
634.0
542.0
-51.0
469.0
296.0
-617.0
511.0
-136.0
566.0
-529.0
-189.0
332.0
532.0
687.0
662.0
539.0
273.0
511.0
523.0
634.0
707.0
369.0
248.0
678.0
699.0
248.0
315.0
382.0
480.0
-96.0
360.0
56.0
536.0
744.0
-924.0
-246.0
427.0
672.0
-67.0
449.0
-706.0
-202.0
-92.0
288.0
-430.0
728.0
529.0
36.0
-81.0
-337.0
644.0
458.0
-114.0
378.0
308.0
464.0
659.0
59.0
517.0
39.0
-355.0
385.0
578.0
619.0
710.0
570.0
409.0
660.0
530.0
-179.0
420.0
394.0
333.0
726.0
624.0
436.0
589.0
415.0
541.0
344.0
461.0
-1400.0
569.0
654.0
533.0
-416.0
263.0
511.0
558.0
296.0
688.0
624.0
576.0
461.0
-394.0
700.0
634.0
367.0
-374.0
-1.0
626.0
586.0
-340.0
374.0
350.0
371.0
585.0
16.0
395.0
-94.0
104.0
525.0
443.0
689.0
644.0
424.0
360.0
498.0
560.0
630.0
608.0
323.0
439.0
734.0
726.0
457.0
153.0
661.0
518.0
191.0
253.0
-39.0
638.0
622.0
338.0
-98.0
432.0
653.0
644.0
-50.0
695.0
656.0
662.0
188.0
-267.0
657.0
703.0
222.0
-226.0
101.0
660.0
327.0
-313.0
113.0
171.0
-329.0
641.0
-155.0
546.0
78.0
-835.0
318.0
502.0
656.0
690.0
561.0
477.0
580.0
662.0
612.0
591.0
429.0
207.0
688.0
644.0
270.0
583.0
327.0
335.0
84.0
124.0
175.0
580.0
694.0
612.0
150.0
671.0
633.0
510.0
476.0
654.0
652.0
740.0
275.0
-41.0
738.0
732.0
-279.0
186.0
35.0
664.0
373.0
19.0
45.0
226.0
-181.0
433.0
30.0
472.0
-664.0
-654.0
522.0
381.0
340.0
525.0
493.0
186.0
-113.0
560.0
595.0
672.0
-450.0
203.0
672.0
694.0
66.0
529.0
471.0
566.0
-26.0
632.0
214.0
448.0
662.0
514.0
-305.0
557.0
727.0
576.0
78.0
654.0
624.0
684.0
386.0
340.0
712.0
676.0
270.0
-63.0
31.0
676.0
594.0
273.0
108.0
391.0
-599.0
562.0
86.0
594.0
-206.0
168.0
534.0
586.0
724.0
706.0
512.0
321.0
621.0
540.0
592.0
734.0
306.0
421.0
642.0
674.0
425.0
507.0
695.0
346.0
284.0
382.0
93.0
632.0
716.0
481.0
-520.0
676.0
718.0
632.0
394.0
690.0
743.0
722.0
146.0
260.0
672.0
610.0
191.0
59.0
-24.0
660.0
595.0
-257.0
445.0
273.0
136.0
630.0
88.0
499.0
-16.0
-133.0
460.0
630.0
599.0
611.0
523.0
407.0
570.0
641.0
600.0
720.0
343.0
447.0
483.0
738.0
432.0
369.0
690.0
572.0
-86.0
509.0
203.0
640.0
678.0
584.0
-228.0
482.0
716.0
574.0
459.0
716.0
700.0
671.0
548.0
35.0
750.0
731.0
134.0
126.0
320.0
650.0
539.0
-308.0
350.0
361.0
139.0
537.0
202.0
544.0
2.0
-73.0
288.0
440.0
714.0
166.0
557.0
492.0
620.0
538.0
690.0
728.0
341.0
189.0
711.0
678.0
260.0
-262.0
674.0
346.0
266.0
472.0
-387.0
629.0
666.0
378.0
-429.0
620.0
-45.0
652.0
556.0
706.0
427.0
381.0
156.0
4.0
680.0
735.0
470.0
291.0
298.0
606.0
601.0
-241.0
327.0
148.0
315.0
615.0
236.0
552.0
-412.0
274.0
483.0
500.0
635.0
634.0
549.0
486.0
614.0
676.0
589.0
742.0
275.0
-59.0
711.0
701.0
423.0
193.0
537.0
157.0
136.0
575.0
304.0
620.0
679.0
614.0
-143.0
677.0
620.0
580.0
566.0
678.0
738.0
662.0
504.0
-132.0
735.0
651.0
447.0
317.0
210.0
646.0
525.0
-632.0
382.0
97.0
280.0
531.0
114.0
542.0
-98.0
-190.0
370.0
586.0
624.0
667.0
582.0
354.0
612.0
565.0
662.0
713.0
482.0
-59.0
657.0
684.0
429.0
556.0
540.0
456.0
289.0
481.0
189.0
648.0
704.0
650.0
-21.0
646.0
631.0
658.0
429.0
697.0
622.0
452.0
321.0
545.0
746.0
725.0
537.0
102.0
57.0
658.0
504.0
-79.0
402.0
292.0
-100.0
594.0
24.0
543.0
19.0
-186.0
439.0
558.0
728.0
573.0
381.0
483.0
436.0
672.0
644.0
694.0
357.0
314.0
730.0
664.0
544.0
576.0
542.0
358.0
-59.0
634.0
-79.0
632.0
649.0
586.0
-353.0
167.0
608.0
528.0
430.0
618.0
730.0
607.0
-48.0
287.0
716.0
397.0
290.0
-249.0
220.0
674.0
537.0
-517.0
-155.0
183.0
-351.0
580.0
75.0
537.0
63.0
-147.0
502.0
496.0
734.0
656.0
580.0
-43.0
440.0
606.0
560.0
746.0
307.0
7.0
696.0
724.0
579.0
554.0
371.0
511.0
348.0
633.0
87.0
654.0
692.0
648.0
-136.0
384.0
662.0
590.0
175.0
592.0
706.0
738.0
362.0
323.0
748.0
734.0
317.0
258.0
261.0
608.0
314.0
-203.0
309.0
466.0
63.0
664.0
-27.0
528.0
113.0
-871.0
353.0
588.0
674.0
664.0
530.0
492.0
580.0
482.0
645.0
716.0
307.0
295.0
623.0
720.0
366.0
287.0
700.0
359.0
222.0
511.0
164.0
622.0
671.0
628.0
-75.0
548.0
642.0
491.0
536.0
654.0
696.0
668.0
143.0
111.0
748.0
662.0
-78.0
-50.0
-143.0
658.0
471.0
-771.0
328.0
179.0
-26.0
546.0
209.0
533.0
-238.0
-187.0
464.0
529.0
694.0
522.0
528.0
504.0
532.0
529.0
635.0
651.0
402.0
371.0
728.0
671.0
487.0
329.0
564.0
482.0
344.0
548.0
27.0
668.0
655.0
404.0
-636.0
587.0
715.0
605.0
329.0
698.0
687.0
682.0
478.0
358.0
728.0
614.0
163.0
283.0
10.0
666.0
508.0
-124.0
99.0
146.0
237.0
598.0
154.0
418.0
-213.0
-399.0
410.0
517.0
712.0
450.0
490.0
477.0
288.0
609.0
660.0
672.0
432.0
284.0
732.0
734.0
536.0
389.0
678.0
308.0
334.0
304.0
76.0
593.0
652.0
518.0
10.0
602.0
654.0
660.0
423.0
704.0
742.0
656.0
292.0
336.0
628.0
543.0
435.0
-4.0
149.0
580.0
476.0
108.0
274.0
261.0
83.0
607.0
159.0
485.0
-118.0
-621.0
478.0
464.0
706.0
397.0
407.0
454.0
417.0
580.0
690.0
728.0
318.0
425.0
732.0
724.0
408.0
423.0
655.0
458.0
97.0
478.0
-38.0
636.0
544.0
478.0
-616.0
644.0
681.0
660.0
504.0
706.0
738.0
678.0
324.0
156.0
728.0
670.0
405.0
310.0
-21.0
604.0
583.0
-221.0
359.0
97.0
243.0
658.0
38.0
567.0
-417.0
-222.0
336.0
540.0
647.0
668.0
480.0
342.0
-28.0
495.0
622.0
692.0
322.0
310.0
730.0
726.0
452.0
433.0
648.0
496.0
308.0
308.0
72.0
399.0
706.0
582.0
-381.0
654.0
716.0
432.0
406.0
604.0
705.0
613.0
174.0
-129.0
734.0
547.0
514.0
154.0
-103.0
620.0
561.0
-302.0
154.0
468.0
-1665.0
484.0
15.0
512.0
-237.0
-484.0
238.0
506.0
684.0
648.0
245.0
352.0
565.0
603.0
608.0
706.0
98.0
439.0
740.0
738.0
563.0
93.0
677.0
504.0
