-32036.0
-39654.0
-34667.0
-26095.0
-26121.0
-22979.0
-21809.0
-22898.0
-22316.0
-19707.0
-29023.0
-20627.0
-23453.0
-20678.0
-21062.0
-26688.0
-23469.0
-17835.0
-29563.0
-23857.0
-25005.0
-20757.0
-21622.0
-26289.0
-27608.0
-21104.0
-29769.0
-25976.0
-31346.0
-36029.0
-22795.0
-32510.0
-27712.0
-23533.0
-18530.0
-17124.0
-19543.0
-26157.0
-21507.0
-25280.0
-22799.0
-18810.0
-22482.0
-19578.0
-15720.0
-21000.0
-25156.0
-18635.0
-14998.0
-18179.0
-27511.0
-29604.0
-35050.0
-20983.0
-22456.0
-19425.0
-25777.0
-20768.0
-20390.0
-22826.0
-19974.0
-17649.0
-20236.0
-25126.0
-27679.0
-24037.0
-16626.0
-18818.0
-18551.0
-24085.0
-30217.0
-16602.0
-24974.0
-27258.0
-22405.0
-21021.0
-24054.0
-23574.0
-28416.0
-26691.0
-29056.0
-29205.0
-24153.0
-21488.0
-27091.0
-15851.0
-22981.0
-20859.0
-19130.0
-19281.0
-20614.0
-16776.0
-25454.0
-26524.0
-20874.0
-13858.0
-18404.0
-24402.0
-19451.0
-20996.0
-21290.0
-25226.0
-24563.0
-19465.0
-31163.0
-25333.0
-23017.0
-18401.0
-20950.0
-19410.0
-27138.0
-20317.0
-17988.0
-17366.0
-21311.0
-30786.0
-13973.0
-27052.0
-29056.0
-17069.0
-22504.0
-24124.0
-23248.0
-23108.0
-21177.0
-16979.0
-21495.0
-20566.0
-24868.0
-21329.0
-18722.0
-24579.0
-30689.0
-15870.0
-14314.0
-15284.0
-21395.0
-17541.0
-13122.0
-23186.0
-14115.0
-19501.0
-25318.0
-29943.0
-18164.0
-15029.0
-24628.0
-22159.0
-14613.0
-15491.0
-29804.0
-21982.0
-28486.0
-27518.0
-15991.0
-16883.0
-18781.0
-22900.0
-20336.0
-16201.0
-22343.0
-20991.0
-20559.0
-18557.0
-29725.0
-32321.0
-16995.0
-13245.0
-21957.0
-30002.0
-26275.0
-23748.0
-17810.0
-30154.0
-25436.0
-21421.0
-23228.0
-14181.0
-35168.0
-27576.0
-22869.0
-16135.0
-28676.0
-20183.0
-17460.0
-16784.0
-25923.0
-26344.0
-17659.0
-16761.0
-14759.0
-14132.0
-23681.0
-22116.0
-21100.0
-14798.0
-19221.0
-20927.0
-18939.0
-26685.0
-20175.0
-20435.0
-24899.0
-21331.0
-15155.0
-29007.0
-20715.0
-14127.0
-21949.0
-19430.0
-17946.0
-16526.0
-23077.0
-18748.0
-18203.0
-19732.0
-15133.0
-16801.0
-21676.0
-23558.0
-29024.0
-16440.0
-14686.0
-14499.0
-16350.0
-19320.0
-17617.0
-11921.0
-18909.0
-17891.0
-17714.0
-22214.0
-18410.0
-13845.0
-23269.0
-13280.0
-22346.0
-22852.0
-18314.0
-18547.0
-14966.0
-11161.0
-17416.0
-20810.0
-9949.0
-15567.0
-13255.0
-19716.0
-13788.0
-22219.0
-21761.0
-17465.0
-19480.0
-12415.0
-24598.0
-16428.0
-23977.0
-17901.0
-16098.0
-19909.0
-20413.0
-16952.0
-17190.0
-12742.0
-14056.0
-18936.0
-12536.0
-14824.0
-14880.0
-13409.0
-20688.0
-13004.0
-13778.0
-13380.0
-14212.0
-13609.0
-12323.0
-17235.0
-24915.0
-19192.0
-13965.0
-17937.0
-30243.0
-18999.0
-17104.0
-12198.0
-15064.0
-10482.0
-13881.0
-14174.0
-15998.0
-9471.0
-12088.0
-20488.0
-19589.0
-12013.0
-16918.0
-15180.0
-7021.0
-15868.0
-11455.0
-18480.0
-27196.0
-15336.0
-18642.0
-7944.0
-12764.0
-14066.0
-19752.0
-12608.0
-11346.0
-11237.0
-11428.0
-13002.0
-17277.0
-24907.0
-13163.0
-12492.0
-20892.0
-16147.0
-15876.0
-13939.0
-20561.0
-15503.0
-8152.0
-16505.0
-12825.0
-17143.0
-15937.0
-11509.0
-16938.0
-19597.0
-19884.0
-15768.0
-9927.0
-10653.0
-14807.0
-11948.0
-9236.0
-7591.0
-8075.0
-9526.0
-12453.0
-17686.0
-8772.0
-11110.0
-13678.0
-13757.0
-9014.0
-15341.0
-10982.0
-17183.0
-21801.0
-17738.0
-17651.0
-13575.0
-14196.0
-10182.0
-14339.0
-10317.0
-15257.0
-10968.0
-15853.0
-8580.0
-11797.0
-19971.0
-12531.0
-11771.0
-15081.0
-15925.0
-17822.0
-6946.0
-16573.0
-13392.0
-9157.0
-14869.0
-9725.0
-8750.0
-17514.0
-8027.0
-14377.0
-20036.0
-20854.0
-7177.0
-6701.0
-7243.0
-12611.0
-15283.0
-7102.0
-13663.0
-10116.0
-9087.0
-14191.0
-20518.0
-10225.0
-14905.0
-17422.0
-15036.0
-10225.0
-15269.0
-12393.0
-16863.0
-21778.0
-9202.0
-10806.0
-12226.0
-13370.0
-12705.0
-9652.0
-8644.0
-8804.0
-12466.0
-7667.0
-10541.0
-18315.0
-26005.0
-7481.0
-6573.0
-11581.0
-12227.0
-9179.0
-12205.0
-13426.0
-10606.0
-7246.0
-9276.0
-8583.0
-14110.0
-17004.0
-11099.0
-12405.0
-19214.0
-21673.0
-7570.0
-8196.0
-7263.0
-9863.0
-14408.0
-8565.0
-8679.0
-14170.0
-8080.0
-9671.0
-18682.0
-11274.0
-14312.0
-10711.0
-13854.0
-9043.0
-13472.0
-13171.0
-12474.0
-12246.0
-9303.0
-6795.0
-10090.0
-10690.0
-11292.0
-9784.0
-5455.0
-10928.0
-5365.0
-8101.0
-11292.0
-9018.0
-18936.0
-6986.0
-7115.0
-18554.0
-8009.0
-9186.0
-6504.0
-15997.0
-8729.0
-6493.0
-11392.0
-9258.0
-6157.0
-11182.0
-10214.0
-15615.0
-19153.0
-9493.0
-9027.0
-6903.0
-9503.0
-12414.0
-8035.0
-7476.0
-7569.0
-6690.0
-7868.0
-12781.0
-14467.0
-6052.0
-10644.0
-14882.0
-14219.0
-9534.0
-10106.0
-9543.0
-6865.0
-19194.0
-6961.0
-7520.0
-6659.0
-12777.0
-12438.0
-7794.0
-6636.0
-13960.0
-8055.0
-9679.0
-10748.0
-8086.0
-17509.0
-5549.0
-9300.0
-17744.0
-14998.0
-14966.0
-6877.0
-8392.0
-9361.0
-6278.0
-12268.0
-7732.0
-6182.0
-11514.0
-8669.0
-10939.0
-14498.0
-14890.0
-8239.0
-6251.0
-5861.0
-8701.0
-5360.0
-5297.0
-5727.0
-6973.0
-9420.0
-11785.0
-12360.0
-7277.0
-6508.0
-6944.0
-9573.0
-6999.0
-15666.0
-11729.0
-5839.0
-11508.0
-5231.0
-7046.0
-7719.0
-8191.0
-6273.0
-4703.0
-6381.0
-5743.0
-8592.0
-4447.0
-6102.0
-7591.0
-11765.0
-6606.0
-7211.0
-8116.0
-9762.0
-13159.0
-6747.0
-10029.0
-7984.0
-6966.0
-6578.0
-8249.0
-7392.0
-8517.0
-5252.0
-9102.0
-19260.0
-10269.0
-5603.0
-8808.0
-6130.0
-8010.0
-8689.0
-4923.0
-6637.0
-5003.0
-4644.0
-9036.0
-13151.0
-6404.0
-9081.0
-7652.0
-8683.0
-3980.0
-8606.0
-12885.0
-7689.0
-11727.0
-4761.0
-5237.0
-4267.0
-7100.0
-8922.0
-6472.0
-6160.0
-10893.0
-4522.0
-4718.0
-5397.0
-7400.0
-10658.0
-5489.0
-5235.0
-7088.0
-7239.0
-6614.0
-6223.0
-7139.0
-6924.0
-6320.0
-13338.0
-7611.0
-6269.0
-7714.0
-6898.0
-12385.0
-11849.0
-8902.0
-4677.0
-3804.0
-6222.0
-5986.0
-5919.0
-4090.0
-4823.0
-4730.0
-4369.0
-7414.0
-12549.0
-4287.0
-3671.0
-6030.0
-5985.0
-5168.0
-5370.0
-7332.0
-4217.0
-10483.0
-5722.0
-6150.0
-5251.0
-10083.0
-6923.0
-4028.0
-6454.0
-7117.0
-4925.0
-5132.0
-3951.0
-5783.0
-5116.0
-5470.0
-6235.0
-7564.0
-5938.0
-7468.0
-4950.0
-8710.0
-7432.0
-4773.0
-7871.0
-5138.0
-4962.0
-6257.0
-4660.0
-7978.0
-8034.0
-7635.0
-4095.0
-3783.0
-4235.0
-5648.0
-6139.0
-5496.0
-6440.0
-3607.0
-4223.0
-5839.0
-6427.0
-3888.0
-5615.0
-6948.0
-4465.0
-4942.0
-6609.0
-8742.0
-6004.0
-9234.0
-5349.0
-3732.0
-5815.0
-7326.0
-5068.0
-4398.0
-4456.0
-5178.0
-4179.0
-4040.0
-4301.0
-5575.0
-9889.0
-6421.0
-3962.0
-6940.0
-6231.0
-6120.0
-4787.0
-5652.0
-6862.0
-3846.0
-5720.0
-4691.0
-5424.0
-5397.0
-4881.0
-6869.0
-6118.0
-10377.0
-4249.0
-4199.0
-4131.0
-4947.0
-5314.0
-4716.0
-5607.0
-5365.0
-3918.0
-4836.0
-4466.0
-4407.0
-3813.0
-6304.0
-8345.0
-3804.0
-5308.0
-4851.0
-4908.0
-10614.0
-5165.0
-3957.0
-3665.0
-7062.0
-4584.0
-4754.0
-5687.0
-6403.0
-4365.0
-3980.0
-3693.0
-5201.0
-7404.0
-4079.0
-5313.0
-7445.0
-5933.0
-4708.0
-3712.0
-6009.0
-6495.0
-5107.0
-6978.0
-5379.0
-5423.0
-5056.0
-5441.0
-10435.0
-7318.0
-4468.0
-3980.0
-3907.0
-3929.0
-4366.0
-6122.0
-4259.0
-4053.0
-3449.0
-5181.0
-5192.0
-6813.0
-4677.0
-3952.0
-5748.0
-6155.0
-3968.0
-7783.0
-5136.0
-4367.0
-6761.0
-3665.0
-4194.0
-3826.0
-5643.0
-6878.0
-4394.0
-3812.0
-5053.0
-3883.0
-5729.0
-4218.0
-5439.0
-7150.0
-2925.0
-3378.0
-9524.0
-6263.0
-6291.0
-3950.0
-4415.0
-4414.0
-3856.0
-5527.0
-5508.0
-3577.0
-5299.0
-4922.0
-7863.0
-5323.0
-11645.0
-7896.0
-5544.0
-3756.0
-6879.0
-4131.0
-3354.0
-6366.0
-4174.0
-6422.0
-4384.0
-5257.0
-3585.0
-3327.0
-5451.0
-5047.0
-4970.0
-4675.0
-6617.0
-6571.0
-13298.0
-5905.0
-3510.0
-3579.0
-5212.0
-7153.0
-3838.0
-5109.0
-6841.0
-3899.0
-4855.0
-5403.0
-8254.0
-5107.0
-3865.0
-3331.0
-5400.0
-4242.0
-5424.0
-3952.0
-4994.0
-5066.0
-4229.0
-5295.0
-4876.0
-4858.0
-8404.0
-3725.0
-5443.0
-5266.0
-3622.0
-3767.0
-3508.0
-4180.0
-4104.0
-4025.0
-3490.0
-4045.0
-3762.0
-3261.0
-4477.0
-4281.0
-3365.0
-3634.0
-4728.0
-4786.0
-3357.0
-4501.0
-4524.0
-3639.0
-6711.0
-3940.0
-3519.0
-4063.0
-5340.0
-4908.0
-4055.0
-4295.0
-4935.0
-4171.0
-3675.0
-3920.0
-3577.0
-5116.0
-3802.0
-3499.0
-4787.0
-5183.0
-5430.0
-3378.0
-4252.0
-4973.0
-4032.0
-4748.0
-4074.0
-3678.0
-5574.0
-4190.0
-7586.0
-4470.0
-4865.0
-3309.0
-4062.0
-4145.0
-4100.0
-4503.0
-3915.0
-3802.0
-3474.0
-3525.0
-4865.0
-6803.0
-3054.0
-3754.0
-5725.0
-4883.0
-3113.0
-4025.0
-6154.0
-6026.0
-6013.0
-3690.0
-3570.0
-3121.0
-6924.0
-4160.0
-3554.0
-4585.0
-5106.0
-3351.0
-3702.0
-3323.0
-4043.0
-4808.0
-3060.0
-3727.0
-3708.0
-4522.0
-7273.0
-3875.0
-4189.0
-3564.0
-3256.0
-4777.0
-5168.0
-5790.0
-5064.0
-3376.0
-7304.0
-6836.0
-5102.0
-3704.0
-3658.0
-3028.0
-5243.0
-3877.0
-3260.0
-4151.0
-3180.0
-3307.0
-3631.0
-4293.0
-3685.0
-3262.0
-4529.0
-5262.0
-3824.0
-4237.0
-6022.0
-3707.0
-4500.0
-3994.0
-3686.0
-4019.0
-3834.0
-3428.0
-4528.0
-3864.0
-5241.0
-3205.0
-3035.0
-3494.0
-3947.0
-5171.0
-3249.0
-3644.0
-5247.0
-4334.0
-4178.0
-4786.0
-3744.0
-3933.0
-4240.0
-5058.0
-3645.0
-3517.0
-4901.0
-4032.0
-5632.0
-6918.0
-4973.0
-3402.0
-3337.0
-2980.0
-4540.0
-3422.0
-4075.0
-4114.0
-3181.0
-2994.0
-5090.0
-3808.0
-4773.0
-3879.0
-4084.0
-4713.0
-3690.0
-4310.0
-6353.0
-4780.0
-7582.0
-5705.0
-3141.0
-3852.0
-5941.0
-3549.0
-3368.0
-4523.0
-4150.0
-3116.0
-3151.0
-3849.0
-3660.0
-6303.0
-3316.0
-3189.0
-4166.0
-4317.0
-3719.0
-3189.0
-3731.0
-3773.0
-3626.0
-4514.0
-5182.0
-3435.0
-3671.0
-3298.0
-6248.0
-3705.0
-3252.0
-5251.0
-3657.0
-3329.0
-4215.0
-3923.0
-2992.0
-3351.0
-3490.0
-2980.0
-3822.0
-3619.0
-4355.0
-3962.0
-3511.0
-3714.0
-2946.0
-3757.0
-4715.0
-3671.0
-7025.0
-3164.0
-3134.0
-3552.0
-3756.0
-2979.0
-3109.0
-3856.0
-4013.0
-4001.0
-3271.0
-3110.0
-3457.0
-5694.0
-2915.0
-3173.0
-4030.0
-5083.0
-3859.0
-3114.0
-3103.0
-4072.0
-3689.0
-3899.0
-5275.0
-3864.0
-4944.0
-3465.0
-6218.0
-4078.0
-4924.0
-3344.0
-2928.0
-2905.0
-3460.0
-3350.0
-3424.0
-3347.0
-4290.0
-2935.0
-3592.0
-4405.0
-3655.0
-3271.0
-3262.0
-4185.0
-2578.0
-4115.0
-5614.0
-4125.0
-7322.0
-4127.0
-3565.0
-3147.0
-3614.0
-3081.0
-3084.0
-3268.0
-3529.0
-3487.0
-3561.0
-3256.0
-3879.0
-4168.0
-2829.0
-2887.0
-3185.0
-3719.0
-5811.0
-3274.0
-2911.0
-3793.0
-3420.0
-5765.0
-3969.0
-3176.0
-4777.0
-3230.0
-5418.0
-4016.0
-3682.0
-3248.0
-3335.0
-3053.0
-3784.0
-3599.0
-2902.0
-3029.0
-3761.0
-2937.0
-4540.0
-4114.0
-3146.0
-3489.0
-3823.0
-3199.0
-2785.0
-3509.0
-4413.0
-3209.0
-4594.0
-3582.0
-3795.0
-3267.0
-4325.0
-3438.0
-2863.0
-3307.0
-3151.0
-2976.0
-2822.0
-2926.0
-2912.0
-4227.0
-2889.0
-2952.0
-3256.0
-3898.0
-4031.0
-2855.0
-2787.0
-3739.0
-3292.0
-4498.0
-3608.0
-3082.0
-4023.0
-3446.0
-6079.0
-3471.0
-3970.0
-3146.0
-2850.0
-2816.0
-4237.0
-3945.0
-2870.0
-2715.0
-2768.0
-2937.0
-3472.0
-4015.0
-2928.0
-2722.0
-3683.0
-3315.0
-3324.0
-3208.0
-4244.0
-3325.0
-4438.0
-3651.0
-3937.0
-2811.0
-3986.0
-3338.0
-3122.0
-2975.0
-3527.0
-3267.0
-2833.0
-2665.0
-4218.0
-3319.0
-2813.0
-3248.0
-3156.0
-3698.0
-3379.0
-3495.0
-3046.0
-3169.0
-3573.0
-4545.0
-3373.0
-2988.0
-3936.0
-3374.0
-4698.0
-3427.0
-4154.0
-2897.0
-4110.0
-3046.0
-5010.0
-3082.0
-3635.0
-3297.0
-3553.0
-3147.0
-3287.0
-4696.0
-3265.0
-3159.0
-3081.0
-3188.0
-3251.0
-4655.0
-3455.0
-3173.0
-3873.0
-4065.0
-3141.0
-3680.0
-3668.0
-3201.0
-3621.0
-3063.0
-4624.0
-3228.0
-2723.0
-4350.0
-3924.0
-3859.0
-2667.0
-3811.0
-4751.0
-3685.0
-3541.0
-2811.0
-3256.0
-3641.0
-2973.0
-4347.0
-3099.0
-5270.0
-4458.0
-3847.0
-6341.0
-4484.0
-3753.0
-3076.0
-2824.0
-2926.0
-3516.0
-3564.0
-2883.0
-3115.0
-3435.0
-2752.0
-3206.0
-3891.0
-2951.0
-2921.0
-3462.0
-3223.0
-2322.0
-3991.0
-4299.0
-4123.0
-3827.0
-2922.0
-2905.0
-2909.0
-3969.0
-3932.0
-3210.0
-3234.0
-3980.0
-2831.0
-3380.0
-3019.0
-3178.0
-3936.0
-2869.0
-2957.0
-3619.0
-3913.0
-3582.0
-2947.0
-3028.0
-3250.0
-3147.0
-4642.0
-3637.0
-3060.0
-4267.0
-3617.0
-4859.0
-4062.0
-3640.0
-3036.0
-2087.0
-3422.0
-3499.0
-3417.0
-2937.0
-3442.0
-3119.0
-2894.0
-3819.0
-3847.0
-2968.0
-3309.0
-4133.0
-3225.0
-2521.0
-3575.0
-4661.0
-3763.0
-3989.0
-3487.0
-2917.0
-3008.0
-4113.0
-3146.0
-3140.0
-4533.0
-4165.0
-3139.0
-2953.0
-3334.0
-3233.0
-3711.0
-3067.0
-2277.0
-3849.0
-5545.0
-3700.0
-2758.0
-3027.0
-3144.0
-2972.0
-3673.0
-3143.0
-2902.0
-3515.0
-3157.0
-4089.0
-4142.0
-3456.0
-3491.0
-2811.0
-3175.0
-3039.0
-3711.0
-2929.0
-2748.0
-4645.0
-3131.0
-3089.0
-3305.0
-3363.0
-3526.0
-3050.0
-3082.0
-3397.0
-3151.0
-4965.0
-3762.0
-4606.0
-3258.0
-1845.0
-3601.0
-4708.0
-3131.0
-2661.0
-2794.0
-3473.0
-3254.0
-2654.0
-3750.0
-4287.0
-3893.0
-4423.0
-2724.0
-3211.0
-3885.0
-3414.0
-3050.0
-3067.0
-3218.0
-3216.0
-4998.0
-3073.0
-3095.0
-3822.0
-3045.0
-5696.0
-3680.0
-4045.0
-2900.0
-3275.0
-2838.0
-3105.0
-3022.0
-2782.0
-3351.0
-3053.0
-2839.0
-3289.0
-3491.0
-3043.0
-2728.0
-3427.0
-3636.0
-3006.0
-3533.0
-3529.0
-2784.0
-4100.0
-3224.0
-2962.0
-3876.0
-4591.0
-3181.0
-2636.0
-3398.0
-3155.0
-2792.0
-4560.0
-4023.0
-3322.0
-3766.0
-3250.0
-2836.0
-3191.0
-4667.0
-3689.0
-3101.0
-3716.0
-4440.0
-2966.0
-3649.0
-3296.0
-2942.0
-4885.0
-3710.0
-4853.0
-3600.0
-4203.0
-3285.0
-4347.0
-2855.0
-3571.0
-3100.0
-2860.0
-3039.0
-2934.0
-3477.0
-3419.0
-4307.0
-3568.0
-3908.0
-3327.0
-4323.0
-2836.0
-3370.0
-5030.0
-2867.0
-4235.0
-3061.0
-2924.0
-3134.0
-4257.0
-3345.0
-3963.0
-3608.0
-4564.0
-3211.0
-4217.0
-3182.0
-3478.0
-3436.0
-4017.0
-2835.0
-3163.0
-3520.0
-4525.0
-3243.0
-4301.0
-3194.0
-3716.0
-3369.0
-3061.0
-4326.0
-4113.0
-3488.0
-4586.0
-3746.0
-3140.0
-3165.0
-2487.0
-2173.0
-3418.0
-3200.0
-3266.0
-3393.0
-3332.0
-2869.0
-3038.0
-4777.0
-2793.0
-2847.0
-3381.0
-3485.0
-3497.0
-3582.0
-5292.0
-3102.0
-3724.0
-2982.0
-3306.0
-3494.0
-3727.0
-4194.0
-2898.0
-2970.0
-3546.0
-2817.0
-2955.0
-3027.0
-4000.0
-4060.0
-2573.0
-1677.0
-3536.0
-3920.0
-3476.0
-3215.0
-3025.0
-3535.0
-3057.0
-4441.0
-3289.0
-3532.0
-5344.0
-3345.0
-5267.0
-4297.0
-3111.0
-2960.0
-3018.0
-2248.0
-3925.0
-3207.0
-2856.0
-3059.0
-2772.0
-2686.0
-3317.0
-3658.0
-2707.0
-2976.0
-2980.0
-3433.0
-2841.0
-3180.0
-4660.0
-3356.0
-4301.0
-2703.0
-3097.0
-2925.0
-5015.0
-2792.0
-2741.0
-3334.0
-3468.0
-2907.0
-2926.0
-3089.0
-3049.0
-3880.0
-2579.0
-2791.0
-3531.0
-3938.0
-3556.0
-2813.0
-3626.0
-2867.0
-2769.0
-3572.0
-2878.0
-3421.0
-4195.0
-3387.0
-5802.0
-4945.0
-3425.0
-3840.0
-2667.0
-2781.0
-3372.0
-3960.0
-3813.0
-3089.0
-3614.0
-2734.0
-3625.0
-3534.0
-3052.0
-3591.0
-3219.0
-3468.0
-3244.0
-3499.0
-5149.0
-3468.0
-3389.0
-3022.0
-2714.0
-2943.0
-3924.0
-3038.0
-4066.0
-3243.0
-4982.0
-3279.0
-2759.0
-2822.0
-3846.0
-4368.0
-2610.0
-3052.0
-3181.0
-5177.0
-3914.0
-2942.0
-3268.0
-3516.0
-3246.0
-4265.0
-3198.0
-2941.0
-4063.0
-3302.0
-5083.0
-3118.0
-3255.0
-2944.0
-3977.0
-3173.0
-3603.0
-2936.0
-2803.0
-2931.0
-3007.0
-2874.0
-3171.0
-3041.0
-2489.0
-4012.0
-3326.0
-3596.0
-2735.0
-2949.0
-3754.0
-2856.0
-3447.0
-2776.0
-2691.0
-2930.0
-4393.0
-2867.0
-2658.0
-2902.0
-3863.0
-2382.0
-2727.0
-3093.0
-2967.0
-4449.0
-2633.0
-3095.0
-3008.0
-3981.0
-3215.0
-2504.0
-2772.0
-2882.0
-2940.0
-3328.0
-2977.0
-2909.0
-3757.0
-2935.0
-4271.0
-3089.0
-3274.0
-3013.0
-2556.0
-2781.0
-3125.0
-3472.0
-5936.0
-2791.0
-2715.0
-2644.0
-3281.0
-3041.0
-2790.0
-3872.0
-2795.0
-2959.0
-3311.0
-2845.0
-5392.0
-2899.0
-5150.0
-3145.0
-2745.0
-2759.0
-3382.0
-4395.0
-2950.0
-2728.0
-4638.0
-2620.0
-3007.0
-2699.0
-2982.0
-3535.0
-2800.0
-2642.0
-3060.0
-3668.0
-3237.0
-3589.0
-3170.0
-2829.0
-3111.0
-3769.0
-2805.0
-2737.0
-3940.0
-3401.0
-4211.0
-3124.0
-2873.0
-3001.0
-1907.0
-2806.0
-3255.0
-3297.0
-3011.0
-2682.0
-2603.0
-2509.0
-3229.0
-3098.0
-3271.0
-2849.0
-4125.0
-3335.0
-3046.0
-3630.0
-4973.0
-2814.0
-3510.0
-4192.0
-3301.0
-2929.0
-4771.0
-2818.0
-2995.0
-4233.0
-3683.0
-2649.0
-3042.0
-2600.0
-4253.0
-3574.0
-2523.0
-2795.0
-3096.0
-3240.0
-3169.0
-2714.0
-2791.0
-2919.0
-2784.0
-3963.0
-3029.0
-2759.0
-3448.0
-2855.0
-4481.0
-3150.0
-2910.0
-3315.0
-2616.0
-2542.0
-3754.0
-2853.0
-2816.0
-2739.0
-2752.0
-1273.0
-3841.0
-2908.0
-2536.0
-3481.0
-2909.0
-4531.0
-3369.0
-2899.0
-5327.0
-3140.0
-4460.0
-3627.0
-2641.0
-2762.0
-3940.0
-2816.0
-3648.0
-2791.0
-4485.0
-2894.0
-2779.0
-2593.0
-3321.0
-3273.0
-2656.0
-2648.0
-3171.0
-3160.0
-3215.0
-2863.0
-2810.0
-2728.0
-3032.0
-3627.0
-2896.0
-2900.0
-3498.0
-3025.0
-4579.0
-2918.0
-2911.0
-2874.0
-2556.0
-2791.0
-3888.0
-2901.0
-3187.0
-3051.0
-2792.0
-2692.0
-2876.0
-2850.0
-2632.0
-2765.0
-3122.0
-2846.0
-2644.0
-3169.0
-3664.0
-2895.0
-3590.0
-2728.0
-2642.0
-2671.0
-4415.0
-2849.0
-2731.0
-2979.0
-3204.0
-3062.0
-2796.0
-2890.0
-3444.0
-4623.0
-2748.0
-4341.0
-3187.0
-4580.0
-4321.0
-2954.0
-2796.0
-3377.0
-2867.0
-3853.0
-2975.0
-2907.0
-4224.0
-3470.0
-4703.0
-4015.0
-3011.0
-2996.0
-1594.0
-2947.0
-3199.0
-3074.0
-2797.0
-2808.0
-3306.0
-2244.0
-2983.0
-4438.0
-2831.0
-3154.0
-3078.0
-3287.0
-2617.0
-3544.0
-3538.0
-2864.0
-3709.0
-3184.0
-2635.0
-2599.0
-4039.0
-2670.0
-2560.0
-2621.0
-3057.0
-2615.0
-2534.0
-2726.0
-2961.0
-5404.0
-2769.0
-3014.0
-4272.0
-4694.0
-3280.0
-2778.0
-2833.0
-3086.0
-2877.0
-3573.0
-3153.0
-3147.0
-3139.0
-3218.0
-4208.0
-4445.0
-3662.0
-2853.0
-2775.0
-2195.0
-2901.0
-3407.0
-4486.0
-3424.0
-3053.0
-2427.0
-3768.0
-3623.0
-3393.0
-2269.0
-3535.0
-2216.0
-3356.0
-4150.0
-4025.0
-3453.0
-3578.0
-3591.0
-2918.0
-3485.0
-4354.0
-2943.0
-2703.0
-2894.0
-3299.0
-2685.0
-2651.0
-2578.0
-2969.0
-3141.0
-2591.0
-2552.0
-2833.0
-3472.0
-3181.0
-2671.0
-3685.0
-3712.0
-2726.0
-3690.0
-3059.0
-2680.0
-3944.0
-3035.0
-4062.0
-3142.0
-3484.0
-2676.0
-2971.0
-2551.0
-3966.0
-2897.0
-2647.0
-2608.0
-2692.0
-2704.0
-3172.0
-3105.0
-2692.0
-2610.0
-3220.0
-3035.0
-2805.0
-3046.0
-4292.0
-2689.0
-3967.0
-2675.0
-3383.0
-2686.0
-3928.0
-2740.0
-2633.0
-2668.0
-3103.0
-2644.0
-2495.0
-2614.0
-2994.0
-3630.0
-2330.0
-2573.0
-3413.0
-3246.0
-3147.0
-2767.0
-2682.0
-4107.0
-2888.0
-3732.0
-3083.0
-2764.0
-3602.0
-3261.0
-4523.0
-2999.0
-2940.0
-2779.0
-2751.0
-2610.0
-2879.0
-2904.0
-2747.0
-2659.0
-2695.0
-2474.0
-3219.0
-3239.0
-2621.0
-2606.0
-2691.0
-3461.0
-1621.0
-2714.0
-3849.0
-2762.0
-4493.0
-4208.0
-2648.0
-3152.0
-3438.0
-2815.0
-2072.0
-3166.0
-3639.0
-3851.0
-2124.0
-2727.0
-3496.0
-3187.0
-2889.0
-1283.0
-3209.0
-3517.0
-3266.0
-2801.0
-2775.0
-2673.0
-3063.0
-3788.0
-2808.0
-2637.0
-3439.0
-3129.0
-4536.0
-3799.0
-3184.0
-2813.0
-3608.0
-2742.0
-3973.0
-2960.0
-2946.0
-3216.0
-2755.0
-2666.0
-3272.0
-3339.0
-2679.0
-3155.0
-3256.0
-3134.0
-2664.0
-2921.0
-6715.0
-4035.0
-3813.0
-3172.0
-2801.0
-2571.0
-3533.0
-2719.0
-3195.0
-2964.0
-3223.0
-2688.0
-2681.0
-3288.0
-3238.0
-3357.0
-2614.0
-2825.0
-2708.0
-3322.0
-3093.0
-2702.0
-3090.0
-3016.0
-3048.0
-3800.0
-3591.0
-3354.0
-3750.0
-4208.0
-4035.0
-3183.0
-3466.0
-2980.0
-2046.0
-2777.0
-2872.0
-3153.0
-3701.0
-2780.0
-2661.0
-2629.0
-3325.0
-3234.0
-2864.0
-2711.0
-2966.0
-2707.0
-2714.0
-3070.0
-3194.0
-2836.0
-3427.0
-2954.0
-3431.0
-2767.0
-4654.0
-2896.0
-2814.0
-3046.0
-3496.0
-2763.0
-2621.0
-2690.0
-3132.0
-3627.0
-2747.0
-2665.0
-3156.0
-3120.0
-4167.0
-2686.0
-3457.0
-3225.0
-3126.0
-3199.0
-3087.0
-2859.0
-3555.0
-2864.0
-3942.0
-3023.0
-3329.0
-2991.0
-1746.0
-1872.0
-3296.0
-3070.0
-2857.0
-2721.0
-2673.0
-2657.0
-3063.0
-3021.0
-1502.0
-3752.0
-2875.0
-3455.0
-2685.0
-2934.0
-3247.0
-3318.0
-3750.0
-2880.0
-2650.0
-2680.0
-3758.0
-3371.0
-3118.0
-2661.0
-3217.0
-2893.0
-2726.0
-2826.0
-2831.0
-3371.0
-2928.0
-2715.0
-3319.0
-3285.0
-3044.0
-2624.0
-2802.0
-3068.0
-2931.0
-2906.0
-3050.0
-2755.0
-3811.0
-3404.0
-4540.0
-3299.0
-3172.0
-2697.0
-3802.0
-3413.0
-3386.0
-3099.0
-2993.0
-3060.0
-2920.0
-2651.0
-2910.0
-3130.0
-2704.0
-2646.0
-2882.0
-3469.0
-2574.0
-3116.0
-4166.0
-3397.0
-3234.0
-3197.0
-2470.0
-2558.0
-3875.0
-2802.0
-2606.0
-2928.0
-3280.0
-3904.0
-2591.0
-2734.0
-2984.0
-3404.0
-2838.0
-2583.0
-2744.0
-3403.0
-3127.0
-2645.0
-2722.0
-3007.0
-2777.0
-3329.0
-2861.0
-2725.0
-3514.0
-2890.0
-6267.0
-3428.0
-2878.0
-3445.0
-2614.0
-2563.0
-2923.0
-3459.0
-2816.0
-2839.0
-2760.0
-2484.0
-3298.0
-3532.0
-2561.0
-2643.0
-3107.0
-2858.0
-2550.0
-3012.0
-3356.0
-2902.0
-3900.0
-2913.0
-2784.0
-2598.0
-3795.0
-2761.0
-2570.0
-2739.0
-3510.0
-2968.0
-2521.0
-2611.0
-3175.0
-3328.0
-2719.0
-1931.0
-3116.0
-3301.0
-3199.0
-2747.0
-2664.0
-2742.0
-2879.0
-4168.0
-3018.0
-3272.0
-4258.0
-3162.0
-4477.0
-3234.0
-3192.0
-2803.0
-2806.0
-2643.0
-3084.0
-3789.0
-2618.0
-3047.0
-2809.0
-2830.0
-3383.0
-2935.0
-2800.0
-3328.0
-3363.0
-3169.0
-2447.0
-3113.0
-3196.0
-2889.0
-3508.0
-2833.0
-2796.0
-4012.0
-4462.0
-3009.0
-3025.0
-2963.0
-3773.0
-2783.0
-2772.0
-2969.0
-2949.0
-3313.0
-2716.0
-2646.0
-3129.0
-3533.0
-3001.0
-2682.0
-2895.0
-3091.0
-2829.0
-3457.0
-2831.0
-3036.0
-4151.0
-2923.0
-4376.0
-7064.0
-3160.0
-2940.0
-2815.0
-2003.0
-2931.0
-2974.0
-3095.0
-2857.0
-2769.0
-1479.0
-3183.0
-3262.0
-2719.0
-2606.0
-4642.0
-2773.0
-3077.0
-2842.0
-4114.0
-3684.0
-3398.0
-2759.0
-2681.0
-2649.0
-4006.0
-2925.0
-2645.0
-2658.0
-2974.0
-3453.0
-2650.0
-3365.0
-3003.0
-3220.0
-2600.0
-2726.0
-3070.0
-3549.0
-3969.0
-2888.0
-3208.0
-2949.0
-2971.0
-3178.0
-2786.0
-2752.0
-2942.0
-3194.0
-3282.0
-2978.0
-3802.0
-2708.0
-1708.0
-2662.0
-3629.0
-2956.0
-3034.0
-2807.0
-2674.0
-1524.0
-2822.0
-3371.0
-3523.0
-2914.0
-2893.0
-2947.0
-2755.0
-3912.0
-3170.0
-2907.0
-3131.0
-2817.0
-3009.0
-2833.0
-3732.0
-2747.0
-3302.0
-2950.0
-3239.0
-2823.0
-2579.0
-1982.0
-2718.0
-3078.0
-2817.0
-2806.0
-3148.0
-3299.0
-3000.0
-2617.0
-2872.0
-2763.0
-2765.0
-3030.0
-2938.0
-2622.0
-3757.0
-3163.0
-4796.0
-3313.0
-2887.0
-2756.0
-2748.0
-2325.0
-2901.0
-2932.0
-3008.0
-2866.0
-2908.0
-2692.0
-3347.0
-2875.0
-2959.0
-3752.0
-3081.0
-3064.0
-2894.0
-2772.0
-3416.0
-3074.0
-3184.0
-3005.0
-2728.0
-2720.0
-3953.0
-2681.0
-2136.0
-2955.0
-3210.0
-3671.0
-2647.0
-2640.0
-5003.0
-3146.0
-2682.0
-2693.0
-4015.0
-4096.0
-3441.0
-2609.0
-2978.0
-2803.0
-2784.0
-3973.0
-3031.0
-2864.0
-4724.0
-3191.0
-4071.0
-2863.0
-3069.0
-2830.0
-2581.0
-2596.0
-2718.0
-2983.0
-2835.0
-2845.0
-2702.0
-2781.0
-2957.0
-3160.0
-2657.0
-2682.0
-2759.0
-2676.0
-2510.0
-3052.0
-3425.0
-2778.0
-3129.0
-2994.0
-2563.0
-2741.0
-3617.0
-2691.0
-2644.0
-2657.0
-2947.0
-2624.0
-1510.0
-4510.0
-3989.0
-3203.0
-4097.0
-3255.0
-2970.0
-3756.0
-3615.0
-3248.0
-2652.0
-2936.0
-3945.0
-2845.0
-4547.0
-2759.0
-2955.0
-2820.0
-4717.0
-2970.0
-3652.0
-2818.0
-2677.0
-3268.0
-2715.0
-3255.0
-2705.0
-3760.0
-2593.0
-2656.0
-3147.0
-2867.0
-2694.0
-2633.0
-2939.0
-2740.0
-2664.0
-2912.0
-2903.0
-2885.0
-3254.0
-2778.0
-2515.0
-2622.0
-3834.0
-2829.0
-2644.0
-3629.0
-3383.0
-2753.0
-2555.0
-2536.0
-2922.0
-3310.0
-2601.0
-2588.0
-3850.0
-2987.0
-3365.0
-2564.0
-2792.0
-3731.0
-2848.0
-3076.0
-3451.0
-2845.0
-3040.0
-2637.0
-3678.0
-2834.0
-3054.0
-2662.0
-2606.0
-2483.0
-3301.0
-3281.0
-2751.0
-2631.0
-2870.0
-2605.0
-2859.0
-3176.0
-2610.0
-2625.0
-2799.0
-2907.0
-2581.0
-3002.0
-2891.0
-3072.0
-3231.0
-2618.0
-2747.0
-2676.0
-3595.0
-2647.0
-2674.0
-2567.0
-2996.0
-2753.0
-2575.0
-2547.0
-2945.0
-3174.0
-3334.0
-2795.0
-3138.0
-3286.0
-3321.0
-2640.0
-2739.0
-3329.0
-2828.0
-3676.0
-2930.0
-2613.0
-5394.0
-3043.0
-5397.0
-3208.0
-3066.0
-2952.0
-3806.0
-2825.0
-3686.0
-3633.0
-2615.0
-2687.0
-2100.0
-2809.0
-4102.0
-3071.0
-2627.0
-2787.0
-2995.0
-4272.0
-2718.0
-2718.0
-3233.0
-2675.0
-3206.0
-3470.0
-2572.0
-2860.0
-3284.0
-2742.0
-2617.0
-2866.0
-2919.0
-2639.0
-2606.0
-2566.0
-3252.0
-3064.0
-2479.0
-2689.0
-3269.0
-3846.0
-3194.0
-2575.0
-2859.0
-2918.0
-3236.0
-2828.0
-2846.0
-2908.0
-3581.0
-3186.0
-3771.0
-3193.0
-3331.0
-2768.0
-2631.0
-3396.0
-2754.0
-3230.0
-2753.0
-3198.0
-2846.0
-2575.0
-3006.0
-2972.0
-2852.0
-2966.0
-2861.0
-2858.0
-2672.0
-3025.0
-2768.0
-2749.0
-3132.0
-2346.0
-2604.0
-2629.0
-3744.0
-2694.0
-2578.0
-2788.0
-4133.0
-3145.0
-2493.0
-2466.0
-3096.0
-2827.0
-1392.0
-2745.0
-2912.0
-3128.0
-2980.0
-2624.0
-3222.0
-2998.0
-2758.0
-2898.0
-4176.0
-2762.0
-3574.0
-2917.0
-4467.0
-3062.0
-2919.0
-2727.0
-1689.0
-2610.0
-2773.0
-3355.0
-2774.0
-3137.0
-2968.0
-2686.0
-3051.0
-3062.0
-1696.0
-2699.0
-3082.0
-2915.0
-1654.0
-2900.0
-3455.0
-3091.0
-3445.0
-3062.0
-2886.0
-2650.0
-3796.0
-3186.0
-2963.0
-2822.0
-2972.0
-2714.0
-2966.0
-2593.0
-3088.0
-3167.0
-2515.0
-2842.0
-2730.0
-3291.0
-3134.0
-2737.0
-2563.0
-2696.0
-2719.0
-3049.0
-2981.0
-2574.0
-3136.0
-2754.0
-4103.0
-2786.0
-2941.0
-2806.0
-2769.0
-2567.0
-3763.0
-2882.0
-2709.0
-2976.0
-2765.0
-1180.0
-3125.0
-2815.0
-2599.0
-2871.0
-2778.0
-3059.0
-3082.0
-2806.0
-3609.0
-3018.0
-4484.0
-3042.0
-2777.0
-3081.0
-4660.0
-2840.0
-2657.0
-2775.0
-2857.0
-2986.0
-2871.0
-2654.0
-3240.0
-3043.0
-2575.0
-1918.0
-2797.0
-3108.0
-3425.0
-2621.0
-2596.0
-2729.0
-3233.0
-4283.0
-2849.0
-2848.0
-3743.0
-2966.0
-4033.0
-2897.0
-2783.0
-2753.0
-2494.0
-2428.0
-2884.0
-2905.0
-2689.0
-2816.0
-3250.0
-1667.0
-2997.0
-2708.0
-2724.0
-2492.0
-2679.0
-2678.0
-2473.0
-2618.0
-2802.0
-2636.0
-3138.0
-2701.0
-2631.0
-3054.0
-3428.0
-2625.0
-2595.0
-2903.0
-3036.0
-3028.0
-2441.0
-2371.0
-2765.0
-3399.0
-2801.0
-2600.0
-2746.0
-2830.0
-3008.0
-2467.0
-3142.0
-4012.0
-2727.0
-3064.0
-2908.0
-2694.0
-4224.0
-2999.0
-4553.0
-3479.0
-3144.0
-3299.0
-2505.0
-2872.0
-3408.0
-3490.0
-3129.0
-4421.0
-2631.0
-1478.0
-2944.0
-3036.0
-3384.0
-1819.0
-3217.0
-2855.0
-3592.0
-2916.0
-3685.0
-2786.0
-4193.0
-2987.0
-3229.0
-3402.0
-3729.0
-2846.0
-2582.0
-3714.0
-3763.0
-2627.0
-1548.0
-2772.0
-3064.0
-3591.0
-2716.0
-2832.0
-2984.0
-3199.0
-3840.0
-2870.0
-3180.0
-3321.0
-2798.0
-2837.0
-2861.0
-2727.0
-3167.0
-2813.0
-3907.0
-2847.0
-2791.0
-2699.0
-2483.0
-2445.0
-2655.0
-3009.0
-2555.0
-2574.0
-2537.0
-2557.0
-3301.0
-2828.0
-2767.0
-2457.0
-2789.0
-2629.0
-2376.0
-2608.0
-3221.0
-2688.0
-3271.0
-2551.0
-2470.0
-2546.0
-3450.0
-2535.0
-2675.0
-3313.0
-2906.0
-2760.0
-2090.0
-2547.0
-3017.0
-3556.0
-2447.0
-2332.0
-2925.0
-3276.0
-3104.0
-2908.0
-2923.0
-2950.0
-2593.0
-3201.0
-2918.0
-2964.0
-3143.0
-3092.0
-4348.0
-2871.0
-2938.0
-2718.0
-2804.0
-2863.0
-2850.0
-2973.0
-2935.0
-2558.0
-4485.0
-2604.0
-3236.0
-2769.0
-2897.0
-2588.0
-2747.0
-3336.0
-2507.0
-2843.0
-4405.0
-2863.0
-3200.0
-2812.0
-2715.0
-2597.0
-3419.0
-2723.0
-2538.0
-2801.0
-3217.0
-2550.0
-3959.0
-2582.0
-3472.0
-3280.0
-3113.0
-2614.0
-3026.0
-2935.0
-3141.0
-2741.0
-2684.0
-3251.0
-2879.0
-2891.0
-2790.0
-2607.0
-3355.0
-4654.0
-4819.0
-3089.0
-2972.0
-2643.0
-2594.0
-2932.0
-3877.0
-2924.0
-3105.0
-2998.0
-2680.0
-2954.0
-3571.0
-2987.0
-2525.0
-2828.0
-3411.0
-2613.0
-2603.0
-2783.0
-3561.0
-2879.0
-3796.0
-2756.0
-2666.0
-2539.0
-3858.0
-2783.0
-2571.0
-2808.0
-3032.0
-2890.0
-2700.0
-2476.0
-2661.0
-3382.0
-2459.0
-1909.0
-2920.0
-3117.0
-3360.0
-2564.0
-3148.0
-2756.0
-2902.0
-2926.0
-3369.0
-2705.0
-3557.0
-2634.0
-4315.0
-3441.0
-3055.0
-3115.0
-2770.0
-2286.0
-2916.0
-2895.0
-2546.0
-2600.0
-2837.0
-3222.0
-2862.0
-2747.0
-2676.0
-2694.0
-3048.0
-2810.0
-2712.0
-2991.0
-3726.0
-3214.0
-4676.0
-2748.0
-3698.0
-2561.0
-3514.0
-3318.0
-2625.0
-2931.0
-2851.0
-2737.0
-1610.0
-2563.0
-2771.0
-3220.0
-2668.0
-2469.0
-2683.0
-3481.0
-3080.0
-2828.0
-2988.0
-2931.0
-2625.0
-4787.0
-2902.0
-2608.0
-3377.0
-3080.0
-3813.0
-4017.0
-3065.0
-2668.0
-2669.0
-2537.0
-3160.0
-4770.0
-3781.0
-2953.0
-3250.0
-3149.0
-4219.0
-2912.0
-2582.0
-2841.0
-2833.0
-2725.0
-2730.0
-2837.0
-4532.0
-2996.0
-3095.0
-2635.0
-2490.0
-2624.0
-4721.0
-2700.0
-3027.0
-2796.0
-2898.0
-2498.0
-2539.0
-2589.0
-3403.0
-3186.0
-2572.0
-2536.0
-3097.0
-2892.0
-3233.0
-2584.0
-2639.0
-3703.0
-2697.0
-2952.0
-2768.0
-2785.0
-3168.0
-2787.0
-3614.0
-2789.0
-2869.0
-2657.0
-2950.0
-2543.0
-2527.0
-2796.0
-2634.0
-2544.0
-2518.0
-2477.0
-3318.0
-2817.0
-2567.0
-2572.0
-2715.0
-2676.0
-2271.0
-2699.0
-2660.0
-3025.0
-3323.0
-2571.0
-2438.0
-2475.0
-2982.0
-2889.0
-2493.0
-2282.0
-2841.0
-2434.0
-2998.0
-2546.0
-2714.0
-3358.0
-2507.0
-2517.0
-2929.0
-4062.0
-3027.0
-2581.0
-3106.0
-2771.0
-2819.0
-2939.0
-2910.0
-3274.0
-3362.0
-3366.0
-3767.0
-3128.0
-2871.0
-2811.0
-1988.0
-1620.0
-2824.0
-2765.0
-2515.0
-1694.0
-2918.0
-1574.0
-3049.0
-2829.0
-2717.0
-2673.0
-2959.0
-2693.0
-2513.0
-2906.0
-4421.0
-2662.0
-3433.0
-2815.0
-2686.0
-2507.0
-3377.0
-2664.0
-2595.0
-2659.0
-2930.0
-2587.0
-3133.0
-2761.0
-2919.0
-3671.0
-2687.0
-2845.0
-3041.0
-3062.0
-3368.0
-3470.0
-3571.0
-2954.0
-3720.0
-4177.0
-4050.0
-2551.0
-3734.0
-2788.0
-3742.0
-2723.0
-2720.0
-2837.0
-2243.0
-2803.0
-2677.0
-3012.0
-2671.0
-2659.0
-2557.0
-2631.0
-2948.0
-3020.0
-2516.0
-2620.0
-2519.0
-2793.0
-2517.0
-2675.0
-2762.0
-2787.0
-2959.0
-2686.0
-2490.0
-2584.0
-3830.0
-2624.0
-2516.0
-4065.0
-2620.0
-2550.0
-2704.0
-2543.0
-2832.0
-3069.0
-1517.0
-3282.0
-4419.0
-3199.0
-3175.0
-2724.0
-2940.0
-3790.0
-2898.0
-2912.0
-2963.0
-2971.0
-3331.0
-2908.0
-3712.0
-3039.0
-2856.0
-2598.0
-1721.0
-2599.0
-2637.0
-2773.0
-2685.0
-2557.0
-2804.0
-1373.0
-2996.0
-2728.0
-1888.0
-2937.0
-2710.0
-2946.0
-2558.0
-2630.0
-2998.0
-2543.0
-2914.0
-2563.0
-2556.0
-2548.0
-3559.0
-1710.0
-2570.0
-3015.0
-3149.0
-2747.0
-2481.0
-5241.0
-2999.0
-4167.0
-3831.0
-2546.0
-3609.0
-3309.0
-3476.0
-2655.0
-2740.0
-3616.0
-2889.0
-3385.0
-2900.0
-3876.0
-4266.0
-2747.0
-4883.0
-4211.0
-2961.0
-3564.0
-2757.0
-2755.0
-3936.0
-3344.0
-2857.0
-2828.0
-3870.0
-2739.0
-2949.0
-2994.0
-2703.0
-2625.0
-2908.0
-2941.0
-1319.0
-2739.0
-2914.0
-2880.0
-3161.0
-2692.0
-3353.0
-3323.0
-3640.0
-2703.0
-2530.0
-2629.0
-2678.0
-2519.0
-2429.0
-2437.0
-2723.0
-2950.0
-2502.0
-2506.0
-2778.0
-3158.0
-3232.0
-2508.0
-2622.0
-2645.0
-2721.0
-2918.0
-2820.0
-2628.0
-3022.0
-2901.0
-3669.0
-2678.0
-2739.0
-2689.0
-2673.0
-2481.0
-2646.0
-2816.0
-3111.0
-3197.0
-2636.0
-2576.0
-3041.0
-2804.0
-3235.0
-2559.0
-3000.0
-2817.0
-3775.0
-2825.0
-2874.0
-2792.0
-3031.0
-3575.0
-2591.0
-2908.0
-4034.0
-2653.0
-2572.0
-2993.0
-3195.0
-1851.0
-3105.0
-3030.0
-2818.0
-4147.0
-2522.0
-3279.0
-3081.0
-4564.0
-3186.0
-2651.0
-2921.0
-2811.0
-3174.0
-2987.0
-2932.0
-2942.0
-4105.0
-2694.0
-3831.0
-2819.0
-2894.0
-2607.0
-2456.0
-2564.0
-3152.0
-2729.0
-2627.0
-2753.0
-2602.0
-1958.0
-3028.0
-2851.0
-2652.0
-2487.0
-3392.0
-2655.0
-2508.0
-3102.0
-3381.0
-3530.0
-3032.0
-2793.0
-2685.0
-2475.0
-3393.0
-2491.0
-2500.0
-2749.0
-2959.0
-2858.0
-2496.0
-2532.0
-2754.0
-2961.0
-2579.0
-2431.0
-2917.0
-3797.0
-3168.0
-2530.0
-2755.0
-2604.0
-2672.0
-2713.0
-2801.0
-2728.0
-4104.0
-3111.0
-3419.0
-3293.0
-2630.0
-2776.0
-2559.0
-1992.0
-2985.0
-3230.0
-2688.0
-2640.0
-2675.0
-1129.0
-3310.0
-2781.0
-2536.0
-2578.0
-2896.0
-3464.0
-2652.0
-2811.0
-2878.0
-4240.0
-5619.0
-3011.0
-3872.0
-4529.0
-4171.0
-2738.0
-2599.0
-3555.0
-5061.0
-3421.0
-4487.0
-3952.0
-3075.0
-2963.0
-2607.0
-2800.0
-2771.0
-3758.0
-3696.0
-2746.0
-2721.0
-3077.0
-2881.0
-3964.0
-3533.0
-3588.0
-3866.0
-2720.0
-5120.0
-2683.0
-2893.0
-2800.0
-3018.0
-2461.0
-2647.0
-2757.0
-2519.0
-2521.0
-2730.0
-2434.0
-2781.0
-2732.0
-2627.0
-2632.0
-2855.0
-2580.0
-2426.0
-2654.0
-2631.0
-2979.0
-2922.0
-2599.0
-2485.0
-2567.0
-3436.0
-2494.0
-2880.0
-2625.0
-2613.0
-2617.0
-2603.0
-2510.0
-2813.0
-3036.0
-2461.0
-2702.0
-2673.0
-2935.0
-4043.0
-2728.0
-2667.0
-2889.0
-4075.0
-2870.0
-3315.0
-2849.0
-2849.0
-2798.0
-3864.0
-2822.0
-3026.0
-2739.0
-1692.0
-2532.0
-2869.0
-2840.0
-2517.0
-3219.0
-2646.0
-1657.0
-3023.0
-2898.0
-2514.0
-2551.0
-2845.0
-4980.0
-2511.0
-2536.0
-3872.0
-2644.0
-4363.0
-2682.0
-2854.0
-2812.0
-3360.0
-2686.0
-2929.0
-2601.0
-3081.0
-2688.0
-2456.0
-3488.0
-3225.0
-3731.0
-2475.0
-2561.0
-3436.0
-2994.0
-3467.0
-3179.0
-2659.0
-3698.0
-3677.0
-3734.0
-3402.0
-3849.0
-3413.0
-2776.0
-4140.0
-3078.0
-2933.0
-2703.0
-2557.0
-2549.0
-2660.0
-2871.0
-2557.0
-2602.0
-2807.0
-2621.0
-3151.0
-4117.0
-3450.0
-2504.0
-3160.0
-2605.0
-2735.0
-2656.0
-2848.0
-3131.0
-2910.0
-2753.0
-2567.0
-2528.0
-3392.0
-2576.0
-2688.0
-2644.0
-2768.0
-2492.0
-2386.0
-2459.0
-2751.0
-2694.0
-2455.0
-1545.0
-2776.0
-2766.0
-3233.0
-2675.0
-2703.0
-2620.0
-2715.0
-2903.0
-2768.0
-3052.0
-2985.0
-2636.0
-4094.0
-2661.0
-3336.0
-2709.0
-3299.0
-2479.0
-3773.0
-3012.0
-2565.0
-2801.0
-2760.0
-2368.0
-2885.0
-2569.0
-2343.0
-3840.0
-2636.0
-2996.0
-2480.0
-2532.0
-2860.0
-2549.0
-3313.0
-2522.0
-2349.0
-2473.0
-4289.0
-2674.0
-2458.0
-2875.0
-3072.0
-2910.0
-2346.0
-2327.0
-2837.0
-2947.0
-2434.0
-3207.0
-2814.0
-3036.0
-3322.0
-2776.0
-2784.0
-4141.0
-2704.0
-2788.0
-3227.0
-3528.0
-3449.0
-2677.0
-5004.0
-2830.0
-2970.0
-3078.0
-3608.0
-1861.0
-2959.0
-3115.0
-2920.0
-2949.0
-3018.0
-2792.0
-3522.0
-3098.0
-2747.0
-2740.0
-2948.0
-4460.0
-2739.0
-2734.0
-2958.0
-3720.0
-3500.0
-2671.0
-2690.0
-3136.0
-3841.0
-2482.0
-2496.0
-2601.0
-2952.0
-2472.0
-2478.0
-2822.0
-2734.0
-3374.0
-2473.0
-2440.0
-2644.0
-3846.0
-3492.0
-2819.0
-2574.0
-2833.0
-2710.0
-2947.0
-3353.0
-2651.0
-2926.0
-3142.0
-4505.0
-2787.0
-2712.0
-2672.0
-2637.0
-2610.0
-2912.0
-2875.0
-2652.0
-3572.0
-2823.0
-2504.0
-2815.0
-2888.0
-3140.0
-2629.0
-2699.0
-2681.0
-2661.0
-2653.0
-3020.0
-2758.0
-3074.0
-2783.0
-2640.0
-2658.0
-3833.0
-2653.0
-2868.0
-2494.0
-2782.0
-2715.0
-2641.0
-2495.0
-2845.0
-2903.0
-2568.0
-2820.0
-2834.0
-3106.0
-3625.0
-2559.0
-2818.0
-2761.0
-2722.0
-3159.0
-2943.0
-2643.0
-2950.0
-2753.0
-3703.0
-2716.0
-2844.0
-2687.0
-2582.0
-2505.0
-2894.0
-3018.0
-2716.0
-2557.0
-2551.0
-2561.0
-2738.0
-2718.0
-2414.0
-2497.0
-2771.0
-2847.0
-2468.0
-2871.0
-3976.0
-3002.0
-4012.0
-2540.0
-2510.0
-2710.0
-3374.0
-2799.0
-2680.0
-2650.0
-2780.0
-2495.0
-2569.0
-2885.0
-2847.0
-3391.0
-2516.0
-2444.0
-2894.0
-3201.0
-2752.0
-2705.0
-2776.0
-2738.0
-2906.0
-3120.0
-2970.0
-2464.0
-3143.0
-3137.0
-4023.0
-2747.0
-3356.0
-2853.0
-2412.0
-2515.0
-2954.0
-3149.0
-2729.0
-2612.0
-3931.0
-2480.0
-3322.0
-5871.0
-3216.0
-2608.0
-2662.0
-2700.0
-3031.0
-2661.0
-3038.0
-2947.0
-2944.0
-2908.0
-2377.0
-2880.0
-3337.0
-2638.0
-2530.0
-2421.0
-2533.0
-2448.0
-2888.0
-4310.0
-3972.0
-4448.0
-2433.0
-2561.0
-3085.0
-3427.0
-3100.0
-2677.0
-2679.0
-2795.0
-2729.0
-3060.0
-2925.0
-2514.0
-2842.0
-2698.0
-4485.0
-2703.0
-2950.0
-2638.0
-1406.0
-2652.0
-2713.0
-2907.0
-2402.0
-2658.0
-2716.0
-1939.0
-2977.0
-3800.0
-2921.0
-2663.0
-2846.0
-2583.0
-2613.0
-2970.0
-3529.0
-2788.0
-3431.0
-2793.0
-2532.0
-2692.0
-3719.0
-2771.0
-2151.0
-2781.0
-2732.0
-2682.0
-2527.0
-2444.0
-2839.0
-3988.0
-2780.0
-2505.0
-2871.0
-3342.0
-3460.0
-2474.0
-2607.0
-3031.0
-2724.0
-3559.0
-2754.0
-2630.0
-3142.0
-2700.0
-3875.0
-2731.0
-3553.0
-3229.0
-2633.0
-2973.0
-3500.0
-2903.0
-3172.0
-2618.0
-2710.0
-4172.0
-2836.0
-2917.0
-2657.0
-2693.0
-2747.0
-2490.0
-2597.0
-2654.0
-2767.0
-2634.0
-2960.0
-2594.0
-2489.0
-2505.0
-3288.0
-2675.0
-2686.0
-2865.0
-2879.0
-2537.0
-2578.0
-2473.0
-2679.0
-2846.0
-2358.0
-2554.0
-2786.0
-3403.0
-3117.0
-2775.0
-2524.0
-2847.0
-2811.0
-2697.0
-2709.0
-2548.0
-3130.0
-3175.0
-4378.0
-3006.0
-3131.0
-2767.0
-2627.0
-2581.0
-2686.0
-2754.0
-2758.0
-2555.0
-2535.0
-2448.0
-2860.0
-2619.0
-2546.0
-2652.0
-2966.0
-2744.0
-2536.0
-2752.0
-3443.0
-2732.0
-3563.0
-2586.0
-2672.0
-2620.0
-4330.0
-2765.0
-2531.0
-2794.0
-2715.0
-1946.0
-2571.0
-2619.0
-3454.0
-4298.0
-2636.0
-2576.0
-2934.0
-2992.0
-3111.0
-2648.0
-2819.0
-2864.0
-2921.0
-3764.0
-2856.0
-2794.0
-3324.0
-3847.0
-4298.0
-2711.0
-3101.0
-2665.0
-2619.0
-2861.0
-2807.0
-2999.0
-3088.0
-2636.0
-2591.0
-2512.0
-3008.0
-2884.0
-3210.0
-2766.0
-2887.0
-2880.0
-1506.0
-2840.0
-3523.0
-2861.0
-3406.0
-2756.0
-2538.0
-2715.0
-3462.0
-3097.0
-3252.0
-2815.0
-2686.0
-3046.0
-2633.0
-2680.0
-2791.0
-3012.0
-2552.0
-2592.0
-2764.0
-3036.0
-4932.0
-2756.0
-2851.0
-3041.0
-2900.0
-3169.0
-2728.0
-3255.0
-3154.0
-2879.0
-4450.0
-3156.0
-2690.0
-3476.0
-2829.0
-2578.0
-2994.0
-3260.0
-2732.0
-2705.0
-2854.0
-2199.0
-4071.0
-2672.0
-2782.0
-2608.0
-2938.0
-2928.0
-1230.0
-2614.0
-2935.0
-2601.0
-3316.0
-2674.0
-2463.0
-2674.0
-3516.0
-4863.0
-2985.0
-2855.0
-2798.0
-2610.0
-2476.0
-2553.0
-3511.0
-4052.0
-2472.0
-2461.0
-3455.0
-2938.0
-3228.0
-2789.0
-2787.0
-3096.0
-2579.0
-2814.0
-2765.0
-3067.0
-3535.0
-2613.0
-3654.0
-2898.0
-2871.0
-2650.0
-2804.0
-2553.0
-2703.0
-2909.0
-2705.0
-2683.0
-2562.0
-2536.0
-3331.0
-2796.0
-2724.0
-2449.0
-2988.0
-2892.0
-2708.0
-2852.0
-3265.0
-2923.0
-3167.0
-2863.0
-3059.0
-2749.0
-3364.0
-2545.0
-2635.0
-2627.0
-2839.0
-2519.0
-2282.0
-2877.0
-3098.0
-2860.0
-2612.0
-2715.0
-2966.0
-3390.0
-3304.0
-2511.0
-2622.0
-2580.0
-2977.0
-2978.0
-2944.0
-2589.0
-3042.0
-3498.0
-4659.0
-2974.0
-3503.0
-2764.0
-2589.0
-2982.0
-2761.0
-2878.0
-2502.0
-2536.0
-2558.0
-1911.0
-3762.0
-2642.0
-2724.0
-2829.0
-2592.0
-3227.0
-1502.0
-2670.0
-3306.0
-2771.0
-3178.0
-2764.0
-2427.0
-2963.0
-3379.0
-2440.0
-2388.0
-2630.0
-2913.0
-2791.0
-2420.0
-2537.0
-3051.0
-2664.0
-2493.0
-2861.0
-2869.0
-2815.0
-3219.0
-2569.0
-2725.0
-2613.0
-2798.0
-3114.0
-2880.0
-2739.0
-3195.0
-2805.0
-5226.0
-2790.0
-2762.0
-2524.0
-2892.0
-2489.0
-2565.0
-3455.0
-2944.0
-2539.0
-3026.0
-2476.0
-3195.0
-2769.0
-2494.0
-2768.0
-2810.0
-2733.0
-2546.0
-2742.0
-2867.0
-2815.0
-3222.0
-3133.0
-3156.0
-2577.0
-4168.0
-2645.0
-2567.0
-2706.0
-3139.0
-1908.0
-2261.0
-2499.0
-2839.0
-3633.0
-2583.0
-3476.0
-2837.0
-3168.0
-3520.0
-2552.0
-2515.0
-2961.0
-2549.0
-2866.0
-2797.0
-3188.0
-3819.0
-2754.0
-4660.0
-2610.0
-2904.0
-3151.0
-1435.0
-2622.0
-3599.0
-3819.0
-2596.0
-2595.0
-4637.0
-2521.0
-4038.0
-2965.0
-1854.0
-3338.0
-2723.0
-3159.0
-3387.0
-2880.0
-3019.0
-2802.0
-3233.0
-2769.0
-2533.0
-2582.0
-3557.0
-2622.0
-2473.0
-2527.0
-2655.0
-2119.0
-2571.0
-2532.0
-2760.0
-2883.0
-2577.0
-1422.0
-3131.0
-3198.0
-4612.0
-2644.0
-3172.0
-2833.0
-3461.0
-3696.0
-2966.0
-2971.0
-3115.0
-3275.0
-4372.0
-2743.0
-2636.0
-2768.0
-2712.0
-2590.0
-2826.0
-2898.0
-3659.0
-2647.0
-2886.0
-2511.0
-3059.0
-2811.0
-2538.0
-2531.0
-2560.0
-2709.0
-2483.0
-2767.0
-3351.0
-2519.0
-3632.0
-2641.0
-2455.0
-2525.0
-3679.0
-3220.0
-2496.0
-2563.0
-2937.0
-2639.0
-2389.0
-2506.0
-2699.0
-2901.0
-2719.0
-2489.0
-3135.0
-3064.0
-2932.0
-2730.0
-3085.0
-2895.0
-2783.0
-3225.0
-2706.0
-2548.0
-3081.0
-2621.0
-4572.0
-3016.0
-2757.0
-2721.0
-2596.0
-2570.0
-2714.0
-2956.0
-3002.0
-2627.0
-2558.0
-1737.0
-2940.0
-2732.0
-2691.0
-2539.0
-2692.0
-2574.0
-1885.0
-2655.0
-3145.0
-2662.0
-4381.0
-2502.0
-2487.0
-2506.0
-4187.0
-3293.0
-2391.0
-2938.0
-2751.0
-2669.0
-3206.0
-2666.0
-2764.0
-2817.0
-2499.0
-1499.0
-2757.0
-2810.0
-2917.0
-2669.0
-2535.0
-2751.0
-2501.0
-2861.0
-2827.0
-2883.0
-3813.0
-2797.0
-4460.0
-2792.0
-2779.0
-2779.0
-1253.0
-1433.0
-2801.0
-2985.0
-3410.0
-3714.0
-2581.0
-2564.0
-3277.0
-2884.0
-2753.0
-2534.0
-2793.0
-2735.0
-3041.0
-2580.0
-3180.0
-2692.0
-3107.0
-2684.0
-2546.0
-2521.0
-3846.0
-2777.0
-2562.0
-2712.0
-5995.0
-2452.0
-2621.0
-2544.0
-2651.0
-4029.0
-2516.0
-2573.0
-2756.0
-2901.0
-2863.0
-2605.0
-2663.0
-2834.0
-2724.0
-3067.0
-2991.0
-2549.0
-3853.0
-3321.0
-3337.0
-2763.0
-2879.0
-2957.0
-3869.0
-2478.0
-2635.0
-2786.0
-3071.0
-2518.0
-2824.0
-1289.0
-2924.0
-2513.0
-2438.0
-2559.0
-2533.0
-2576.0
-2562.0
-2996.0
-2791.0
-2822.0
-3099.0
-2675.0
-2600.0
-2577.0
-3416.0
-2529.0
-2714.0
-2807.0
-2840.0
-3478.0
-2715.0
-2697.0
-2792.0
-2756.0
-2547.0
-2477.0
-2992.0
-3099.0
-3903.0
-3613.0
-2646.0
-2819.0
-2862.0
-2931.0
-2671.0
-2734.0
-2906.0
-2635.0
-4266.0
-2510.0
-2858.0
-2761.0
-2492.0
-2381.0
-3015.0
-3088.0
-2521.0
-2572.0
-2677.0
-2483.0
-2822.0
-2583.0
-2572.0
-2509.0
-2733.0
-3250.0
-2706.0
-2765.0
-3036.0
-2943.0
-3795.0
-2761.0
-2574.0
-2632.0
-3410.0
-2844.0
-2754.0
-2958.0
-2821.0
-3403.0
-2625.0
-3793.0
-2950.0
-4266.0
-2562.0
-2054.0
-3523.0
-3175.0
-3781.0
-2846.0
-2643.0
-2667.0
-2202.0
-2965.0
-3147.0
-2625.0
-3601.0
-3157.0
-4625.0
-2801.0
-2691.0
-2678.0
-1732.0
-2388.0
-3370.0
-3263.0
-3393.0
-2564.0
-2795.0
-2383.0
-3208.0
-2703.0
-2540.0
-2766.0
-2623.0
-2933.0
-3283.0
-3404.0
-3071.0
-2808.0
-5516.0
-2585.0
-2938.0
-2529.0
-3264.0
-2649.0
-2451.0
-2713.0
-2912.0
-2967.0
-2848.0
-2461.0
-3105.0
-3559.0
-2470.0
-2343.0
-3320.0
-3794.0
-3608.0
-2866.0
-2750.0
-2821.0
-2799.0
-2989.0
-2920.0
-2789.0
-3503.0
-2525.0
-5654.0
-2672.0
-2824.0
-2743.0
-3865.0
-1597.0
-2653.0
-4341.0
-2472.0
-2701.0
-2793.0
-2442.0
-2913.0
-2958.0
-3000.0
-2953.0
-3222.0
-2928.0
-2397.0
-2557.0
-3073.0
-3005.0
-3152.0
-3404.0
-2521.0
-2871.0
-3368.0
-2748.0
-2922.0
-2966.0
-2894.0
-3698.0
-3107.0
-2436.0
-3322.0
-3347.0
-2724.0
-1544.0
-2885.0
-2879.0
-3138.0
-2580.0
-2747.0
-2687.0
-1594.0
-2662.0
-2830.0
-2237.0
-2991.0
-2967.0
-4238.0
-3114.0
-2757.0
-2641.0
-1810.0
-2867.0
-2774.0
-2850.0
-2937.0
-2640.0
-3024.0
-2324.0
-2893.0
-2743.0
-2541.0
-2689.0
-3024.0
-2913.0
-2829.0
-2786.0
-3649.0
-2645.0
-2951.0
-2747.0
-2549.0
-2743.0
-3272.0
-2759.0
-1328.0
-2739.0
-3137.0
-2732.0
-1950.0
-2897.0
-3349.0
-2833.0
-2538.0
-2576.0
-2909.0
-3060.0
-2935.0
-2552.0
-3149.0
-2536.0
-2574.0
-3013.0
-2656.0
-2611.0
-3359.0
-2785.0
-3544.0
-2825.0
-2743.0
-2888.0
-3507.0
-2504.0
-2930.0
-3162.0
-2607.0
-3087.0
-2426.0
-2476.0
-3280.0
-2757.0
-2487.0
-2847.0
-2633.0
-2569.0
-3456.0
-2649.0
