-913
2182
-4897
-305
-271
2036
-2943
-4954
108
153
-7798
2182
-593
5492
-2866
-5761
-3216
100
-2840
-4436
-4282
-2217
-6153
976
2685
-2429
-4776
-17
2714
1286
-8153
4133
577
-1343
-1643
-5072
4899
4295
73
-6713
-2371
-1250
-9497
3890
1633
-842
-3913
155
2782
1934
-9725
6234
-3355
1545
451
-1699
1340
4984
-4500
-4935
-2488
-5693
-10512
-4046
1884
-3901
-10169
-951
2158
-2
-2703
-331
-1520
-672
-584
-7036
2620
5657
-2730
-9071
-470
-480
-4247
-3352
-3570
396
-1023
-2330
-514
1242
2259
1367
311
-4474
1244
-7985
-2183
3082
-5656
-3936
-2542
-610
-4209
1704
-697
-1227
-5157
-2613
622
5094
-8126
2575
4938
-1225
15
-5781
2028
-838
-2525
-863
-4346
4240
-7368
-526
-416
-988
-6053
-345
3972
255
-8486
1841
4397
3514
-1436
-3515
2305
4528
-2208
-6331
-6136
-1223
-5149
-5374
2194
-2825
-2567
-3397
698
2213
-7105
4440
-874
-545
2874
-10024
-904
2169
-4194
-8027
-4354
4670
-6129
3783
359
5874
-5952
-1200
2839
2752
-5763
-1079
1298
-4445
2374
-11675
1175
179
-839
-2174
-3180
-2571
-7179
281
-1303
340
-11308
-1413
3261
2966
-7753
3771
2235
3494
-2122
-1592
3551
2068
-3313
-6617
2480
688
-5892
968
3967
2441
-2953
484
3082
1045
-3141
4797
2194
4083
-4829
-5944
2078
2763
-682
-4245
-2605
1851
-9784
-2125
-808
-2240
-9277
-151
4649
3133
-7210
2968
5334
-60
1629
-5434
4909
2060
1490
-9352
-2139
-2609
-7564
3660
258
-2819
-5623
-2566
1466
4114
-8783
3008
2523
1172
-3251
-4706
1571
2705
-1660
-4626
-1350
-4513
-6668
3648
640
-967
-4490
-2498
1528
1307
-8274
3032
1596
-294
-6601
-8153
5288
4325
2112
-1315
-2010
297
-2093
2947
2144
-3236
-5307
4507
-2575
1949
-2615
4618
656
964
-688
-1570
3655
5463
3531
-9206
-1466
1511
-5476
3054
-1397
-1119
-4570
1819
11
-154
-6603
5228
-960
-156
-4288
-8194
-286
-727
681
-4197
-2428
6266
-7470
1641
-1856
-2459
-11312
2456
1589
-803
-1696
-31
1627
2955
-288
-5604
983
2927
483
-7368
674
-3360
-10591
5025
1405
2334
-5953
40
6
290
-5614
1349
5268
5738
978
-292
590
315
212
-2690
2147
-1590
-10391
2849
3239
-1139
-3185
-3265
1667
541
-6429
6171
6932
-2853
90
-4819
2015
1449
2423
-2362
-2389
2914
-3399
1702
1895
-2233
-2089
-2827
6247
4554
-1914
4721
1438
2553
-94
-8847
5350
3592
5347
-3898
-1705
4634
-8456
-3
1779
1916
-3021
-34
1623
3698
123
2466
1048
601
593
-1196
-323
1732
-1620
-5876
1599
857
-6319
3493
-1790
2018
-818
307
-1067
2026
-1298
3900
2424
-2810
4623
-2281
851
3830
-5054
-5252
-1379
847
-7468
1588
-3495
1405
-3756
-1685
1717
3810
-1112
7067
3319
3133
-1480
-6141
3718
1904
-3063
-5026
-3479
1283
-4148
1611
2938
604
-9323
2372
2258
2243
-3312
3500
3554
-861
-829
-3826
-236
-1751
-2053
-3367
-3093
-597
-5500
-114
-2261
6874
-3963
992
5081
3298
-2079
4869
279
-318
-1459
-8098
3825
4446
-1499
-7880
-4368
1725
-4146
-4864
2921
1709
-6231
-4848
4704
629
-3931
3232
-2003
-327
401
-4497
2327
4820
-1072
-3021
264
4462
-8947
3975
-773
839
-1991
6057
2752
1409
-5294
377
-2252
3158
-4930
-7371
1567
3850
-3847
-3566
-4561
1502
-9570
3546
2446
2736
-6432
-314
-2583
1156
-8624
2587
2389
-2897
-4067
-5238
6875
-1525
-5707
-5537
291
269
-5373
3003
2834
-607
-625
3750
2268
1195
-2239
6966
-720
991
-1498
-6040
1063
1191
-1914
-4494
-6275
2327
-1277
4424
2565
1093
-8450
-3426
3675
3868
-4855
2244
3204
1328
-2858
-6145
5124
-1298
-2573
-8931
-3000
-237
-7780
2363
4487
198
-7373
-1152
1981
6195
-5412
743
847
1234
-1148
-5361
2745
3878
1050
-5568
-561
1483
-6776
1756
-1133
5576
-7565
455
2614
7641
-3375
3446
1901
340
3429
-1149
-691
760
-4131
-2466
-4714
4487
-4975
1319
-4477
-2343
-8038
2619
712
2851
-5915
3044
7349
1730
-79
-3583
1434
6900
-2681
-3184
-153
3749
-9551
3685
4254
545
-3358
1754
3296
4064
-5496
860
1917
-3538
-3188
-8371
5983
536
1228
-6756
-210
7425
-8544
1934
2945
1284
-2728
-694
3137
-875
-4366
4296
2647
3789
1003
-7762
3188
4121
208
-8861
-850
2831
-6102
2475
4115
-346
-5924
-2791
3169
-844
-310
4443
743
1695
1310
-4815
4084
3031
-2003
-273
700
84
-6922
3646
5733
824
-6680
456
2343
4121
-5624
1617
1637
1877
-1602
-1680
3458
-3846
526
-6900
-5594
-756
-9399
680
3626
1678
-3075
5184
2554
2312
572
4241
6649
2084
-5340
-8908
365
2299
-799
-7696
-772
-2075
-3335
462
6363
2564
-3603
-2384
171
2042
-4431
2069
-1265
-2854
-1061
-542
3582
787
1520
-10613
594
-120
-640
1822
4454
1609
-4738
1254
3135
1243
-402
293
3946
3489
1943
-7723
4289
2428
-5802
-7287
-3313
-2303
-4331
-8
5463
1731
-3552
904
5979
1837
-7361
4194
2735
-326
-726
-2866
1758
54
-2654
-3318
-1628
1565
-8793
2065
-254
1199
-5278
3091
1625
1127
-4303
2939
5167
3336
-2675
-8565
2087
5426
-234
-2834
298
1054
-2095
1870
753
141
-7505
806
2130
1885
-4897
3905
1652
4837
-1252
-6278
3410
4042
1657
-4615
-507
-1887
-5049
-1447
4367
-604
-4830
1657
1675
2378
-4177
4223
1974
3021
1244
-5781
7686
-6737
-1925
-7661
-889
3143
-2974
-289
3304
899
-6332
2270
9351
3296
-1762
3105
-47
5004
-1451
-3633
760
6497
4558
-3947
-1363
-66
-4410
2283
-536
810
-2501
1125
3426
1760
-6112
3778
4699
3979
-4694
-7411
4994
3037
-2292
-3724
883
3763
-9851
1463
2831
335
-5731
-359
3441
-832
731
2361
3468
-514
-2637
-2066
1405
6785
-1066
-4892
2018
878
-5099
3487
2335
395
-5053
63
183
5282
-434
5201
6035
7517
611
-4309
5417
6282
628
-6187
1926
4291
-2690
4871
425
3990
-5181
-348
1371
2347
-3931
3701
1709
3184
-1417
-961
1586
5796
1733
-4107
-1989
4730
-3843
1312
4295
987
-3679
5661
334
4843
-7374
1040
2587
3816
-3479
-3357
980
1649
-5087
-4746
168
1001
-980
-1985
-157
-502
-3256
199
2590
-3394
-7374
593
4114
3669
759
-4543
786
1672
7185
1789
-6195
127
-3964
3283
2848
1362
-3602
-232
751
3383
-6164
6299
-567
947
-1638
-7065
4356
4055
-15
-8225
-3931
-1113
-3188
1409
4710
6140
-4087
456
1494
4027
-5057
2455
5307
707
2708
-1372
3594
3685
3957
-7868
-1710
2011
-2338
3327
2428
311
-1257
569
5140
1016
-213
5073
2359
5878
-1106
-7674
1365
2406
-953
-1620
-2637
1166
-9211
2188
214
2927
-569
-4658
4759
867
-8579
1900
4201
6203
-856
-3927
5460
979
-2589
-3799
239
-916
-332
5185
5553
-5
-3240
-2699
2719
2871
-4551
1549
3421
6585
2237
-1468
4708
6609
1882
-2718
-4165
3246
-8391
1715
818
468
-2270
-4329
5976
6729
395
2859
4664
3636
2456
465
4171
6524
-840
-2916
-1785
1102
-4808
2457
1174
631
-4255
3346
4696
1612
-1611
4044
5455
5366
-1439
-2065
5680
4966
-1245
-5110
-2004
1890
-4982
3379
2936
1976
-1994
1201
2245
1897
-5535
7823
4345
4314
-738
-2842
6340
2871
2456
-9086
-5416
1133
-1499
2054
2014
2674
-4034
-6629
4721
4638
-1856
1227
1163
1855
-1635
283
4001
4982
-4503
-3388
-3709
2098
-694
8287
6047
5343
-6976
1831
6302
7580
-2594
3812
-1562
7476
-4345
-5149
5740
7656
-1596
-6468
514
3554
-418
950
3916
-1580
814
-1050
4162
855
-1636
2722
6380
7205
-1986
-7118
3340
5622
-5717
-6271
-2254
4788
-5527
855
-2235
-1269
-3763
449
5372
7114
514
5557
5194
7392
-1535
-5437
7013
3071
-1733
-5274
-676
-3143
-3826
6748
5155
-1469
-1943
3871
6547
3502
1066
8233
3160
3571
326
-7146
5967
-305
-1374
-10435
735
3977
-7924
3418
1367
2705
-5920
-3167
2705
3433
-1720
2028
5017
872
1851
-3525
2718
-187
331
-1765
-2207
-1140
-1923
2224
1865
790
-2578
-1692
1962
4982
-7644
7318
5632
4455
1258
-4131
2370
1748
-3998
-5155
600
2476
-7439
-460
8656
3422
-3984
2312
2752
2480
4139
3759
6640
3840
-148
-2947
4656
-991
-5279
-3667
-3029
-2675
-5947
-843
5301
2348
-4437
1983
4082
4615
-4718
1985
2464
7453
-3485
-7736
6272
1022
-1730
-623
-4015
2508
-2007
2642
-491
-2195
-4061
1092
-2252
6273
-3964
3384
6323
2973
-2894
-7072
4899
1598
-1256
-3551
-212
2908
-5513
3587
2180
4605
-4568
3844
1527
1796
-3434
4003
6364
3043
-2328
-3252
2537
6881
183
-7785
-1124
1209
-2191
1768
4166
-1232
-6643
59
445
1494
-5910
3481
2320
3375
1213
-2402
1968
2519
2494
-1236
-32
2128
-2548
2118
2842
-1079
-1458
4928
3845
4440
-1525
3142
4987
4651
603
-793
2264
7307
-2662
-30
-3790
-1059
-6217
1527
1667
6703
-563
698
5534
2631
-1948
5035
2111
5053
118
-3264
1826
3936
5341
-859
2411
1184
-5356
843
4030
1103
-3413
-3087
3568
4309
-1401
3182
1009
6343
326
-6164
6958
1118
2507
-5650
-2595
2398
-3448
3359
514
4892
-3300
3234
5156
6580
-331
4029
6542
6220
2306
-2133
8260
4354
5719
-6696
-131
140
-4833
6123
5332
3410
-2095
1789
4715
6108
-3156
3811
2728
6754
2537
3625
4623
7767
1343
-2736
1965
690
-5026
3791
1486
2304
-7491
-2593
1611
4954
-3055
8848
1911
3089
-2147
-3640
6010
3863
2945
-2576
489
2289
-4071
1512
3802
5161
1739
3234
6261
7639
759
3013
9181
1894
1313
2290
3951
5331
1786
-199
2781
1
-950
4492
5541
2948
-6420
7606
654
3987
-1921
-490
5632
5558
1948
-2332
5136
6288
2498
-4171
474
2933
-5422
3891
7025
3390
-5632
3928
6373
2669
210
7644
2581
3878
5473
2206
3816
7585
487
3255
-2874
1154
-3231
911
4768
5227
-3445
3764
2189
6162
-1841
3266
2246
3151
1950
-3898
8244
7772
-2914
-7588
3149
-948
-5712
4922
6791
2766
-6272
4027
5020
3555
-579
9618
6133
7430
2177
-4121
8484
6963
2588
-8322
966
2723
-10111
7071
3169
2831
473
5540
3538
-1235
1150
5431
5907
-628
5115
4045
-768
1517
3627
-5747
-1623
1527
-2478
4723
3203
316
-1754
2494
6329
2471
2490
2415
3698
1443
-2256
78
2800
5766
-285
-1561
-21
3152
-5078
4102
3435
3865
-4756
2672
3323
1291
-630
3213
465
3479
4638
2214
7401
8033
1055
-328
1586
2021
-4203
1940
2614
642
-7218
1127
6134
6090
893
3243
5681
7002
-2181
-3804
6636
-129
4009
-3016
1835
4439
-10209
3579
5792
5703
-993
8660
5564
4154
-3946
5634
2264
6307
1398
-3719
4297
7313
1345
-4675
-4425
4913
-8619
3921
9214
1050
-3733
3206
5078
2171
-3360
2961
5151
10172
-390
-4203
9444
5918
256
-8548
2166
634
-567
-263
9280
5272
-2875
7357
5809
5926
-5676
1991
5533
4748
-262
1346
6837
3490
5573
-3929
-1539
2245
-5897
3396
2173
1648
-3333
-3605
2739
4551
-1885
7862
4138
1743
1063
-4440
4555
7626
2635
-2350
-923
6237
-5191
4224
2351
3475
-5614
6129
7283
7838
318
6638
6316
7779
2566
-6020
5695
8037
-3887
-9359
2054
4129
-4654
3392
8516
6474
-941
4568
4486
2610
67
6784
1785
6320
-297
-6312
8466
2307
6653
-1814
-2348
3179
-5151
8943
4067
6147
-3728
2180
-671
-2103
-4120
4853
4600
1832
-666
-4208
7250
7015
2412
1757
-1675
352
-3196
3085
6148
1947
-3007
1365
4673
3923
1752
7237
6260
3105
-205
-3013
6991
8912
1488
-7597
-161
1366
-5014
5463
2412
-41
-3622
2677
7019
-701
800
8007
7396
8502
2566
-502
7788
254
1434
-1741
-3971
2054
-2024
3570
7566
6027
-3430
2249
1623
6335
-8397
4029
7313
7883
1499
-5492
859
8265
1686
-8021
3948
3860
-1134
3523
6602
7499
-2873
9010
6925
4667
-2830
6474
4046
9505
3783
1810
8807
5442
-476
-6052
3431
833
-2008
1721
6211
5566
-3203
1381
6854
6840
341
3342
4149
3826
-1778
-500
7106
8061
441
-2728
-247
1437
-4615
3675
5906
4272
-5495
4162
4970
2211
1458
6023
-1331
1782
-3646
-2527
4812
7221
373
-2999
249
3743
-2872
1679
5074
5380
-3762
-332
39
3062
-1558
6917
1325
4348
5865
-5436
7978
3334
4408
-2994
-1517
2585
-3348
501
4545
6631
-9646
346
4684
5393
-921
3887
9294
-157
2051
3235
3429
2322
3259
-4348
-1642
1959
-5152
6689
7132
4028
-1101
2740
4843
1468
-2347
6084
6313
5352
1479
-1599
7745
2145
4218
-3139
-1888
4715
-3288
6445
2586
3922
-2252
2692
6032
6483
-3474
11489
6618
4753
3645
1130
9082
7692
-1044
-1089
1310
-124
-4960
6825
5615
5897
-2926
2286
3951
-1420
-3064
1261
10329
8159
1832
-3080
6891
2811
2751
-1877
725
-1467
-8091
3209
7595
3422
-10222
4096
3185
4861
2920
4032
4955
6736
1023
-467
7928
956
3909
-3634
-1824
98
-5204
2656
4035
2918
-3897
-67
2681
3625
3320
7744
5549
8164
1236
-2341
4778
6784
4490
-2956
1995
3699
4463
1222
4498
5073
-2428
4557
8139
5740
3775
5534
5651
3122
-1074
-1076
4910
6795
2309
-2259
-1235
2783
-2083
4935
4588
1561
-232
6686
7554
5754
-806
7307
6831
7950
2628
2533
5377
9169
-1547
-3445
1051
3415
-1874
1569
7972
4535
-101
5119
2236
6250
4601
6280
3572
6131
2067
1778
10247
6395
-948
-5160
-1644
-385
-4278
2026
6609
3433
-2538
1454
3875
5386
-601
6592
4816
2972
-2545
-1193
9358
7316
1657
-1526
-778
3640
-4603
6439
2016
3278
-3903
5813
3826
3520
-4018
9642
8808
1652
2861
345
6006
4562
3857
-6261
-2367
3668
-1128
5211
7402
-722
331
3543
7385
8313
-4429
7447
10049
7388
2124
-5507
2931
5205
52
-1963
2414
1605
-5423
6429
5799
4539
-2165
-1822
2883
6307
-1496
5082
3370
3277
-240
-3574
2168
-334
-398
-560
132
-591
-8422
5312
5692
5608
1195
4596
9359
4111
2906
8406
2730
4849
-850
-4812
8545
4177
918
-4634
3708
3396
-5494
5072
3141
3239
854
2567
4073
5636
1844
7280
5958
6998
-1040
-1874
3981
5674
-693
3899
2288
-54
-5456
2520
6581
6014
-1112
6453
3753
3891
1167
5327
7617
4746
3491
-9036
8848
3924
3712
-5387
6079
4088
2692
7440
5630
945
-397
5797
6353
2869
-1879
6235
1229
4911
987
-2656
6505
10320
-13
-1152
2648
2902
-2790
4300
5600
4070
-3247
7649
5274
7531
-934
3997
8567
7637
1944
-1732
6702
8649
4344
-4877
-922
2523
-1874
4122
7203
5056
-3280
5151
4899
8749
747
5447
4867
6144
5583
11
3492
7321
3826
-1900
676
100
507
6097
8118
2741
-821
5658
8330
3511
-1867
4020
6501
5329
3120
-4108
4618
2554
2636
-431
4691
6823
2405
5914
4681
5620
-2725
7217
8644
7651
935
5790
8240
6481
2091
-4561
6348
10136
-1997
-2279
5294
3801
-619
8281
-1563
4992
655
3980
6821
8835
1457
5611
2339
5245
2257
-1968
1533
8233
2700
-3004
-1901
-1709
-1408
5285
4155
8480
-5039
6589
844
8737
2573
530
1840
5737
850
-3831
5558
6324
4760
-926
-2069
5151
-2557
3354
6861
6549
2096
5253
3333
7756
-525
5738
6694
5443
1830
-1878
2750
8454
2485
2631
3869
1828
-4218
3351
4639
6735
-5432
7824
5561
6530
343
4666
3515
5144
3541
1848
6833
6662
2558
-4346
81
3190
-8186
3581
2023
-4901
-3268
2706
3593
5097
-3838
4874
4288
3867
4008
1461
7504
7676
3335
1735
-3037
3321
1170
1743
5207
3003
-1776
2297
261
8309
2719
3347
1084
7759
1003
-1804
7791
7943
4395
3275
2034
2872
-2765
2087
5426
3150
-1961
4685
7241
1563
-13
4866
7543
9335
1967
-1867
7528
2059
-923
-2040
3969
2519
-3765
2883
330
528
-3340
-1102
5601
6031
-1423
7552
7345
6592
2880
-1642
6106
10279
-2799
5218
-4484
1765
2087
6629
4087
3410
-4964
344
7984
3779
1152
5407
6654
4231
2585
1073
10711
9849
986
-2527
-2184
4096
-6739
7208
-455
3273
-1076
4214
3783
7239
434
4454
6109
3544
701
-2336
8809
5376
1593
-3392
1205
2706
-1101
6680
6665
7561
-2109
2348
6344
4137
-41
3112
3744
6020
3969
-3875
4354
9201
2357
-1053
-3579
2770
3133
735
7058
7692
-733
3712
9950
4214
2559
4321
4936
9559
1530
-4484
9091
6131
1457
-6715
-1403
917
-3100
4780
6057
2207
-354
2702
7066
9052
-830
9057
6907
5542
836
2442
7161
10691
1464
-1946
-983
1507
-1963
3337
3274
6064
333
4872
3271
6369
475
2219
1398
6483
2307
-602
8783
9533
2123
-8340
2372
-481
-7864
3933
7112
2849
-1547
5238
7112
7383
1836
7289
4888
7436
-324
62
8955
7885
7560
-5890
3527
4747
-8244
4617
6410
5945
-5664
6257
-1754
5704
-398
7846
422
2345
3459
-3027
7011
9607
890
-1676
999
4968
-4578
8545
8070
3576
-5078
5295
6338
3427
-466
6114
6106
9744
-831
-9
6456
5506
-681
-1118
1590
5213
-5719
6792
5568
5421
-4204
-2039
7617
4368
-6926
8967
4388
3581
-1198
-2789
1487
6773
183
-1951
3976
2483
-1872
4785
3839
5357
1852
4727
5847
7181
-1029
7632
4591
7647
324
874
6477
6877
5309
331
-2470
4736
-2840
5753
8666
5218
-2452
-1788
2709
5111
3789
5094
8474
7394
226
-344
8710
6960
4351
-3709
2964
1936
-7567
5534
7054
5177
740
1804
7083
7470
370
7063
5242
7740
1744
1550
9658
2622
4664
-312
5096
1953
-3705
4213
7467
7009
-2369
-874
6937
8028
1834
4984
4317
6707
2071
5594
7198
4535
3910
-4575
3005
2908
138
9219
8309
1476
-2867
5830
7170
6390
2539
2384
5758
7306
3362
-818
9506
8728
6163
-1189
3354
2493
-6001
5116
5550
3732
1171
-1138
5582
5442
-3362
8917
4693
8200
5856
-2389
7892
4080
3449
-2546
1097
2833
-1064
4104
10023
723
-3673
5895
3390
4517
2975
6293
6535
8382
692
-286
8599
5916
2808
-2137
2948
1457
-7320
7837
9044
5261
-1953
6682
8822
9330
-1271
8383
9710
9827
1076
2290
8385
6872
4517
-4852
-288
2940
-2775
3134
8018
5554
2517
3673
6814
6993
1009
5202
5767
3274
-1009
-284
9015
7315
-600
1924
4358
3698
22
7660
2328
2709
-1271
2836
7689
5066
1046
4251
7440
6645
4548
580
7199
3134
2421
-5035
3111
2134
-3742
8422
9901
3662
-4745
4402
5993
5200
3765
7801
8835
5821
960
157
5833
4804
-658
-162
315
5407
-9488
8392
7118
2996
-1769
6509
8980
6757
-3546
3159
6174
9427
2851
-946
7199
7352
1888
-648
428
5231
-5312
3025
7205
8287
-1510
3319
8644
9968
483
9817
4272
7284
6659
-1275
8905
6464
4035
-4391
7116
-154
-1434
4015
3361
5816
-1938
6475
11215
9313
1413
8236
7098
6783
6439
-189
8875
8981
3071
-136
2087
7192
-1195
8403
5195
3422
2564
5178
4050
8164
3807
6453
8147
7569
4473
1543
9701
5778
5099
-2782
72
2776
-5624
3566
6019
5445
-420
4669
7443
4636
3094
6074
8843
1872
4290
-657
7708
8344
-1736
-927
4459
1018
760
9192
8543
2730
-2532
4158
7191
8397
3104
6283
9124
3614
5429
-3261
7038
7142
384
2608
2095
7013
-2192
8080
3730
6588
-4037
2027
7117
5978
757
6872
6029
-93
-669
-3671
7255
6971
3742
-889
4570
4708
-7793
3095
2201
1038
-3340
6660
6752
7844
-2234
6307
5169
6766
133
-2500
7999
9209
2897
-940
3248
3203
-3031
5297
818
2091
-1476
1642
6166
5987
-446
7329
5634
2195
2199
-2785
10306
6547
2732
-4094
6593
3809
-787
6723
5484
2129
453
3013
6840
8518
-2126
9214
7842
7502
4992
-848
7996
7741
2096
-2663
1866
3870
1471
5781
7266
6415
-2929
6266
5120
5956
1153
4101
8833
8988
2538
-1420
7793
4386
3311
-1126
3182
2786
-2100
7889
9985
5786
3303
6553
7996
5075
-237
7043
5666
4600
-2713
-524
7849
3088
2334
-3142
3176
6351
-1891
4961
6998
3166
-4105
4078
5409
9613
925
10914
9273
8783
5505
741
7891
5255
1663
10
5555
4575
-1344
4655
7862
2218
-2122
9830
5214
3732
526
7457
4218
5240
857
194
9517
8461
223
-3894
-2169
4277
4044
6287
5584
6606
-883
7957
6502
5669
3179
8695
6785
8975
6124
-7346
10895
5416
5074
-5441
5387
3725
-473
5562
10720
4435
-6550
5789
8537
1402
-2074
8127
7961
9312
4716
-1013
9881
8829
4062
-3119
-386
3590
145
4544
5216
5494
-2112
5465
4856
7190
1335
7465
5701
10922
3756
-1830
10264
4798
6685
2294
373
4747
-145
6740
8067
4880
-2016
5905
8815
4406
580
9016
5287
7817
3719
3323
8141
8401
3542
4656
-279
6301
-7612
1657
4178
4444
-957
5814
8924
7411
3388
10196
5603
7004
2005
-94
5861
7498
955
2
2468
3105
-7145
3956
3368
8336
-18
4923
7823
5663
13
6156
5112
3351
-1958
-2855
10605
10718
7327
3077
957
5957
-7054
5242
6320
4235
566
5908
3223
6320
-4491
7817
8386
9681
1434
-2250
11460
7819
5428
-1248
-207
4689
-1021
4863
3448
5965
819
7549
5302
5132
-1704
6978
8542
6501
-1008
2799
6568
10587
-1908
3091
5812
649
-60
7320
5301
7899
1368
958
6307
4750
4826
5730
3371
3159
3636
1263
10870
9543
3373
-6149
5987
3358
-1824
7496
7578
7376
-863
4762
8784
7528
4064
9000
6366
6473
5832
1101
7413
7612
-1219
2460
1904
4031
-1548
3666
9610
7515
-1086
7124
8432
5664
4326
9603
7915
6702
1362
2370
9037
9718
5207
-1997
679
2792
-4586
7647
6076
371
2911
2528
6417
6850
-527
6598
7777
7319
-160
1330
6326
9976
732
-6904
3641
4064
-3954
7045
9004
5763
-1012
5497
9621
8931
1241
7606
-530
10764
2732
-174
8553
6485
4374
-2297
2364
6170
-282
7393
7182
6828
88
6771
8529
5813
1155
5209
9677
7170
6686
2956
9862
7322
4657
-241
-243
2909
1429
4818
5702
8341
1860
1686
8618
7509
2369
9587
7838
8236
1720
-4618
7746
7587
3446
-176
3552
3654
-7689
5634
6325
5546
1133
1281
3011
9114
3233
7499
8704
8197
1589
-1999
9375
6767
234
705
2337
7138
-3805
8570
2027
7480
2957
1676
7490
9063
6194
6125
7088
5537
4771
1150
8332
9774
2873
4014
1518
5722
3208
6315
3611
7489
-48
5043
8992
9959
-3139
8205
9276
4863
1221
-4786
9464
8295
-90
-1498
4208
4783
-3291
6946
2767
7243
-91
8688
6160
7637
-1282
9804
8649
4577
1746
-1946
10020
9897
1320
-1677
5754
3994
-5251
7196
9145
3798
2397
4392
8214
9576
6781
8488
7462
5686
4073
-1529
9539
8529
3396
6267
6599
3443
-2458
8107
9023
6234
1245
6657
6663
9327
1242
1262
6887
3620
2070
-131
9933
6944
3230
1965
1213
3590
-4849
6004
8175
2627
-891
3538
5440
7979
-241
6048
9114
5970
4563
1542
9532
10994
2388
-3219
5962
3841
-2
5874
5978
8930
-4030
4092
8038
6857
2940
5783
9047
9401
1344
4529
8429
9396
4216
2096
4966
5031
-1530
7027
7818
4502
-3577
6126
7680
7336
2157
8940
3261
10007
3461
-2447
7399
10550
4708
-3082
-1136
2538
-3469
6300
6716
9624
-2609
8875
8810
7242
-572
6251
8668
4614
3476
-1351
7425
9666
1122
-1587
1930
2411
-4726
7960
7680
8618
-1737
3213
5323
8800
2895
9088
8993
9949
6992
-10456
9404
8203
3631
-5196
2802
6716
-2142
2474
8447
4771
3279
3129
8119
5794
4912
10092
9182
7654
3298
-5802
10752
9357
4445
-5084
4534
3628
-775
8167
8150
9466
-249
7871
6274
8149
2198
7739
6763
9997
2439
3695
9066
9766
7179
3455
5221
4108
2569
7825
7952
5728
1033
6125
8397
5608
-4695
10587
9226
1583
-984
-1999
11067
9870
2219
449
4743
4224
-1790
7667
5265
6302
1169
3272
4231
6297
2964
7478
9501
7507
2258
3278
7137
8526
291
-3543
3756
1982
338
8958
7313
5515
-1023
2624
5157
6933
-322
4963
8601
9184
2788
3922
7121
7236
-551
414
3175
3754
-2288
8013
8232
4127
3091
7908
9602
7103
1522
8968
9442
4413
2762
836
5694
9159
2279
-1592
3611
6333
1175
6320
8888
5703
-2976
3292
6298
8101
1024
6531
7726
7354
486
2227
9999
6467
3164
-902
-1367
2223
-4665
7886
8260
2579
-3440
5762
8628
6930
579
8923
9251
7630
1628
-523
7371
8189
4816
2073
5110
8262
-5796
7494
8987
7523
-4212
5771
6946
8183
-5285
5046
8514
10058
8085
-4930
7071
5852
3757
2961
1814
4764
-2778
6402
4817
5937
1540
7218
4873
8044
4047
5434
4466
5283
2681
4241
9447
10063
1299
1961
4127
-253
-2259
8387
8598
6969
-2422
5104
7845
7038
2036
9514
7802
5800
4875
-970
7873
9977
3016
-829
1786
5785
-1911
4204
7039
5713
-2344
-1117
9636
9411
940
5367
8184
9774
4852
2590
7734
9294
1508
2162
5652
4970
-1709
7007
3572
9273
3469
6803
9501
7766
-216
7922
3453
5625
4808
-4066
9532
7868
8302
1219
4897
4269
1148
3987
5930
3837
321
7345
10050
9980
5218
8153
8380
9873
6881
-604
9372
10282
4618
-2330
4356
2884
-611
8251
8330
5153
-2188
5061
7219
7216
1351
9130
6694
6697
5601
-1747
6498
10928
412
974
3165
4970
-3893
5850
2042
4983
1312
9214
6468
7343
-3202
7833
5460
10105
7166
3185
8349
8894
3213
324
5162
4886
200
8036
8349
8600
-212
4402
6687
7434
2144
10556
8529
7023
2028
2286
8361
9981
3279
1381
3011
6039
-3690
3301
7510
6988
443
6642
7262
7985
1522
4649
9536
7267
1240
1501
8470
8728
3239
509
6587
6147
1715
6250
8236
5635
-2482
7645
9722
8177
5992
8087
6270
3822
3461
3561
10627
7855
1302
-106
1431
8949
-85
10901
5815
9263
4458
1332
6942
8903
4553
9318
4928
6963
3014
681
9814
7532
2515
2538
3711
6400
-1257
8337
5308
6997
2732
6567
8990
7806
913
9420
6102
7436
3067
1278
8281
9211
3441
-6498
3812
4718
4195
3766
6063
9408
2051
2742
7025
9171
1897
8057
6579
6970
4271
4494
8418
9830
1766
2308
-538
6431
-1477
8980
2781
5606
2233
10790
9047
8295
3512
10677
4812
9319
7653
2161
8429
10679
6717
-563
1774
6922
1359
3602
6555
7423
-2993
11252
6748
9545
2622
10534
7042
5063
4009
-1340
8408
5798
5575
3370
4464
4733
-2263
9634
6708
4842
401
10735
9645
9955
2782
7809
10807
8414
2827
1907
7750
6886
6690
2660
2694
3931
-1047
8779
6352
4742
1501
7574
9346
8846
3923
9182
10227
10668
5354
45
8576
5304
240
-2157
5641
8330
-3260
7435
2455
8166
1236
7202
7531
8622
1896
9594
6169
7878
5673
-1074
7782
8127
3042
3515
3925
5029
1514
8464
8936
10309
355
5896
8980
11632
5604
8678
6035
10358
4116
453
10182
9231
5232
-1849
5690
7672
-3970
7721
9235
6379
-1308
4177
8907
8335
-995
9945
9928
6040
6613
-2152
8758
10029
328
-4418
5396
3487
-594
5446
6401
4253
782
2787
8093
9574
165
9386
9164
6864
3825
5463
6672
8360
2382
4513
3275
5123
1386
7192
9126
8129
2348
7500
7957
6446
3611
9284
7954
10345
3901
33
9017
10013
4366
502
2233
2992
-3882
6654
7339
5976
1640
5613
10686
8749
-26
1364
10035
8973
3519
1406
7936
7023
5730
-578
4570
2801
-1124
8962
7323
7329
5216
4519
6531
7887
3820
8722
9866
2705
3949
-302
6940
6607
2075
330
4363
6706
-570
4568
9112
5502
-944
6446
6138
11426
3198
8242
8323
6791
3410
1277
10034
8840
5548
975
2651
5893
-4933
7666
8512
7667
-2786
7160
6930
7543
6898
5992
7372
9452
4149
-324
8036
8869
6575
-5983
1767
4881
-3862
6612
8684
6455
4911
1690
6438
6808
743
8157
8543
7683
1753
5724
9353
9149
3056
2711
3562
7408
-509
7769
7819
8912
-610
7777
8597
9154
5216
8830
10729
9679
3458
3126
8996
8817
395
-491
6538
2158
-428
6188
5942
4709
1747
8727
9304
10577
3193
9097
7641
3946
1143
5724
7111
8691
5885
770
4600
3986
-1217
5909
4133
8800
2024
3990
6950
6874
1275
4241
10582
8913
3963
-6851
9101
9187
4671
-4135
4107
3861
3539
4778
7783
8814
1296
9897
4926
4970
2779
8874
9124
9129
5073
4266
9770
10447
3938
-1777
2416
2660
-2035
6709
8478
8864
-2017
7049
7659
8084
3574
10433
7173
10462
4968
-644
8829
7519
3136
-377
5253
4756
616
7853
9484
7698
5406
5760
8800
3710
-1089
7870
8250
10573
6197
-4871
7678
10844
5098
2571
-1335
5979
-3638
8101
9298
9773
3034
5828
9968
7818
3560
10133
7828
7040
4070
2448
7093
8187
4230
3715
5499
3668
-1704
7395
7566
51
-1988
7902
5635
9557
6366
8722
7763
8298
4844
1045
9142
7592
3256
659
5737
7291
4974
7766
8591
5802
1644
6829
10798
9258
2453
6771
7779
10499
4644
665
9705
8696
5374
4280
4886
6155
881
8257
4703
6666
797
5536
9902
7732
3772
7793
8721
11363
3149
-525
9360
8130
4348
1358
8406
4877
-3810
9440
8872
6617
5019
7443
8624
10789
5029
9276
7028
8404
2259
-1852
9294
10910
1170
557
5303
3955
959
8638
10824
8784
4079
6760
8984
8027
-2310
10573
9373
10041
3651
2721
4131
9325
4180
1280
5567
7246
1017
9444
9780
4629
-695
9266
8968
9182
7809
8608
9688
9495
3195
1399
10683
10302
2991
2081
5864
3257
-788
8984
9751
9477
2615
6872
8163
10913
4121
6819
10942
10092
4001
642
9219
9479
5247
802
6719
6182
1732
6674
2456
11137
535
369
10988
6793
1105
10348
8208
8747
4020
2023
9796
9638
8154
100
7077
4140
3089
6286
9840
9276
4616
5818
9212
8130
1640
3555
10034
9828
5647
4052
9052
9340
3835
-486
5781
5001
424
6668
2259
9341
2280
6408
10460
8614
4297
10758
7078
10217
6528
186
9650
7571
4887
103
6189
2997
-5721
8480
4653
9943
-2197
6422
9282
8733
3324
11528
9837
9438
1441
574
7635
7269
7329
1143
7157
2742
-3435
8938
8973
5478
-742
6520
9173
9616
2271
10561
6465
9645
5250
-2551
7420
8841
3782
2561
2555
8715
-3190
7541
4864
10775
2924
6713
8386
7598
-2648
7973
11358
9134
-252
2519
6678
11593
3562
3412
1656
5796
-3718
7926
10552
8302
6088
7301
7907
9330
5103
8991
6299
10020
3602
-2429
9177
10426
1270
565
4857
4256
-534
10345
8399
3738
2432
7963
6395
6284
-1525
9899
9222
4701
2825
-2358
9659
10765
5536
2520
5982
5276
-4016
9175
8261
7121
2622
9106
9033
9718
1270
7065
8141
6550
5864
-210
10094
10327
3350
-37
5382
5465
418
8538
7436
7402
2266
9115
5423
7224
749
10379
9469
8426
6969
-3945
7131
8442
5161
-138
