-35177.0
-22455.0
-32574.0
-25437.0
-23447.0
-24547.0
-23296.0
-23287.0
-18796.0
-25078.0
-24425.0
-21807.0
-22946.0
-20270.0
-25096.0
-31910.0
-19772.0
-17016.0
-21657.0
-29845.0
-28300.0
-17254.0
-29128.0
-20494.0
-20200.0
-25576.0
-16840.0
-17168.0
-28828.0
-24237.0
-22706.0
-20324.0
-20677.0
-27454.0
-12162.0
-20332.0
-24426.0
-17153.0
-14735.0
-20097.0
-18336.0
-12503.0
-23445.0
-18800.0
-14965.0
-18870.0
-22618.0
-18990.0
-20991.0
-17706.0
-29965.0
-23311.0
-22028.0
-19736.0
-16668.0
-19711.0
-20472.0
-16691.0
-13886.0
-15617.0
-25725.0
-11481.0
-19231.0
-16059.0
-18081.0
-23415.0
-12461.0
-15983.0
-15854.0
-26126.0
-29318.0
-16662.0
-15343.0
-14003.0
-24361.0
-16247.0
-19572.0
-6927.0
-17807.0
-18142.0
-24712.0
-17681.0
-16620.0
-14150.0
-12200.0
-10316.0
-29081.0
-15337.0
-18212.0
-13132.0
-13296.0
-8198.0
-16460.0
-19672.0
-16950.0
-13892.0
-23980.0
-19273.0
-12920.0
-11461.0
-13304.0
-17570.0
-23503.0
-14944.0
-10797.0
-16209.0
-20071.0
-17511.0
-16361.0
-9848.0
-22898.0
-17076.0
-10927.0
-15089.0
-24738.0
-20137.0
-17009.0
-11781.0
-9527.0
-17053.0
-14058.0
-13631.0
-17457.0
-15559.0
-12592.0
-17524.0
-12194.0
-10970.0
-22039.0
-18171.0
-26262.0
-16775.0
-26704.0
-13443.0
-6426.0
-7461.0
-25085.0
-10686.0
-7097.0
-15679.0
-12030.0
-10103.0
-10761.0
-24066.0
-7817.0
-18377.0
-19140.0
-9052.0
-9623.0
-24209.0
-13386.0
-11547.0
-22467.0
-8415.0
-13146.0
-11641.0
-12779.0
-13186.0
-10481.0
-15745.0
-15206.0
-8685.0
-4275.0
-17972.0
-14363.0
-25302.0
-6542.0
-11953.0
-15719.0
-12700.0
-10741.0
-11307.0
-13962.0
-12767.0
-18008.0
-8412.0
-17525.0
-4758.0
-19829.0
-6489.0
-14524.0
-12635.0
-21105.0
-13420.0
-8098.0
-9901.0
-12176.0
-7953.0
-17134.0
-14938.0
-9846.0
-5574.0
-10153.0
-17319.0
-6849.0
-22273.0
-9923.0
-7828.0
-6441.0
-11278.0
-10754.0
-8308.0
-27185.0
-9804.0
-9815.0
-8045.0
-9633.0
-16478.0
-13692.0
-10432.0
-21586.0
-4619.0
-5090.0
-16584.0
-9547.0
-17084.0
-7319.0
-4731.0
-12753.0
-13010.0
-9709.0
-6243.0
-13621.0
-10237.0
-10493.0
-8227.0
-6999.0
-5856.0
-14925.0
-15790.0
-8797.0
-6857.0
-17718.0
-4947.0
-4740.0
-8715.0
-15551.0
-14413.0
-4150.0
-12012.0
-6088.0
-9121.0
-9517.0
-10321.0
-7924.0
-6943.0
-13805.0
-9119.0
-7865.0
-6769.0
-7448.0
-9751.0
-12131.0
-10300.0
-4540.0
-9040.0
-9367.0
-15373.0
-10044.0
-5255.0
-12911.0
-7845.0
-9855.0
-6954.0
-7489.0
-19718.0
-4478.0
-5365.0
-12099.0
-10957.0
-11846.0
-6181.0
-9605.0
-10698.0
-11224.0
-8588.0
-10828.0
-5461.0
-8728.0
-6645.0
-7780.0
-11616.0
-11952.0
-10827.0
-2550.0
-5072.0
-12995.0
-4833.0
-6888.0
-4578.0
-8764.0
-3331.0
-11176.0
-7719.0
-3933.0
-1753.0
-5584.0
-4746.0
-5749.0
-7182.0
-2813.0
-6238.0
-19839.0
-2545.0
-3530.0
-3989.0
-7962.0
-9201.0
-2437.0
-4285.0
-7608.0
-3554.0
-5158.0
-1239.0
-6890.0
-5291.0
-5197.0
-4382.0
-6909.0
-10675.0
-6151.0
-3498.0
-4866.0
-7672.0
-4776.0
-12080.0
-10462.0
-6725.0
-5472.0
-7801.0
-3627.0
-3578.0
-9761.0
-9360.0
-1010.0
-2872.0
-6099.0
-2045.0
-2270.0
-6216.0
-6015.0
-13.0
-11051.0
-13117.0
-2997.0
-5465.0
-5654.0
-6839.0
-1714.0
-11577.0
-2507.0
-2934.0
-8654.0
-2678.0
-2436.0
-7488.0
-5584.0
-3591.0
-2862.0
-4623.0
-6438.0
-971.0
-2451.0
-1621.0
-4041.0
-11737.0
-4044.0
-7609.0
-4324.0
-5129.0
-9293.0
-4096.0
-8719.0
-10279.0
-4953.0
-4271.0
-10013.0
-2349.0
-3920.0
-9528.0
-4813.0
-6590.0
-3947.0
-3903.0
-1448.0
-2896.0
-6401.0
-2887.0
-5055.0
-5287.0
-1490.0
-4023.0
-4583.0
-2834.0
-3413.0
-4341.0
-9147.0
-4561.0
-2976.0
-3242.0
-7931.0
-4838.0
-5048.0
-2172.0
-1644.0
-1161.0
-3077.0
-2709.0
-1818.0
-1182.0
-8167.0
-1356.0
-4750.0
-551.0
-1874.0
-9615.0
-735.0
-2069.0
-2734.0
-5982.0
-2086.0
-944.0
-1684.0
-2989.0
-1760.0
-3762.0
-2269.0
-2096.0
-4789.0
-2772.0
-4242.0
-3702.0
-2655.0
396.0
-153.0
-1379.0
-1454.0
-2789.0
-2239.0
-473.0
-1436.0
-390.0
-5194.0
-3938.0
-263.0
-746.0
-4155.0
-2869.0
-1827.0
-1715.0
-1582.0
-3228.0
-6190.0
-1609.0
-743.0
-552.0
-5138.0
-978.0
-1305.0
-2029.0
-4628.0
-18.0
-3058.0
-1001.0
-2768.0
-1429.0
-1458.0
-2484.0
-1893.0
-5993.0
-2853.0
-1569.0
-1414.0
-1910.0
-2352.0
-4491.0
-3380.0
85.0
-4359.0
-3690.0
-3770.0
-3337.0
-206.0
-777.0
-1540.0
-2216.0
-754.0
-1649.0
593.0
-1865.0
-115.0
690.0
-4161.0
-2146.0
-2324.0
-592.0
-1418.0
-4720.0
-4672.0
-6740.0
-4262.0
-2384.0
-7547.0
-1193.0
-3298.0
-2693.0
-8656.0
-977.0
-2197.0
-4351.0
-3366.0
-120.0
-1651.0
-642.0
-1119.0
-4197.0
-150.0
-1696.0
-1306.0
-1540.0
-3144.0
1111.0
692.0
-1082.0
-2304.0
-2108.0
-1956.0
-398.0
-1926.0
-3522.0
-2161.0
-1531.0
-1235.0
-1234.0
146.0
-424.0
-658.0
-1728.0
-1194.0
-145.0
-1015.0
91.0
-126.0
-1212.0
-1131.0
-1184.0
-1003.0
-843.0
-35.0
-1410.0
-1851.0
-102.0
-3404.0
-2350.0
329.0
554.0
-1987.0
-87.0
-100.0
25.0
-3325.0
-530.0
1277.0
1684.0
-3772.0
-2384.0
266.0
739.0
390.0
-4234.0
-1465.0
1167.0
-545.0
-1870.0
-975.0
-4162.0
-3405.0
941.0
-4102.0
-4186.0
-3802.0
-3994.0
-4048.0
-1790.0
-1678.0
250.0
-1393.0
-1099.0
186.0
-2224.0
-1320.0
1205.0
-2350.0
-4724.0
-3237.0
1335.0
-2637.0
-430.0
-1994.0
-185.0
-1625.0
-246.0
-972.0
-1330.0
-405.0
-1336.0
-3579.0
-1509.0
1349.0
-81.0
-1254.0
847.0
507.0
702.0
-1183.0
-5492.0
1300.0
-1165.0
-1108.0
-2572.0
-3194.0
-3343.0
424.0
-2130.0
-240.0
-2175.0
-1910.0
1122.0
-1442.0
-3251.0
-1106.0
-530.0
-2053.0
-648.0
107.0
1293.0
-107.0
-702.0
922.0
-2560.0
-592.0
1291.0
-357.0
-357.0
1548.0
1079.0
-1838.0
-135.0
-350.0
1067.0
-1893.0
-1676.0
82.0
-1783.0
957.0
-1244.0
-3010.0
-962.0
562.0
-1872.0
-1804.0
-4286.0
136.0
197.0
-1365.0
-1507.0
-94.0
-1378.0
-1662.0
-682.0
-1719.0
-543.0
-2912.0
-3303.0
283.0
-44.0
-187.0
1211.0
-1146.0
-3307.0
-2450.0
-2297.0
91.0
-440.0
1164.0
-1426.0
22.0
-15.0
25.0
396.0
-496.0
1098.0
243.0
358.0
1897.0
1645.0
-682.0
31.0
-380.0
1162.0
-508.0
-522.0
-1401.0
-4589.0
-233.0
390.0
-4111.0
484.0
-648.0
-2462.0
-639.0
-697.0
240.0
585.0
-725.0
-1578.0
-8.0
1869.0
-85.0
-1393.0
-575.0
640.0
415.0
-184.0
-2796.0
-1965.0
-525.0
-646.0
-2127.0
462.0
-4157.0
-3712.0
360.0
-77.0
590.0
1551.0
-1254.0
-864.0
508.0
-1955.0
128.0
1517.0
-1093.0
-2890.0
883.0
605.0
312.0
-407.0
-650.0
339.0
-1359.0
-666.0
-581.0
-541.0
1316.0
-1333.0
-4068.0
-839.0
-1242.0
-950.0
108.0
-245.0
269.0
266.0
-196.0
-291.0
2012.0
1597.0
-487.0
-1396.0
-1014.0
-205.0
-5.0
-274.0
-674.0
-962.0
-1664.0
1013.0
-238.0
499.0
-196.0
-17.0
213.0
-15.0
-396.0
644.0
415.0
-1039.0
1459.0
223.0
490.0
1923.0
-33.0
300.0
283.0
1716.0
525.0
142.0
1963.0
-607.0
-837.0
369.0
-276.0
-814.0
1351.0
495.0
-1015.0
1093.0
1675.0
-1642.0
-218.0
329.0
486.0
1175.0
-34.0
40.0
-413.0
1754.0
196.0
-379.0
-53.0
126.0
-845.0
-1130.0
-731.0
-639.0
-1921.0
-244.0
-964.0
-295.0
-1257.0
-922.0
-174.0
474.0
-406.0
613.0
809.0
467.0
841.0
933.0
424.0
93.0
-348.0
-65.0
-85.0
1907.0
552.0
488.0
409.0
1126.0
-792.0
-272.0
-1665.0
355.0
1215.0
-244.0
-3535.0
-3705.0
-2613.0
-968.0
-2387.0
-4612.0
507.0
809.0
-1338.0
-740.0
-1398.0
1435.0
-227.0
228.0
-218.0
699.0
159.0
447.0
59.0
59.0
-1755.0
1108.0
-98.0
711.0
-1258.0
-364.0
140.0
746.0
795.0
882.0
517.0
-553.0
1108.0
98.0
866.0
2069.0
279.0
-66.0
33.0
1044.0
1105.0
322.0
526.0
13.0
-240.0
218.0
-1459.0
640.0
1000.0
418.0
-16.0
402.0
248.0
975.0
711.0
-206.0
1983.0
693.0
556.0
-344.0
1746.0
1792.0
-3288.0
565.0
65.0
718.0
867.0
977.0
686.0
146.0
410.0
529.0
142.0
505.0
-807.0
15.0
-371.0
1639.0
1525.0
-75.0
-201.0
-695.0
-778.0
439.0
8.0
1939.0
4.0
-214.0
1907.0
1967.0
-1230.0
816.0
2030.0
104.0
347.0
-129.0
-423.0
-371.0
1705.0
835.0
-324.0
847.0
2105.0
199.0
1547.0
226.0
872.0
2139.0
97.0
-623.0
2176.0
1941.0
328.0
7.0
-888.0
28.0
-1015.0
-868.0
-355.0
-1123.0
-705.0
-224.0
-410.0
705.0
-513.0
-451.0
-418.0
353.0
2144.0
700.0
-1483.0
232.0
463.0
1703.0
772.0
1786.0
-2769.0
51.0
-539.0
41.0
802.0
-999.0
-782.0
1133.0
-1447.0
-54.0
-3236.0
-926.0
255.0
569.0
-142.0
-896.0
1128.0
797.0
587.0
506.0
1818.0
1820.0
-179.0
-1837.0
1843.0
1715.0
-814.0
100.0
-559.0
-132.0
459.0
-575.0
-959.0
476.0
-462.0
924.0
637.0
505.0
189.0
-94.0
404.0
793.0
-204.0
954.0
125.0
-7.0
1565.0
657.0
32.0
1701.0
340.0
-2181.0
800.0
1443.0
631.0
687.0
415.0
581.0
427.0
-629.0
-659.0
722.0
1819.0
631.0
-336.0
126.0
2055.0
822.0
-216.0
1794.0
591.0
697.0
502.0
-716.0
1715.0
1762.0
-309.0
-1447.0
-183.0
412.0
400.0
-423.0
143.0
269.0
-88.0
580.0
-257.0
681.0
-3442.0
360.0
21.0
959.0
2108.0
2119.0
162.0
738.0
1420.0
743.0
1365.0
654.0
-111.0
539.0
1960.0
1639.0
705.0
370.0
952.0
875.0
426.0
-578.0
437.0
987.0
1809.0
752.0
3.0
829.0
1109.0
870.0
398.0
643.0
1726.0
1024.0
346.0
-81.0
1934.0
982.0
273.0
539.0
29.0
110.0
578.0
625.0
1583.0
625.0
433.0
1853.0
-1028.0
221.0
-481.0
-360.0
-78.0
300.0
672.0
663.0
-460.0
402.0
1484.0
995.0
-279.0
510.0
696.0
446.0
714.0
1099.0
411.0
599.0
1934.0
887.0
508.0
156.0
-40.0
-143.0
936.0
971.0
-1748.0
826.0
1007.0
682.0
1057.0
837.0
1951.0
1687.0
-910.0
133.0
2296.0
712.0
446.0
1304.0
-169.0
1678.0
922.0
807.0
394.0
-905.0
1483.0
873.0
307.0
854.0
-400.0
1110.0
557.0
746.0
1378.0
952.0
-216.0
1476.0
463.0
530.0
995.0
785.0
630.0
1027.0
1888.0
602.0
624.0
509.0
692.0
1237.0
264.0
550.0
-27.0
820.0
1998.0
646.0
-634.0
1181.0
1604.0
698.0
-136.0
882.0
1953.0
2233.0
339.0
376.0
2162.0
1724.0
440.0
212.0
307.0
942.0
662.0
-198.0
683.0
74.0
438.0
-1385.0
35.0
-221.0
-803.0
-327.0
545.0
919.0
482.0
910.0
294.0
35.0
1712.0
834.0
872.0
2035.0
508.0
390.0
972.0
798.0
846.0
725.0
1897.0
177.0
113.0
577.0
-96.0
-1699.0
911.0
531.0
-834.0
939.0
1974.0
374.0
1370.0
952.0
283.0
1334.0
509.0
-569.0
1323.0
2136.0
-653.0
181.0
304.0
965.0
-93.0
508.0
1265.0
155.0
777.0
483.0
176.0
687.0
-108.0
132.0
631.0
325.0
1524.0
955.0
-97.0
695.0
735.0
2039.0
680.0
2115.0
513.0
909.0
1648.0
1780.0
1087.0
516.0
806.0
971.0
883.0
698.0
-208.0
713.0
2050.0
721.0
196.0
850.0
1382.0
1013.0
-172.0
1736.0
413.0
521.0
-221.0
155.0
1924.0
1247.0
569.0
156.0
-317.0
1704.0
387.0
717.0
935.0
490.0
276.0
1421.0
-242.0
873.0
-650.0
354.0
740.0
913.0
1269.0
526.0
331.0
568.0
1027.0
756.0
544.0
947.0
842.0
872.0
972.0
859.0
516.0
456.0
1467.0
279.0
484.0
835.0
265.0
416.0
1807.0
754.0
68.0
756.0
2156.0
1033.0
-905.0
1047.0
831.0
1517.0
731.0
329.0
924.0
1063.0
794.0
-25.0
221.0
976.0
817.0
1089.0
834.0
434.0
111.0
495.0
445.0
680.0
-101.0
500.0
588.0
474.0
922.0
260.0
255.0
622.0
882.0
909.0
1041.0
2024.0
647.0
666.0
1904.0
2043.0
820.0
1499.0
1003.0
1473.0
779.0
25.0
135.0
169.0
926.0
797.0
229.0
958.0
2126.0
664.0
333.0
1011.0
1558.0
1649.0
206.0
875.0
1932.0
2212.0
557.0
655.0
250.0
936.0
578.0
-16.0
757.0
357.0
-525.0
853.0
-722.0
680.0
232.0
185.0
174.0
804.0
946.0
401.0
859.0
165.0
510.0
639.0
94.0
2084.0
253.0
435.0
845.0
681.0
410.0
738.0
1983.0
1199.0
510.0
174.0
427.0
904.0
1816.0
897.0
55.0
1138.0
1036.0
1384.0
-1368.0
1808.0
926.0
2079.0
403.0
175.0
1602.0
1520.0
583.0
232.0
435.0
963.0
982.0
345.0
1053.0
504.0
261.0
1653.0
-143.0
434.0
-1070.0
-591.0
676.0
1355.0
2101.0
1828.0
435.0
915.0
1605.0
948.0
1178.0
2239.0
1728.0
-131.0
1868.0
346.0
-26.0
1199.0
2128.0
1672.0
-321.0
-178.0
-670.0
834.0
-2111.0
8.0
-2440.0
611.0
1940.0
241.0
1413.0
-3305.0
723.0
1268.0
98.0
480.0
1118.0
2202.0
83.0
-137.0
-627.0
759.0
1057.0
718.0
860.0
575.0
-182.0
1445.0
360.0
785.0
2.0
-1347.0
439.0
918.0
1902.0
779.0
826.0
1058.0
365.0
813.0
1025.0
1056.0
670.0
272.0
1909.0
1082.0
294.0
207.0
968.0
926.0
512.0
604.0
348.0
806.0
978.0
766.0
-191.0
781.0
1884.0
965.0
634.0
1906.0
651.0
2020.0
783.0
239.0
1455.0
1092.0
-276.0
-145.0
-191.0
924.0
712.0
-114.0
557.0
1032.0
544.0
1628.0
-916.0
780.0
-87.0
-1100.0
448.0
235.0
231.0
1081.0
-100.0
372.0
864.0
1490.0
1742.0
1828.0
664.0
621.0
2198.0
1849.0
319.0
223.0
2100.0
-618.0
-340.0
98.0
-134.0
895.0
522.0
613.0
-607.0
274.0
921.0
806.0
821.0
656.0
2152.0
1009.0
559.0
441.0
1593.0
1886.0
-496.0
474.0
92.0
1030.0
648.0
356.0
540.0
517.0
338.0
1240.0
281.0
521.0
31.0
795.0
492.0
433.0
1982.0
958.0
584.0
442.0
834.0
1006.0
1002.0
2231.0
-67.0
897.0
1644.0
2246.0
1638.0
571.0
1832.0
848.0
-115.0
672.0
-247.0
1073.0
1074.0
1971.0
512.0
330.0
1654.0
2123.0
680.0
826.0
2140.0
823.0
531.0
-284.0
1336.0
1392.0
963.0
532.0
-61.0
961.0
893.0
14.0
413.0
-313.0
251.0
942.0
-737.0
535.0
-353.0
-86.0
635.0
922.0
794.0
1049.0
561.0
1054.0
699.0
2082.0
862.0
2196.0
578.0
704.0
1000.0
1522.0
1719.0
-554.0
1648.0
202.0
-108.0
336.0
-317.0
1024.0
817.0
733.0
-791.0
-25.0
2000.0
1949.0
898.0
704.0
948.0
1046.0
117.0
-331.0
1907.0
1452.0
302.0
378.0
135.0
376.0
-165.0
49.0
927.0
717.0
419.0
884.0
-72.0
371.0
92.0
577.0
781.0
781.0
1038.0
2195.0
726.0
396.0
1901.0
1837.0
144.0
1843.0
201.0
1208.0
288.0
2053.0
390.0
549.0
2208.0
1557.0
119.0
108.0
-443.0
378.0
1833.0
1713.0
482.0
1915.0
1756.0
39.0
478.0
586.0
468.0
1550.0
257.0
1109.0
-303.0
175.0
1173.0
-1382.0
213.0
136.0
734.0
16.0
-170.0
-743.0
-209.0
23.0
-125.0
802.0
-352.0
-2.0
473.0
711.0
982.0
616.0
-2579.0
304.0
763.0
2051.0
729.0
2023.0
373.0
1504.0
987.0
1692.0
764.0
1678.0
2235.0
878.0
717.0
466.0
-723.0
996.0
1886.0
370.0
-648.0
2060.0
744.0
1805.0
339.0
1380.0
1036.0
1048.0
-1014.0
510.0
2406.0
1597.0
-21.0
-199.0
656.0
1866.0
740.0
120.0
3.0
1539.0
631.0
1589.0
12.0
1041.0
-233.0
217.0
898.0
799.0
-371.0
652.0
197.0
825.0
969.0
0.0
1983.0
225.0
593.0
234.0
2046.0
-237.0
-1983.0
280.0
764.0
414.0
-230.0
431.0
278.0
1451.0
1220.0
847.0
340.0
197.0
870.0
-2487.0
721.0
893.0
863.0
1076.0
593.0
649.0
2047.0
2086.0
395.0
588.0
107.0
1011.0
874.0
822.0
1901.0
528.0
708.0
989.0
218.0
-180.0
64.0
311.0
607.0
585.0
1011.0
727.0
771.0
579.0
1867.0
-1056.0
763.0
2301.0
448.0
310.0
825.0
1539.0
658.0
1782.0
778.0
80.0
-164.0
-41.0
-790.0
751.0
999.0
854.0
107.0
1990.0
1335.0
1904.0
613.0
1724.0
2188.0
1086.0
811.0
-1288.0
1765.0
1803.0
546.0
-220.0
495.0
460.0
964.0
429.0
903.0
420.0
354.0
876.0
194.0
831.0
-267.0
345.0
972.0
700.0
987.0
1140.0
881.0
550.0
996.0
1185.0
961.0
1044.0
441.0
691.0
977.0
1961.0
726.0
883.0
2131.0
617.0
510.0
-69.0
65.0
617.0
1890.0
870.0
-204.0
506.0
888.0
775.0
567.0
1017.0
1062.0
1998.0
742.0
404.0
2033.0
1010.0
679.0
178.0
46.0
1907.0
666.0
1864.0
835.0
558.0
394.0
977.0
-85.0
726.0
185.0
221.0
815.0
429.0
1545.0
1005.0
-114.0
546.0
770.0
992.0
973.0
2234.0
323.0
1147.0
2158.0
1187.0
1067.0
944.0
1058.0
616.0
722.0
860.0
-699.0
985.0
962.0
900.0
-247.0
526.0
1748.0
2081.0
841.0
2083.0
2094.0
1041.0
716.0
316.0
1376.0
2156.0
183.0
-9.0
245.0
970.0
866.0
681.0
795.0
549.0
-560.0
816.0
691.0
-412.0
-598.0
825.0
717.0
751.0
-196.0
733.0
-237.0
4.0
541.0
1526.0
206.0
1747.0
333.0
1891.0
-793.0
1713.0
669.0
-630.0
998.0
336.0
707.0
469.0
257.0
813.0
2053.0
824.0
-757.0
454.0
2100.0
864.0
-235.0
736.0
944.0
1968.0
398.0
-373.0
2010.0
1204.0
821.0
-184.0
-142.0
964.0
1002.0
133.0
774.0
676.0
-78.0
918.0
346.0
761.0
-262.0
149.0
783.0
621.0
1224.0
847.0
620.0
648.0
1960.0
1039.0
963.0
1082.0
566.0
844.0
2056.0
984.0
850.0
756.0
1011.0
839.0
384.0
800.0
65.0
716.0
2065.0
424.0
-497.0
938.0
1642.0
577.0
660.0
1315.0
2074.0
906.0
668.0
-507.0
1400.0
997.0
908.0
388.0
-1407.0
1264.0
1927.0
529.0
548.0
515.0
464.0
922.0
-876.0
1119.0
-1400.0
586.0
59.0
1523.0
-249.0
1112.0
-448.0
-1248.0
1765.0
-165.0
-1058.0
2174.0
-2635.0
-2047.0
-1361.0
2355.0
-1069.0
-1386.0
-494.0
-974.0
576.0
-1314.0
-1604.0
-2401.0
-586.0
367.0
-568.0
388.0
1875.0
-347.0
-28.0
893.0
2098.0
616.0
90.0
-3270.0
1077.0
2223.0
-28.0
797.0
339.0
1610.0
643.0
604.0
1678.0
611.0
373.0
992.0
209.0
891.0
-1598.0
-176.0
355.0
846.0
2137.0
1890.0
-201.0
623.0
1012.0
894.0
947.0
340.0
498.0
284.0
1081.0
1510.0
668.0
792.0
1039.0
1000.0
792.0
559.0
-54.0
990.0
1884.0
779.0
-548.0
1902.0
2215.0
1697.0
804.0
971.0
1019.0
1016.0
684.0
290.0
1779.0
928.0
547.0
541.0
449.0
1019.0
810.0
436.0
1772.0
351.0
596.0
920.0
-243.0
904.0
130.0
971.0
709.0
540.0
1109.0
2037.0
544.0
672.0
995.0
1263.0
676.0
1106.0
412.0
1297.0
2168.0
742.0
834.0
599.0
1085.0
782.0
482.0
705.0
-611.0
875.0
1070.0
976.0
288.0
941.0
2010.0
896.0
865.0
1055.0
2121.0
679.0
731.0
263.0
1017.0
1527.0
599.0
641.0
107.0
1625.0
1796.0
301.0
470.0
649.0
447.0
989.0
25.0
843.0
-806.0
485.0
830.0
2112.0
2084.0
1033.0
573.0
518.0
1549.0
2093.0
1049.0
2267.0
577.0
830.0
1581.0
1070.0
705.0
768.0
985.0
394.0
1332.0
839.0
377.0
931.0
1012.0
795.0
-83.0
2075.0
2172.0
1020.0
598.0
1901.0
998.0
2185.0
532.0
-681.0
1256.0
2157.0
-374.0
-96.0
-30.0
2084.0
1990.0
319.0
1044.0
591.0
-1571.0
449.0
238.0
305.0
-1649.0
8.0
1371.0
208.0
2057.0
994.0
-2237.0
-1400.0
361.0
-1143.0
-1647.0
1564.0
-1482.0
-1509.0
-1553.0
-286.0
-954.0
-3266.0
-568.0
-2496.0
957.0
422.0
-1069.0
708.0
-405.0
747.0
-1114.0
270.0
1013.0
326.0
503.0
818.0
1110.0
436.0
-217.0
-359.0
1950.0
1017.0
78.0
166.0
426.0
894.0
606.0
219.0
846.0
593.0
580.0
976.0
291.0
729.0
110.0
434.0
582.0
824.0
915.0
857.0
651.0
719.0
1890.0
1022.0
1029.0
2376.0
689.0
877.0
1042.0
1892.0
813.0
778.0
1067.0
481.0
473.0
813.0
301.0
995.0
892.0
874.0
210.0
1050.0
1020.0
838.0
606.0
1022.0
956.0
1069.0
587.0
-104.0
865.0
911.0
366.0
408.0
361.0
2112.0
1020.0
1363.0
776.0
620.0
532.0
585.0
432.0
585.0
-180.0
824.0
307.0
699.0
1217.0
1081.0
473.0
520.0
944.0
1045.0
861.0
991.0
623.0
798.0
1053.0
891.0
768.0
517.0
2143.0
889.0
465.0
1417.0
-351.0
1016.0
1034.0
852.0
-466.0
833.0
1001.0
983.0
634.0
928.0
954.0
2289.0
647.0
-402.0
666.0
2248.0
98.0
245.0
282.0
482.0
760.0
481.0
1660.0
581.0
819.0
951.0
200.0
145.0
135.0
430.0
763.0
825.0
1878.0
1956.0
652.0
787.0
786.0
538.0
-734.0
1734.0
726.0
1481.0
511.0
-1164.0
1740.0
-48.0
-279.0
1419.0
336.0
1155.0
114.0
989.0
-422.0
-27.0
294.0
-134.0
866.0
-1.0
687.0
1135.0
823.0
2081.0
1837.0
33.0
2056.0
359.0
459.0
624.0
898.0
1837.0
1010.0
-211.0
742.0
616.0
569.0
1314.0
485.0
712.0
474.0
-659.0
886.0
18.0
1006.0
986.0
1942.0
892.0
845.0
718.0
2020.0
1495.0
636.0
977.0
2206.0
2328.0
1195.0
747.0
324.0
928.0
877.0
373.0
449.0
863.0
1840.0
842.0
184.0
1195.0
769.0
969.0
673.0
1003.0
469.0
2001.0
515.0
50.0
2074.0
1050.0
644.0
281.0
371.0
794.0
905.0
705.0
445.0
712.0
613.0
1334.0
-27.0
793.0
-264.0
-91.0
863.0
710.0
896.0
957.0
273.0
735.0
1320.0
2024.0
1044.0
2326.0
1128.0
673.0
1028.0
2184.0
516.0
494.0
675.0
552.0
362.0
533.0
-140.0
701.0
976.0
637.0
126.0
603.0
610.0
993.0
647.0
1671.0
764.0
1991.0
574.0
879.0
1944.0
2118.0
437.0
534.0
428.0
2141.0
625.0
261.0
810.0
389.0
-1340.0
1370.0
513.0
723.0
-503.0
-751.0
778.0
298.0
972.0
1844.0
443.0
1272.0
1552.0
1020.0
2063.0
2140.0
-95.0
1186.0
899.0
2170.0
326.0
676.0
1543.0
47.0
-261.0
133.0
-827.0
525.0
2179.0
945.0
678.0
1301.0
2047.0
413.0
702.0
1508.0
2100.0
2029.0
427.0
287.0
2355.0
2051.0
966.0
93.0
375.0
94.0
1169.0
220.0
825.0
-10.0
1060.0
1795.0
410.0
699.0
523.0
-540.0
525.0
1189.0
2204.0
2114.0
858.0
-49.0
2101.0
1015.0
2035.0
2173.0
791.0
207.0
841.0
1942.0
-328.0
496.0
2170.0
574.0
182.0
695.0
550.0
740.0
2077.0
2083.0
281.0
858.0
2021.0
280.0
639.0
2170.0
1989.0
1979.0
695.0
-348.0
1649.0
2144.0
369.0
726.0
500.0
1987.0
629.0
646.0
735.0
678.0
554.0
1154.0
599.0
1024.0
468.0
520.0
812.0
882.0
1077.0
981.0
621.0
1220.0
854.0
1184.0
910.0
2229.0
416.0
455.0
1097.0
1956.0
725.0
949.0
1061.0
556.0
503.0
824.0
55.0
1008.0
1526.0
1288.0
250.0
1110.0
1676.0
1108.0
887.0
1356.0
1085.0
1693.0
561.0
634.0
1093.0
1003.0
506.0
375.0
426.0
870.0
75.0
18.0
530.0
-73.0
1118.0
1654.0
-553.0
-39.0
224.0
-244.0
1068.0
1207.0
1815.0
2080.0
1147.0
-1323.0
1254.0
1195.0
-499.0
1582.0
944.0
-2248.0
-1364.0
2075.0
1301.0
1405.0
-1330.0
1523.0
337.0
-2236.0
-448.0
8.0
1624.0
115.0
890.0
1452.0
1650.0
-394.0
-2209.0
-444.0
1473.0
1601.0
-839.0
844.0
2102.0
962.0
1187.0
-21.0
415.0
186.0
1078.0
-505.0
782.0
-253.0
945.0
1320.0
-546.0
1635.0
-2084.0
-1296.0
80.0
1679.0
1543.0
1387.0
-488.0
-359.0
1549.0
1149.0
-737.0
2335.0
1322.0
1408.0
1566.0
1008.0
36.0
1330.0
453.0
1051.0
409.0
1076.0
-337.0
581.0
1095.0
365.0
484.0
1611.0
1717.0
594.0
276.0
444.0
901.0
942.0
1109.0
687.0
1836.0
2216.0
1038.0
873.0
-252.0
430.0
1429.0
-756.0
1902.0
-103.0
-95.0
1655.0
-381.0
324.0
-1360.0
55.0
1175.0
1308.0
1436.0
112.0
302.0
115.0
1953.0
1266.0
1579.0
-655.0
879.0
802.0
-379.0
2383.0
589.0
1239.0
794.0
2078.0
710.0
768.0
-30.0
1356.0
1623.0
1285.0
-538.0
701.0
2075.0
542.0
497.0
1506.0
1116.0
2269.0
361.0
1309.0
2018.0
2313.0
371.0
845.0
-196.0
567.0
1718.0
1019.0
-264.0
96.0
-766.0
1634.0
341.0
1943.0
-715.0
553.0
1078.0
657.0
1060.0
2076.0
1436.0
54.0
2015.0
1552.0
1217.0
2222.0
442.0
448.0
715.0
839.0
643.0
1230.0
1330.0
739.0
577.0
-319.0
457.0
817.0
2158.0
1300.0
-497.0
585.0
63.0
755.0
943.0
1068.0
1341.0
-1175.0
-491.0
-67.0
1949.0
1282.0
886.0
1006.0
219.0
560.0
303.0
-1586.0
-126.0
-1028.0
-66.0
1077.0
577.0
1134.0
89.0
450.0
749.0
757.0
1217.0
853.0
807.0
442.0
1021.0
1180.0
-23.0
2319.0
125.0
1124.0
815.0
2179.0
1130.0
399.0
1062.0
1940.0
389.0
232.0
105.0
-9.0
409.0
930.0
149.0
884.0
1086.0
780.0
725.0
851.0
1034.0
1262.0
409.0
643.0
1481.0
1086.0
304.0
706.0
566.0
1036.0
735.0
469.0
896.0
580.0
584.0
1194.0
288.0
1183.0
396.0
116.0
446.0
322.0
1053.0
993.0
607.0
1041.0
687.0
1292.0
439.0
1331.0
516.0
467.0
661.0
1944.0
502.0
1691.0
1009.0
1818.0
558.0
1210.0
414.0
952.0
611.0
1062.0
231.0
1405.0
2112.0
948.0
768.0
838.0
942.0
941.0
-108.0
414.0
2275.0
1648.0
314.0
1066.0
-694.0
426.0
121.0
-894.0
1274.0
-1766.0
-212.0
1716.0
-1821.0
-399.0
-3629.0
-696.0
849.0
831.0
1139.0
-971.0
1296.0
1062.0
2077.0
818.0
750.0
2401.0
-831.0
610.0
264.0
-10.0
1357.0
1015.0
944.0
793.0
653.0
1388.0
74.0
909.0
550.0
958.0
914.0
885.0
781.0
485.0
1124.0
888.0
1361.0
1080.0
648.0
559.0
943.0
1578.0
517.0
723.0
482.0
819.0
1308.0
979.0
1264.0
295.0
1262.0
1384.0
255.0
675.0
-1226.0
30.0
490.0
835.0
1101.0
890.0
611.0
1054.0
693.0
1182.0
1887.0
1795.0
562.0
674.0
1211.0
2164.0
573.0
1127.0
470.0
-1067.0
-741.0
779.0
135.0
841.0
1448.0
1360.0
572.0
1290.0
721.0
615.0
1331.0
1394.0
1086.0
446.0
478.0
1187.0
2104.0
799.0
996.0
691.0
-202.0
706.0
-395.0
489.0
774.0
304.0
1100.0
1744.0
-109.0
1438.0
-103.0
8.0
682.0
987.0
1200.0
1156.0
1271.0
714.0
521.0
789.0
1263.0
468.0
634.0
619.0
2194.0
1736.0
335.0
734.0
2219.0
679.0
-210.0
693.0
212.0
812.0
838.0
1133.0
-91.0
703.0
997.0
230.0
916.0
1332.0
1113.0
992.0
742.0
695.0
1954.0
2080.0
-1191.0
1176.0
295.0
1985.0
860.0
737.0
1387.0
772.0
202.0
1429.0
-862.0
529.0
-524.0
-575.0
483.0
508.0
1161.0
1006.0
433.0
847.0
521.0
865.0
991.0
956.0
220.0
739.0
1114.0
1075.0
718.0
887.0
1010.0
774.0
867.0
644.0
172.0
745.0
981.0
854.0
-56.0
855.0
2319.0
788.0
819.0
1049.0
968.0
949.0
741.0
176.0
2024.0
2041.0
-211.0
365.0
-18.0
2067.0
791.0
423.0
790.0
367.0
229.0
1149.0
558.0
765.0
461.0
749.0
632.0
918.0
859.0
873.0
712.0
826.0
1929.0
1206.0
726.0
1937.0
518.0
833.0
1026.0
2313.0
848.0
895.0
972.0
718.0
714.0
776.0
255.0
989.0
2082.0
904.0
-122.0
1649.0
2049.0
1273.0
733.0
1367.0
1031.0
2302.0
799.0
736.0
1563.0
1920.0
475.0
814.0
893.0
1131.0
801.0
1067.0
2064.0
598.0
800.0
1693.0
600.0
1090.0
-61.0
145.0
733.0
491.0
1192.0
1630.0
95.0
-239.0
2049.0
1017.0
316.0
2344.0
372.0
695.0
434.0
35.0
1048.0
740.0
469.0
759.0
827.0
786.0
585.0
1073.0
1114.0
686.0
664.0
1283.0
2059.0
984.0
679.0
780.0
1062.0
2266.0
382.0
604.0
1941.0
1042.0
822.0
202.0
632.0
364.0
2023.0
592.0
88.0
441.0
109.0
1652.0
418.0
307.0
-168.0
64.0
1018.0
594.0
1059.0
1022.0
887.0
709.0
2061.0
964.0
1092.0
1112.0
568.0
750.0
1338.0
1725.0
1861.0
804.0
966.0
720.0
564.0
883.0
315.0
920.0
2124.0
817.0
-702.0
2084.0
2150.0
737.0
826.0
1072.0
923.0
1091.0
554.0
119.0
1010.0
2248.0
338.0
-389.0
257.0
1009.0
924.0
361.0
583.0
478.0
345.0
1194.0
255.0
1229.0
12.0
-350.0
805.0
268.0
659.0
982.0
268.0
561.0
672.0
794.0
1238.0
1150.0
41.0
514.0
1407.0
1624.0
975.0
977.0
881.0
1391.0
776.0
1222.0
590.0
927.0
956.0
962.0
297.0
1974.0
1109.0
1009.0
439.0
1029.0
1380.0
2179.0
843.0
423.0
1094.0
1548.0
612.0
461.0
271.0
857.0
955.0
358.0
212.0
475.0
554.0
1394.0
531.0
795.0
0.0
1071.0
837.0
822.0
1283.0
904.0
706.0
548.0
927.0
927.0
1236.0
1246.0
668.0
1587.0
1083.0
2398.0
1984.0
567.0
1086.0
1272.0
736.0
776.0
161.0
1326.0
1111.0
837.0
1201.0
731.0
1080.0
835.0
923.0
1097.0
1022.0
1194.0
1170.0
56.0
2021.0
2011.0
649.0
693.0
213.0
756.0
853.0
482.0
1287.0
703.0
809.0
1379.0
-380.0
-555.0
234.0
-201.0
1845.0
741.0
728.0
797.0
178.0
1480.0
770.0
783.0
1423.0
489.0
336.0
-833.0
2117.0
2339.0
758.0
675.0
199.0
2001.0
436.0
674.0
-211.0
-63.0
1507.0
342.0
-265.0
2010.0
2117.0
1473.0
325.0
-779.0
-858.0
2216.0
-113.0
-492.0
2129.0
-429.0
-1200.0
718.0
-253.0
2117.0
89.0
1097.0
1935.0
-133.0
-1477.0
1974.0
-125.0
1895.0
-4039.0
-288.0
441.0
1181.0
1499.0
1483.0
664.0
-625.0
1954.0
-246.0
817.0
2177.0
1145.0
74.0
1474.0
2147.0
-410.0
1413.0
-1433.0
1809.0
-360.0
-1301.0
509.0
-1342.0
-766.0
1024.0
1162.0
762.0
1872.0
1541.0
966.0
797.0
1263.0
1496.0
-2187.0
-2901.0
-3602.0
2324.0
-5316.0
1270.0
-2146.0
1657.0
-3281.0
637.0
1384.0
-1850.0
922.0
1736.0
345.0
1212.0
-9.0
-232.0
266.0
249.0
2093.0
878.0
1655.0
1505.0
177.0
1664.0
2252.0
2328.0
1259.0
1404.0
1431.0
652.0
1310.0
1892.0
-1076.0
1543.0
-550.0
22.0
-1311.0
-1553.0
2189.0
164.0
-11.0
470.0
814.0
363.0
517.0
632.0
1136.0
-794.0
228.0
483.0
697.0
2150.0
471.0
-1226.0
304.0
-77.0
582.0
271.0
1109.0
-181.0
499.0
332.0
-13.0
704.0
-45.0
-73.0
536.0
887.0
1178.0
824.0
788.0
734.0
877.0
839.0
821.0
2080.0
522.0
1902.0
1011.0
2171.0
898.0
903.0
962.0
1055.0
-102.0
-583.0
-582.0
1236.0
419.0
441.0
-468.0
1484.0
940.0
983.0
672.0
947.0
883.0
730.0
208.0
294.0
2223.0
1997.0
1003.0
540.0
500.0
1247.0
834.0
675.0
533.0
737.0
-66.0
1383.0
548.0
-327.0
-562.0
346.0
734.0
956.0
921.0
518.0
1142.0
316.0
1893.0
1260.0
1996.0
2300.0
-27.0
710.0
2146.0
290.0
1910.0
1287.0
1429.0
1357.0
346.0
-1185.0
-234.0
395.0
1486.0
1561.0
-1895.0
1489.0
2143.0
-954.0
-1325.0
-340.0
89.0
2190.0
-57.0
-71.0
1957.0
2097.0
-138.0
-1071.0
-1050.0
2070.0
236.0
397.0
1051.0
556.0
-568.0
469.0
207.0
592.0
-14.0
-819.0
744.0
728.0
1681.0
1607.0
-1027.0
685.0
549.0
1592.0
941.0
719.0
1090.0
622.0
836.0
1842.0
1994.0
2049.0
1389.0
11.0
-1772.0
366.0
-686.0
516.0
916.0
-22.0
-801.0
-587.0
-435.0
1018.0
816.0
562.0
1301.0
1399.0
637.0
938.0
1707.0
2334.0
636.0
660.0
540.0
2084.0
913.0
677.0
1190.0
611.0
690.0
1083.0
199.0
802.0
497.0
1830.0
649.0
933.0
2227.0
2140.0
651.0
1230.0
969.0
776.0
2179.0
1518.0
746.0
1040.0
2196.0
947.0
1840.0
1184.0
2150.0
941.0
82.0
1560.0
323.0
1547.0
831.0
40.0
489.0
690.0
2051.0
637.0
1110.0
868.0
988.0
2078.0
1110.0
836.0
1746.0
1859.0
297.0
977.0
31.0
2031.0
1189.0
286.0
1704.0
1870.0
847.0
968.0
842.0
905.0
280.0
-78.0
1115.0
1289.0
2148.0
991.0
1349.0
1273.0
806.0
1483.0
398.0
1861.0
131.0
1932.0
64.0
940.0
1969.0
1211.0
1141.0
1613.0
396.0
1383.0
297.0
1336.0
1524.0
827.0
314.0
1396.0
800.0
788.0
1273.0
967.0
1415.0
995.0
608.0
572.0
2103.0
1015.0
666.0
50.0
426.0
1482.0
1430.0
348.0
707.0
450.0
1318.0
1324.0
127.0
-1278.0
-244.0
-135.0
1241.0
1212.0
2233.0
2108.0
1040.0
521.0
1503.0
1336.0
206.0
1933.0
1328.0
827.0
1595.0
2012.0
436.0
678.0
125.0
661.0
-3021.0
23.0
490.0
960.0
1131.0
276.0
-117.0
932.0
-422.0
1298.0
1503.0
1582.0
1119.0
-528.0
-1394.0
192.0
2292.0
1153.0
494.0
642.0
-1261.0
1007.0
729.0
659.0
535.0
-69.0
411.0
1013.0
513.0
900.0
-155.0
818.0
929.0
792.0
928.0
889.0
452.0
672.0
729.0
447.0
935.0
1170.0
925.0
570.0
813.0
2138.0
1976.0
1086.0
912.0
954.0
834.0
765.0
9.0
1164.0
712.0
848.0
-119.0
2052.0
1612.0
1108.0
824.0
996.0
2269.0
913.0
474.0
739.0
1108.0
1037.0
500.0
596.0
-281.0
1293.0
906.0
457.0
1035.0
716.0
787.0
942.0
483.0
763.0
-866.0
-2797.0
740.0
965.0
107.0
1046.0
776.0
116.0
1994.0
784.0
1040.0
2169.0
136.0
860.0
1104.0
1329.0
1019.0
923.0
1001.0
893.0
670.0
639.0
-298.0
1304.0
878.0
865.0
100.0
2049.0
891.0
1763.0
768.0
1992.0
1015.0
1044.0
601.0
671.0
1531.0
2088.0
622.0
699.0
575.0
2033.0
767.0
1118.0
1832.0
476.0
695.0
992.0
500.0
951.0
116.0
152.0
861.0
890.0
2121.0
961.0
808.0
779.0
1344.0
1006.0
993.0
1093.0
787.0
825.0
2340.0
1880.0
823.0
551.0
2323.0
808.0
504.0
1156.0
46.0
1188.0
1042.0
2048.0
186.0
904.0
972.0
673.0
876.0
929.0
2227.0
1043.0
556.0
-122.0
934.0
1290.0
672.0
647.0
-51.0
1345.0
911.0
1968.0
1313.0
105.0
1342.0
1428.0
-360.0
166.0
179.0
815.0
1098.0
1373.0
2270.0
1036.0
861.0
-401.0
914.0
1533.0
838.0
2169.0
1194.0
743.0
1541.0
1966.0
1432.0
468.0
1437.0
688.0
1102.0
725.0
498.0
1564.0
1357.0
1045.0
-37.0
2090.0
979.0
665.0
978.0
1426.0
1108.0
1409.0
604.0
-212.0
1741.0
466.0
1099.0
-133.0
215.0
1485.0
1076.0
396.0
22.0
-748.0
712.0
216.0
841.0
-63.0
-109.0
83.0
884.0
1161.0
997.0
855.0
1068.0
1357.0
780.0
712.0
156.0
2049.0
1135.0
574.0
1542.0
853.0
1829.0
1422.0
834.0
460.0
686.0
107.0
30.0
-371.0
393.0
1745.0
48.0
921.0
1978.0
-848.0
1147.0
689.0
557.0
759.0
-867.0
1364.0
645.0
1500.0
264.0
1130.0
-82.0
-67.0
1417.0
1102.0
1956.0
66.0
1178.0
565.0
-249.0
-959.0
-587.0
172.0
558.0
1208.0
1354.0
1273.0
1320.0
629.0
1341.0
940.0
921.0
1433.0
1288.0
821.0
1560.0
731.0
485.0
1312.0
1407.0
662.0
26.0
661.0
1016.0
691.0
-271.0
1540.0
-527.0
1321.0
599.0
-200.0
1832.0
592.0
1356.0
1417.0
182.0
-483.0
2021.0
1319.0
589.0
784.0
201.0
561.0
1357.0
681.0
79.0
23.0
-66.0
1765.0
95.0
1364.0
-641.0
-106.0
1483.0
145.0
1614.0
1475.0
311.0
687.0
1045.0
1761.0
301.0
1712.0
418.0
1203.0
-1837.0
2189.0
244.0
568.0
1630.0
680.0
-23.0
-174.0
1058.0
252.0
1815.0
1527.0
-576.0
256.0
1010.0
424.0
577.0
1942.0
719.0
460.0
-1104.0
-1290.0
335.0
1778.0
-873.0
-1398.0
-697.0
400.0
176.0
1059.0
-136.0
-893.0
95.0
710.0
-78.0
641.0
-603.0
-530.0
1400.0
1357.0
2142.0
2159.0
455.0
-220.0
262.0
1627.0
1672.0
1525.0
1192.0
639.0
1948.0
2093.0
1822.0
1311.0
911.0
769.0
-1365.0
231.0
-1111.0
640.0
504.0
1586.0
-346.0
2215.0
2078.0
1791.0
772.0
1932.0
1235.0
2082.0
376.0
1110.0
2124.0
2133.0
572.0
1507.0
7.0
-332.0
764.0
331.0
474.0
-179.0
1367.0
2005.0
-1490.0
1427.0
-299.0
793.0
1623.0
1351.0
1682.0
1597.0
101.0
-815.0
2044.0
1447.0
1565.0
1466.0
1374.0
806.0
2245.0
2220.0
1334.0
1391.0
1518.0
1427.0
326.0
-155.0
38.0
754.0
2018.0
1322.0
-268.0
1812.0
617.0
2052.0
1563.0
403.0
294.0
1391.0
406.0
1379.0
2053.0
2066.0
1598.0
1234.0
634.0
521.0
1429.0
767.0
759.0
357.0
698.0
2024.0
-339.0
1672.0
-135.0
398.0
926.0
1489.0
1978.0
844.0
24.0
398.0
1044.0
1672.0
949.0
1241.0
1419.0
568.0
534.0
1999.0
368.0
1988.0
1040.0
852.0
479.0
716.0
405.0
589.0
539.0
1456.0
189.0
668.0
486.0
972.0
1656.0
2250.0
1591.0
1832.0
538.0
1053.0
2112.0
2068.0
1249.0
1228.0
-1248.0
-492.0
1512.0
135.0
1272.0
-218.0
906.0
1742.0
344.0
-826.0
-1373.0
138.0
648.0
1628.0
2045.0
1471.0
480.0
498.0
2028.0
1233.0
1847.0
2176.0
1419.0
1323.0
1759.0
2050.0
510.0
588.0
1761.0
964.0
682.0
322.0
214.0
616.0
309.0
1691.0
-598.0
1605.0
1523.0
1613.0
1859.0
436.0
1829.0
1658.0
381.0
525.0
970.0
1781.0
1228.0
1657.0
-101.0
344.0
1746.0
-156.0
1473.0
56.0
391.0
1517.0
165.0
1544.0
-1049.0
-28.0
-1120.0
-2268.0
1865.0
-52.0
-74.0
1735.0
1840.0
1198.0
633.0
2417.0
478.0
1449.0
301.0
1717.0
971.0
1762.0
1116.0
218.0
-143.0
769.0
681.0
1238.0
1338.0
2031.0
45.0
2055.0
397.0
1215.0
1250.0
970.0
1064.0
1341.0
546.0
-898.0
837.0
1778.0
728.0
1026.0
-527.0
2044.0
1237.0
624.0
1390.0
359.0
357.0
1807.0
-116.0
1190.0
-288.0
-340.0
841.0
1111.0
794.0
1585.0
1431.0
492.0
2015.0
1327.0
1497.0
2043.0
1013.0
980.0
2119.0
2133.0
315.0
1567.0
1558.0
285.0
102.0
188.0
-23.0
547.0
1691.0
584.0
-492.0
2080.0
538.0
858.0
1939.0
787.0
1730.0
1224.0
536.0
349.0
836.0
1694.0
-526.0
882.0
-472.0
568.0
550.0
-932.0
52.0
-974.0
252.0
1998.0
-184.0
1563.0
-1205.0
665.0
438.0
910.0
669.0
1197.0
890.0
768.0
1682.0
1202.0
402.0
2212.0
722.0
471.0
1079.0
2025.0
971.0
999.0
873.0
2015.0
495.0
1437.0
123.0
1638.0
987.0
1270.0
-3.0
1272.0
1044.0
1054.0
962.0
904.0
2198.0
1807.0
599.0
-229.0
2015.0
2245.0
241.0
1190.0
340.0
1515.0
846.0
919.0
870.0
541.0
229.0
1887.0
292.0
1226.0
201.0
418.0
703.0
1458.0
428.0
580.0
586.0
1671.0
1409.0
836.0
1507.0
2332.0
1271.0
656.0
1675.0
2007.0
936.0
757.0
812.0
1496.0
717.0
786.0
-364.0
751.0
1580.0
1278.0
199.0
1407.0
1612.0
833.0
630.0
1435.0
720.0
1614.0
762.0
92.0
2091.0
1220.0
721.0
638.0
906.0
1485.0
1607.0
759.0
1205.0
562.0
487.0
1842.0
420.0
849.0
356.0
832.0
1110.0
729.0
1322.0
1059.0
1579.0
776.0
674.0
1048.0
181.0
666.0
-601.0
-528.0
1509.0
2216.0
1477.0
1588.0
-345.0
1791.0
-1173.0
-786.0
-473.0
-920.0
1711.0
1513.0
-140.0
1666.0
1817.0
294.0
1498.0
-93.0
70.0
31.0
-820.0
-1758.0
2060.0
-344.0
1264.0
-2361.0
-1940.0
-1876.0
498.0
-1024.0
-615.0
47.0
199.0
293.0
-1159.0
-635.0
-753.0
-66.0
-194.0
1324.0
1291.0
1450.0
1467.0
1736.0
703.0
1349.0
1720.0
1469.0
-794.0
874.0
1657.0
417.0
-351.0
1310.0
1913.0
-814.0
339.0
509.0
133.0
1532.0
698.0
1717.0
-710.0
276.0
1937.0
463.0
1822.0
524.0
1772.0
1937.0
-341.0
-4780.0
2363.0
2159.0
201.0
1296.0
-937.0
2026.0
-263.0
-717.0
-2467.0
-346.0
-227.0
1831.0
-2049.0
-326.0
-439.0
46.0
772.0
270.0
2301.0
1527.0
641.0
1491.0
2143.0
974.0
471.0
2172.0
1398.0
1355.0
2234.0
2177.0
441.0
1524.0
431.0
1032.0
654.0
-459.0
200.0
341.0
-605.0
1326.0
-630.0
-379.0
1443.0
-334.0
150.0
2218.0
133.0
1714.0
428.0
-535.0
1979.0
309.0
-81.0
-826.0
-443.0
2045.0
1534.0
290.0
416.0
-56.0
666.0
2046.0
-994.0
244.0
-372.0
291.0
1093.0
457.0
784.0
1826.0
804.0
-323.0
485.0
333.0
1911.0
1754.0
1274.0
-181.0
1996.0
2197.0
641.0
1924.0
1790.0
884.0
54.0
-16.0
409.0
790.0
58.0
1525.0
11.0
1638.0
904.0
836.0
1380.0
687.0
1804.0
1103.0
556.0
190.0
2135.0
1074.0
550.0
1557.0
137.0
1938.0
1550.0
258.0
793.0
17.0
1405.0
1628.0
184.0
1198.0
-426.0
-572.0
1371.0
1610.0
1739.0
1726.0
1209.0
1262.0
704.0
817.0
512.0
1404.0
615.0
511.0
442.0
660.0
686.0
1441.0
1386.0
1496.0
651.0
718.0
-252.0
840.0
1799.0
1394.0
-109.0
1987.0
944.0
1079.0
1261.0
1605.0
989.0
1361.0
715.0
901.0
2359.0
1020.0
463.0
459.0
350.0
939.0
643.0
470.0
884.0
727.0
394.0
976.0
36.0
422.0
-552.0
296.0
804.0
1021.0
1691.0
1963.0
942.0
131.0
1297.0
1247.0
244.0
1588.0
964.0
630.0
886.0
292.0
1919.0
1764.0
1546.0
636.0
