-2712
2152
-6679
-1379
146
-2119
-11185
-4339
-2959
-739
-6819
2379
2056
2009
-209
-7504
4741
-1108
-2745
-8486
-1633
2572
-4945
5999
2413
-519
-8547
-3105
3580
1670
-4449
-1453
4051
-662
-1308
-4935
5083
661
-4535
-7258
1244
37
-6562
4246
-534
-2148
-10951
1130
2658
4669
-9576
655
645
1165
-429
-8272
5353
4943
-6863
-7162
-4352
-873
-5189
7450
1483
1166
-5310
-3335
2353
-2367
-3314
1597
442
-55
1072
-3881
2161
2305
-2614
-6899
-4300
2289
-2183
2621
7107
-3212
-10687
1956
1956
2107
-6417
5616
-2431
1059
-244
-11417
6305
3032
-1448
-3738
5079
4027
-5446
4694
4872
9
-3037
1819
6068
432
-776
2667
973
-4335
-2758
-6486
107
1016
-4289
146
-1430
-44
-3224
4415
2243
2587
-8274
-1763
4791
3207
-4503
4803
-1367
6452
532
-5202
2514
-199
-767
-4710
1491
4500
-6289
6935
5225
963
-2147
3422
6328
5192
-2811
4564
4511
2835
3018
-6402
3636
7159
-4653
-5941
-28
2068
-5174
5747
2665
3165
-6047
-1236
264
3972
-4197
6453
1247
4963
6763
-4446
1606
7025
2614
-4663
1329
3243
-3957
5857
8120
391
-5474
-525
2332
8258
-6649
753
5993
2108
4169
-3901
6897
3622
275
-8136
259
2734
-2631
2713
9393
3416
-4892
1045
4006
5131
-2392
5054
4005
5620
3578
154
5881
2645
127
-4167
-2124
7920
-1739
6439
-3342
4308
-7331
1749
7737
4170
-4167
5584
2011
3551
6286
-8472
6274
5688
2734
-2668
-65
4124
-483
5188
5626
4079
-2824
3335
5960
6446
1334
4963
2878
6074
2613
-5719
4044
4388
-1269
-2742
1201
1215
-5362
3116
6468
3715
1376
734
6757
8762
4868
8440
4766
2971
1253
-2371
3250
6141
-4598
679
1655
7581
-3308
6773
3763
1509
-1777
2895
2080
3515
1423
6991
4990
6921
843
-4573
10235
8751
-3918
-5096
4712
3609
-2150
2903
7771
-830
-2072
2538
4118
4558
-1684
9075
6623
5873
5687
-4725
4163
7023
226
-1962
3675
3915
-3759
6809
6536
5589
-3802
2609
5375
6729
-968
7986
7596
5764
3312
775
7055
8993
3017
1411
5000
6412
-7448
2097
7347
5810
412
1349
5131
5623
1398
7701
10043
5269
4984
-5304
8305
6390
1583
-972
4708
7267
-5055
4834
6122
6304
-408
5369
6668
7048
2680
9292
3407
4129
4354
2980
9638
8064
-1385
884
2714
6890
-1593
5924
10134
8258
1836
6171
8464
5805
3989
7987
6533
6889
6760
-6053
8800
9489
4852
-374
4342
9531
96
6133
8670
4778
-743
4490
7877
7815
2650
7290
4992
8228
6535
-7689
10034
6705
1402
794
3137
3193
-994
8075
10942
2279
-4078
6764
8527
8398
1934
10563
7644
6806
5141
494
8499
11035
3871
-782
5072
10188
-5838
8162
6263
9173
3532
4861
7458
9140
-200
8953
7507
7364
6958
-4239
10268
11233
2027
1337
2783
7005
-2579
8121
8612
7892
-1198
6682
10611
10353
5165
10676
9878
4467
5821
-4222
8497
10504
304
1080
3760
6900
2564
6179
8001
10117
3285
8266
11603
6338
3066
7096
7672
8491
6477
1197
8568
9084
6596
2904
2836
6762
-5811
9785
10307
10377
616
6530
8311
6703
3557
10853
8859
6578
9230
3315
9376
7953
1745
-55
6031
8324
-5223
2904
11215
4935
1722
6519
9472
10772
2605
7989
7476
6270
8810
-3346
10364
9079
2230
-2307
6475
7117
-3801
8586
6052
9395
4458
3790
6268
9192
-2343
12153
6253
8895
4813
3521
11975
8905
702
-90
7608
7954
-2606
11622
8649
9683
7592
4409
9340
8003
-1839
11484
8973
8255
9705
-749
9039
9547
7823
-2397
5326
7134
-418
10535
10007
7123
3747
7069
9780
9623
4996
10213
9937
7498
7597
-1903
11478
10179
3108
555
7376
10857
-2660
10873
9968
8407
3724
4052
10841
8976
4660
9191
11098
10453
7566
116
10577
10797
5176
99
4904
7169
-518
9366
9629
7798
2116
7298
11487
10439
5480
10370
10710
11172
4876
69
11125
11076
5630
3371
6763
7882
2977
11939
8860
10823
6725
8208
8818
11000
2392
10568
9839
7827
5926
2023
9173
11421
2838
3845
8810
8199
-2481
9293
9879
8737
5081
7618
10245
8148
5009
11069
6700
12138
6562
-712
10077
8529
5691
390
4637
4823
-1494
8638
10611
10042
6072
7533
10699
9985
2777
10108
9372
7736
7796
333
8866
11446
7751
1794
7073
9849
627
9894
10652
8125
3023
7775
10578
8486
3461
11617
10542
10638
10451
3779
11036
10486
8256
4870
8080
10638
4640
9813
10707
8818
4514
8089
11039
9383
6807
11512
9797
9734
8994
1937
12004
10629
6727
4023
7443
7437
2288
11014
9028
8607
5932
8920
9770
11331
7281
9958
9937
9628
7400
-5706
11082
9734
6124
877
8401
10878
662
9646
11520
9584
3402
8415
10829
12158
4949
10090
10015
9091
6488
3253
10723
11072
5396
2855
8820
9440
3248
9941
8731
7840
2649
9812
8308
10966
8750
9137
8797
9694
10856
117
11744
11062
5785
4420
7318
8366
2866
11945
8790
8999
1886
5722
10225
11185
6406
10809
10810
9876
11116
2854
11221
9845
8555
4563
4735
9300
2995
10461
10481
5260
3281
7477
9386
10907
6876
11093
10161
9592
8633
4502
11365
11415
8976
3497
8241
10421
3731
10336
9210
9720
5093
9292
10276
12022
2457
12067
10606
10546
8248
812
10454
11949
7535
6071
6481
9092
4577
9931
7660
11114
6327
9631
9117
12408
4064
10719
10844
11081
9185
931
11298
11935
7005
3252
7679
7081
1894
11186
9833
9208
7076
9646
11352
10425
5727
11986
11938
11515
7472
3402
11600
10673
8736
6281
6425
8378
5555
10115
12472
10609
5958
8132
11470
10615
4800
10840
11245
11270
9485
4218
9063
11281
6329
4373
8745
10681
1803
11456
11900
9654
3948
9753
11585
10409
8501
11888
9323
11274
7801
4129
10922
11415
9892
7510
9066
11090
7053
10935
11784
10748
2230
8648
11354
11983
3987
11252
11570
8559
10688
5728
10348
11339
7528
4520
5827
10754
978
11523
10989
11436
5686
9365
11379
11779
5960
11737
10179
11341
10518
7620
12614
11645
8815
5499
9051
9166
5097
10170
11372
7463
4670
10350
12791
11641
5106
10682
11715
11575
11553
5435
10675
11442
9664
1779
9725
11472
7074
11638
10687
8896
5293
10725
10597
12051
4439
11453
10527
9262
9968
3583
11620
12255
4878
6045
9362
6384
4630
11433
11392
11249
4161
6529
10304
12078
5516
11538
10044
10717
9074
5935
12119
10738
7744
2882
8722
6333
6028
9722
9399
8241
8769
8903
11622
11409
2525
10239
10622
8420
9529
2184
11794
12091
6255
4857
8116
11002
2871
10000
10951
11306
8019
9238
10142
12033
3894
11573
11325
10772
7996
5026
11645
10710
6900
3017
8207
6333
-3928
11283
10310
9909
5734
10651
12358
10486
6445
10894
10957
10500
11032
6086
12088
11302
8161
5784
7229
10890
3744
11880
11192
6053
6013
9502
11249
11853
3231
11151
11488
11735
11075
6742
11823
11672
9468
4971
8269
10178
5509
10581
10050
11654
7565
9687
11357
12120
8910
11801
9201
11783
9491
2134
11208
11459
9150
5503
8812
10189
8346
10489
10873
10979
6628
11020
11171
11832
8521
11390
11506
11413
7932
5374
12035
11455
9115
5798
6095
6305
6224
7340
12063
10722
6625
11210
10960
10942
8438
10731
11968
11084
9651
7904
11419
10148
9532
8800
8061
11146
5198
10393
11692
11782
7326
10935
10602
8756
7058
11571
11225
10479
10455
7591
12441
11062
8602
8694
10306
9463
5124
11288
12362
11473
5920
10182
11186
12113
8217
11855
10472
12381
9160
2916
12553
11952
9031
6815
9963
8036
5938
12379
11957
10537
7743
9605
12658
11888
5070
9979
9105
11843
9467
3042
12542
11245
8473
5151
8634
8990
3907
12120
11829
11642
7670
10262
11860
11963
6751
12058
11652
11457
10418
5427
12949
12355
9117
5369
10706
11368
6200
12488
11347
10801
5610
12248
12197
11310
6891
12133
10239
12250
11593
6957
11720
12570
6567
6109
7890
11391
8135
11377
11984
10769
6058
9113
12569
11785
8877
10141
9023
11710
6595
9634
13125
12113
11037
4125
8681
11126
5215
12222
11766
10810
2658
8674
11207
11887
5507
12590
11330
11519
10930
5680
12399
11808
10529
8438
9322
10166
7573
10633
12201
11114
4206
10753
12149
12567
5711
12276
12081
11977
10885
9321
10338
12685
10493
8655
10234
11284
8064
11184
12066
10908
8022
9398
11769
11509
5632
10856
12315
11582
10156
6505
12220
11934
10043
9579
9737
12084
5471
11646
11465
11309
6581
10937
12523
12490
8776
11264
11391
10291
9689
8140
11191
11938
8232
6958
11419
11042
5667
12097
11139
10997
5648
11252
10567
12237
8628
12704
11604
12654
10134
8006
12267
10807
7113
7676
9489
11862
7017
12034
11797
9331
6059
11144
11712
11376
7903
12806
11650
11903
10706
8846
11343
12701
9274
8150
8839
11390
8103
11866
11493
11534
7736
11450
12568
11586
9689
11983
12220
11845
10953
8222
12876
12611
8768
7786
9787
11043
6020
11966
12006
10928
8381
12342
11712
11920
7661
12211
12474
12811
9660
8873
12362
12038
9898
8848
8110
11577
8827
12125
11379
9330
7108
9544
12657
11610
8559
10092
12204
12395
10112
8157
12277
11226
10807
7561
5633
11499
10258
12250
12344
11291
6473
10284
11847
10813
8694
12509
12105
11740
9497
8409
11949
11927
10219
5508
8894
10589
6932
11955
12059
11595
6020
11754
12725
11907
10219
12320
11972
11200
10865
8578
11548
12727
9973
7220
9403
10084
6674
12513
12011
11184
7792
11162
12572
12309
9745
12761
11812
11344
8775
9505
13178
12713
10747
9035
11233
7544
6625
12097
10225
11554
8559
11357
12510
11260
9939
11871
12722
10928
10591
9436
11981
12712
8093
8170
5765
10633
8251
12330
12145
10574
6289
11387
10753
12341
8031
11727
11424
12308
10468
9876
12843
12654
11242
9450
10297
11333
9512
12284
12033
12229
5669
11857
11397
10845
8955
12582
11702
11980
10781
10743
12350
12689
10777
8156
9584
11137
6322
12145
11455
11318
5890
11524
12933
11787
10538
12195
12862
12632
10397
7651
12477
12883
9812
7067
9368
10799
6142
11751
12322
11344
6695
11751
11570
12238
8119
12855
11329
11862
9648
7514
12848
11790
10179
6988
10171
11676
8989
11662
12231
11725
8374
10779
11469
12520
9124
12664
12502
11566
9604
7936
12751
13073
9430
9498
10647
9672
6977
10341
11579
11586
7615
11347
11417
11377
8542
12581
12516
12405
9655
5802
12989
13112
8350
9750
9730
9522
8483
12373
13132
11689
8043
12697
10974
12783
7718
13076
12554
12831
10226
6754
13139
12832
9827
7847
7969
11697
8824
11438
11484
12771
7782
11711
12587
10468
10524
12994
12128
12263
10984
6722
12390
11935
9818
8314
7545
11775
9766
10277
12577
11724
7952
10908
11646
12543
10402
12187
12260
12247
10061
10355
12753
12780
11385
9486
8431
10614
9369
11807
12890
11902
5677
12065
11958
11606
11099
11134
12503
12245
9463
6456
13070
12383
11138
8640
9227
10567
7608
11358
12579
11324
7823
11968
12621
11940
9209
12884
11450
12884
10668
8419
12893
13248
10769
8888
11309
11218
6045
11766
11898
11960
7106
11825
12553
12875
9587
13131
12345
11607
11683
9980
12943
11744
10770
8771
8403
10622
7779
12029
12826
11878
10006
9924
11154
11820
10367
12932
11800
12354
8572
9373
12847
13215
9218
8323
8536
11507
6413
11713
12374
12419
8909
11671
11929
12392
10765
11912
12568
12659
10920
8145
13079
13046
10070
9962
11004
11933
8320
12358
11543
12138
6739
12128
12120
12923
10976
12849
13072
11686
11599
10426
10648
12982
10433
9718
9402
11853
9423
11180
12198
12442
8496
12470
11698
11551
10839
12646
13094
12645
9176
9363
13184
12769
10455
9166
11312
10694
8486
11259
12709
12516
7419
11704
12374
11783
9646
12056
13385
12626
10777
10319
13398
12501
10660
8487
10036
11233
8044
11894
11926
11458
9656
12708
13034
12028
10668
12921
11485
13091
10119
9012
12071
12853
10666
7677
11743
11510
8506
12509
12006
12632
8581
12574
12135
13083
9827
12955
12595
12423
10299
9488
13125
13025
10364
9178
11896
11037
9466
12563
13050
12516
8875
12020
12070
12180
10033
12799
13180
12813
9547
8510
12775
12810
10511
9723
10016
10626
7046
11685
12193
12511
7115
11895
12782
11016
10957
12968
12177
11472
10983
10772
11685
13304
11767
8832
9591
11667
8866
11615
12761
12054
6915
12246
13027
12479
11491
13309
11472
12700
10272
10491
13234
12389
10496
8759
11720
10824
8073
11735
12046
12697
7494
10716
13366
12679
9004
12633
12802
12192
10453
9921
13291
12929
10769
8701
10451
12522
8132
12579
12187
12724
4890
12388
12818
12492
9841
12511
13048
13369
9653
11292
13216
12116
10207
9300
5616
11683
9571
11618
12638
12139
7249
11320
13031
10584
10466
11749
12673
12007
10316
8686
13356
12654
10327
8671
9794
8908
8184
11059
13214
11552
8857
11755
12751
11912
11022
12587
11457
11861
10803
10341
13142
12574
10872
9708
10817
12193
7881
12185
11795
12610
3750
12671
12648
12315
11005
11907
13107
12373
11128
9868
11552
13091
10838
10139
10055
11027
8711
11992
12770
11817
7650
11462
12780
12130
9112
12657
12004
12963
9703
9650
12518
11925
11750
10191
10703
11188
7659
11095
10746
11459
7474
12500
12762
13169
10244
12657
13173
12786
8099
9256
12787
12963
11118
9805
9792
10414
8151
12287
12485
12225
8749
12957
11777
12741
10238
12877
13206
11611
11221
10978
13000
12943
9949
10189
9743
10154
8725
12591
12806
12960
9538
12459
10769
11986
10637
12620
12871
12048
9986
10012
13088
13223
11258
9709
11185
11438
9122
11425
13095
12995
8186
12296
11686
12563
10082
11544
12062
12300
8674
8531
13120
12818
11181
8167
10416
11078
9438
12843
12310
12883
6440
12010
13095
12878
10036
12001
12611
12681
11307
11045
13115
12565
11697
8740
9911
10392
10040
12143
12222
11658
6083
11760
13509
13114
10064
12353
13233
12831
11719
10376
13381
12861
12001
9308
11404
12198
9862
12083
12750
11615
7295
11397
13296
12662
10851
12888
10943
12936
10771
10065
12376
12299
10984
9595
10498
11841
9190
12612
11969
11513
6955
13242
11266
11601
8705
13563
11934
13065
9887
9923
13369
11867
11134
9347
9466
11677
8825
13093
13029
12523
6451
11518
12569
12197
9944
12633
12982
12434
10177
10858
12714
12899
11498
9712
9169
12067
8921
12834
13115
12435
5164
12590
12234
12477
10628
12877
12919
12887
11534
10915
12922
12545
11605
10384
10091
12323
10754
12431
12004
12506
8536
12095
12665
13016
11469
12950
13150
12684
11295
10993
13043
12915
11338
9000
9851
11263
10263
12447
12452
12055
7921
12818
12436
12830
11302
11825
13141
12902
11063
7513
12980
12274
11140
9993
10667
11500
10175
12957
12970
12832
9177
11398
13015
12332
10469
12312
12998
12780
12200
11319
12974
11671
12088
9249
10238
11625
10127
12250
12984
11373
7492
11955
12699
12545
9344
12292
13146
12719
12164
11057
12911
13270
11866
11153
11798
12455
10801
12865
12259
12194
8552
12441
12466
12475
10155
13135
11668
12247
11284
11051
13379
12768
10929
8941
10870
12074
10050
11957
12361
13058
7133
12549
12543
11524
11071
12584
12968
12805
10462
11484
13145
13203
10775
11254
11494
11888
8633
12605
12466
10659
9238
12320
12997
12371
10491
12678
12224
13269
11111
10897
12917
12846
10289
7882
12343
12213
8937
12725
12596
12483
7706
11904
12918
12328
10410
13367
12621
13139
11674
9022
13352
13128
11539
10827
8176
12366
10751
12091
13285
12965
8179
12323
12727
11963
10608
12123
13331
12590
11694
9893
13406
12272
10106
10427
11165
12641
10411
11710
12228
12837
9103
12987
13709
13293
11081
13070
13161
13384
11573
10606
13699
13273
10429
9909
11830
11676
9547
12203
13171
13249
6596
12577
12345
11977
11034
13305
12676
11974
12368
10981
12837
13901
11236
9552
9758
11808
10314
12522
12976
12632
9564
12551
12431
13188
11968
12940
13154
12810
11780
10613
13378
13371
12328
8968
9677
12415
10069
13150
13154
12931
8461
13183
12935
13230
10203
13293
12794
13219
11698
9782
13310
13027
12070
9862
10247
10929
7950
12163
13280
12238
9200
11938
12729
12435
11160
13171
12957
12209
10377
11160
13000
13295
10965
10154
11064
12493
10407
12564
12985
12889
8624
12210
12926
13260
10240
13680
12483
13285
11305
8794
13285
12914
12346
10335
10970
11432
10820
13245
12748
12660
6984
12752
12842
13084
11584
12793
13298
12685
10593
11292
12675
13155
11316
10301
9934
11399
10456
12425
12752
12631
8328
12520
12032
13301
11506
13662
13053
12898
11257
10262
13066
12808
11907
9930
11958
12466
9353
12874
12904
12029
9254
12375
12871
13563
11767
13033
12063
12561
11285
11472
12958
12931
12297
10728
12153
11311
10006
13051
13463
11310
7717
12705
13060
12727
11411
13391
13274
12910
11689
10755
13292
12722
11602
10309
10544
11945
10817
13039
13248
13398
9172
12465
13152
13473
10382
12584
13048
13483
11148
10472
13566
12827
12633
9887
12155
11989
10204
12600
13546
12961
8517
12506
13009
13049
9895
13493
12406
12913
11135
10966
13694
13310
11779
10229
11256
12069
10229
12706
13430
12891
7521
12516
12987
13281
11140
13620
13416
13596
11366
10072
13445
13127
12810
10090
10138
11432
10649
12176
12898
12733
4386
12839
13034
13221
11411
13425
13115
13162
12287
10747
12112
13463
11986
10459
11462
12449
10167
12815
12765
12924
9506
11894
13372
12666
9439
12980
12452
12076
11263
9771
13795
13245
11089
10565
11098
11004
10211
12175
13417
12937
6868
12335
12785
13065
10268
13166
13073
13462
10661
10178
13203
13012
10314
10224
10857
12575
8806
13097
12536
12697
7893
11835
13183
13354
11008
12859
11605
12977
12222
8624
13410
13684
10798
10184
11143
11744
9984
12431
13490
13173
7899
11781
13126
12102
9786
13175
13135
12224
11017
11322
13688
13139
11770
10358
11210
12619
10008
11855
13288
12447
7534
13008
13564
12078
11448
13357
12973
13468
11825
10373
13207
13140
12117
11102
10456
11823
9693
12905
13376
12197
8865
12815
12308
12213
12267
12899
12911
12928
11303
11381
13553
13338
12466
11053
9389
12802
10118
12477
13606
13111
9639
12271
13309
12353
10919
13539
13829
13284
10370
11382
13335
13436
11173
11206
11782
12828
10727
13171
13232
12099
7083
13078
13264
12310
11715
13503
13902
13460
12074
11131
13749
13308
12122
10714
10441
12405
9849
11928
13029
12689
8398
12481
12618
12243
11865
13419
13159
13624
12076
10630
13807
13354
11646
11090
10455
12052
9778
13504
13202
12580
9579
12917
13546
12629
11266
13475
13310
12644
12029
10513
13551
13776
10708
11466
10794
12776
9495
12277
13403
13072
8170
13379
13358
12717
11696
12636
13154
13439
10997
11169
13528
13409
12448
10193
10767
12160
10723
13323
12677
12059
7268
12236
13381
12995
10718
12860
13264
12975
12170
11876
13732
13080
11374
11125
11783
11542
11327
13005
13459
12376
8764
12321
12880
11830
11446
13622
13331
13834
11280
10611
13506
13598
11493
10777
10716
11750
9151
12226
12871
13148
10248
12994
13466
12882
11174
13166
13454
12949
11649
9804
13274
13333
12002
10677
11155
10380
11488
12277
13165
13307
9464
13064
13415
13122
12577
13542
12677
13101
11305
10705
13258
13397
10499
10471
10614
11618
10235
12632
13180
12242
9220
12973
12610
13387
11571
13542
12314
13324
11101
11232
13466
13305
10865
11885
11317
11273
11511
12705
13176
13175
6927
12729
12352
12972
11758
12956
13603
13107
11202
10977
13524
13406
12487
10544
11316
12277
10101
12944
13155
12821
9235
13115
12408
12986
12340
13496
12619
13237
11327
11090
13705
12131
11869
11292
11298
12693
8923
11990
12522
12923
10017
11978
13115
12793
11739
13141
13558
13314
12415
11323
13595
13281
12046
10923
12113
12653
10215
12711
13641
11618
10560
11889
13332
13082
11746
12875
12979
12349
12444
11783
12831
13330
11272
11426
10969
12270
10682
12397
13027
12564
9473
13133
12623
13241
11981
13445
13009
13094
11568
12255
13672
12735
11149
10121
11368
12689
9645
12220
12871
12725
8061
13040
13295
13195
11326
12973
12792
13359
9987
11933
13795
13311
12563
10538
11813
10716
10298
11874
13212
12958
8581
12680
13102
13242
11501
12686
12758
13541
11559
10871
12485
12212
12051
10225
11192
11712
9682
13298
12346
12512
8053
13231
12757
13329
11589
13235
13071
12890
10768
10662
13626
13495
12085
10661
11224
11722
8617
12883
13119
12017
9241
13461
13407
13367
11971
13551
12900
12843
11325
12030
13572
13494
12458
11000
12036
12310
10486
13143
12911
12568
7640
12431
12893
13447
11292
13695
13556
13389
11819
11319
13306
13079
12407
10791
12026
11677
9450
12190
13076
13555
8837
12967
13606
12941
11293
13885
13380
13350
11896
9451
13400
13713
11256
11395
11981
12254
10270
12679
13135
13034
8285
13227
12820
13422
11067
13556
12659
12971
11566
10579
13489
13187
11360
10273
11525
11562
8964
12859
13383
11615
8191
12952
13062
13352
11789
13617
12451
13301
10400
11471
13030
13449
11067
10307
11324
11154
9999
12217
11817
13323
8788
12987
12865
13687
10956
13127
13738
12882
11257
11753
13281
13741
11470
10385
11972
13107
9628
13169
13088
12483
8483
12850
12942
13326
12380
13701
12766
13151
11877
11406
13622
13259
12211
10606
12192
12004
10043
12647
12602
13235
8697
12851
13311
13579
10883
12685
12647
12425
11373
10842
13456
13113
11141
10182
11151
12114
8538
12892
13124
12500
9201
12788
13244
13015
11096
13104
13517
13072
10609
9317
13135
12624
12409
10059
11194
12319
9268
12649
13143
13041
9363
12959
13394
13633
11933
13606
13062
13180
11393
10647
13778
13378
12522
10143
11764
11724
8390
12407
12964
11562
10186
13286
13400
13496
10191
13491
13800
12996
11833
11042
13562
13100
11496
9538
12665
12419
10467
13237
13155
13036
8677
11785
13414
13351
11243
13399
13478
13219
11694
11381
13021
12673
11563
9490
9906
11476
10754
11397
12989
13074
8209
13057
13102
13194
10529
13462
12687
13370
11698
11702
12440
13556
11509
10072
10233
12675
9709
13304
13140
11374
9980
12541
11870
13304
10293
12441
12139
12489
11611
11464
12787
13106
12071
10402
10818
12245
10002
12761
12190
12587
9667
12985
11807
13481
12493
13227
13045
13208
11200
10786
13549
13760
11370
10966
11614
11631
10494
13055
13222
13488
9800
13120
13075
13070
11693
13242
13557
12918
12335
11730
13242
13143
12632
11738
12216
12412
10095
13007
12583
12612
9373
12527
12848
13554
11070
13722
13227
13368
11949
11402
13512
13135
11364
11270
9184
12875
10925
13254
13155
13267
9436
11605
12515
13787
11717
12766
13505
13277
10848
11370
13064
13633
11350
10774
11571
11553
10328
12567
12962
12655
7860
12068
13114
12966
11695
13423
12999
13328
10827
11311
13428
13534
11521
11384
11295
12771
11021
13093
13144
13235
9009
13144
13332
13532
11103
13659
13272
13565
11034
12183
13514
13825
11351
11466
10508
11966
10170
12829
12310
13172
7609
13238
13404
13216
11685
13459
13177
12973
11385
11710
13137
13167
10915
10791
12015
12319
10224
12413
13172
12990
8611
12861
12760
13172
11387
13542
13224
13183
12019
11253
13249
13334
12349
10459
10733
11891
10341
12887
12837
12806
10402
13289
13121
12563
11479
13232
12970
13254
11250
11085
13605
13708
12078
9702
12337
11412
9799
12800
13323
11950
8653
13083
13331
13165
11062
12774
13443
13332
11550
10235
13836
13434
11806
11409
11508
11767
10811
13398
13464
13140
8895
12467
13267
13221
11500
13407
13350
13253
11282
11717
13361
13042
11923
11149
11559
11408
11449
12768
13636
12271
10338
12738
13347
13356
11935
13429
12882
12867
12620
11073
13590
13102
12495
10344
12132
12531
10280
12784
12858
11312
9847
12984
12788
13242
10794
13780
12473
12907
11777
11409
13536
13023
12134
11053
11912
12568
10326
11710
12733
12551
9438
12992
13078
13422
10685
12777
13139
13164
11830
11720
13553
13516
12163
10453
11443
12017
11129
12420
12996
13109
10606
13122
13266
13076
10956
13136
13158
13091
12257
11466
13570
13758
10928
11573
12103
11724
10033
12747
13237
12223
10802
13100
13420
12825
11318
13876
12937
13181
11590
11753
13554
13035
11518
10013
11471
11701
10467
12901
13594
13334
9691
12661
13213
13156
11918
13622
13542
12291
11150
11048
13630
13762
12102
11666
11820
12935
10338
11867
13545
12882
10146
12967
13594
12976
11993
11729
13209
13604
12582
11653
13547
13551
12085
10766
12763
11934
9940
13474
13308
12376
9120
13623
13444
13501
11543
13423
13252
12723
11396
12303
13223
13450
11745
10625
11823
11871
10973
12462
12830
12900
6806
12928
13130
13429
11601
13493
12898
13406
11394
11307
13843
13315
11900
10344
12693
11222
10097
13000
13282
13173
10095
12934
12645
13441
10879
13388
12960
13038
11739
9705
13659
13071
11241
10872
12320
11571
9857
12519
13093
12306
10656
13095
12762
13170
11603
13230
13072
12362
11837
9064
13772
13089
12573
10661
12210
12604
10655
13078
13368
12968
9165
12468
12881
13039
12104
13544
13439
13273
12089
10779
13324
13375
11910
11616
11483
12014
11272
13698
13522
13202
9165
13081
13329
13283
11746
13778
13527
13524
13027
11134
13418
13556
11480
11405
12600
12920
10318
13208
12848
12830
10117
13054
12525
13261
11394
13145
13458
12171
10522
11300
13348
13633
12296
10170
10587
11763
10275
12408
13195
12365
8627
12948
13821
13441
10911
13576
13292
13054
12296
11465
13300
12517
12307
10717
11499
12396
10767
12605
13148
12701
8198
13374
13216
13121
10936
13206
13427
13210
12240
12300
13593
13070
12240
9756
12124
12289
11040
13207
12870
12402
7500
13301
13031
13607
11827
13610
13443
13583
12045
11761
13702
13867
12366
10569
11774
12609
10846
12974
13474
11604
7500
12746
12917
13453
12075
13959
13257
13592
11632
9963
13363
13069
11696
10220
12320
12710
10156
13705
13136
12777
9851
12765
13629
13287
11111
13420
12845
12921
12155
11052
13799
13896
12272
9610
12792
13063
10105
13387
13696
13345
10185
13655
12767
13229
11969
13517
13032
13171
11987
11430
13617
13542
12494
10556
11516
13071
11304
13005
13584
12806
10795
13624
13899
12433
11802
13788
13340
13505
11765
11552
13755
13585
12677
8973
11982
12198
10557
13098
13260
12909
8907
13278
13736
13504
12236
13849
13628
13715
10970
10948
13820
13603
11700
10445
10465
12645
9878
13131
13242
12586
10119
12440
13889
13372
12065
13601
13405
13502
11639
10564
13119
13633
12564
11837
10433
12803
11249
10705
12464
13358
9005
13137
12766
12323
12406
13570
13643
12904
11410
11527
13568
13520
12655
11807
11500
11755
10809
13006
13770
13422
9829
12910
13283
13476
12241
13101
13712
13185
11238
11863
13858
13660
12565
10508
12366
12395
10805
12789
13401
13039
9988
13165
13419
13165
12401
13698
13974
13097
11799
11725
13708
13118
12257
11806
11270
12405
11407
13324
13785
12812
10102
13627
13213
13532
11504
13554
13564
13752
11845
12529
13427
13782
12057
10571
12378
12615
10994
13418
13459
13128
9788
13274
13191
13252
11944
13785
12925
13899
10596
11688
13464
13058
12597
11617
11184
12475
11028
11849
12965
13356
8182
13518
13544
13073
12303
13047
13091
13302
11854
12032
13313
13203
12866
11494
10954
12914
11103
11871
12798
13388
10329
13637
13418
12873
12056
13210
13688
13452
11726
12321
13263
13601
12296
11230
11907
11894
11246
12943
13504
13239
9081
13275
13368
13211
11589
13731
13806
13766
10656
11814
13962
12856
11849
10787
10900
10841
10354
12537
13349
12544
8591
13426
13185
12975
12456
12484
13302
13882
11208
11866
13411
13472
11810
10848
11172
12114
10852
13237
13489
12977
10586
12593
13617
13295
11616
13223
13163
13748
11342
12097
13518
13527
12319
10553
11668
11640
10874
12786
13509
13397
10434
13355
13312
12837
10985
12729
13487
13641
9896
12391
12913
12692
12016
11553
10017
11055
11002
11846
13109
13147
9802
13589
13525
13096
12296
13265
13417
13710
10985
11962
12770
13761
11771
11470
11922
11386
11186
12800
13161
12775
9289
13402
13105
13146
11976
13155
13129
13674
11448
11168
14170
13695
12161
11716
11225
12505
11094
13076
13358
13317
9737
12991
13856
13056
12108
13328
13572
13274
11740
11273
13514
13893
12327
10927
12101
13123
10306
13079
13161
13515
8833
12653
13127
13560
11522
13805
13802
13339
12062
12237
13864
13306
11682
11467
10262
12910
10140
13248
13426
12669
11308
13509
13607
13485
11987
13618
13429
13016
12240
11363
13583
13935
11643
11419
11776
12306
10595
13105
13652
13505
10263
13638
13666
13282
11291
13748
13966
13805
11364
12561
13294
13970
10770
10589
12218
11608
10713
13183
13495
13061
10556
12927
13797
13986
11761
13695
13839
13637
11804
11387
13660
13430
12426
10783
12247
12895
8444
12970
12916
13424
9980
13464
13507
12579
11918
13040
13481
13596
11984
11796
13980
13351
12142
10959
11796
12389
10721
12875
12885
13183
10415
13156
12922
13537
11992
13497
13381
13474
13090
11211
13706
13208
11798
10640
12635
12570
10259
12411
13311
12856
9270
12452
13155
13554
10877
14008
13563
13026
12201
11810
13780
14003
12396
10787
11646
12208
9401
12881
12652
13511
9931
12446
13251
13283
12276
13298
13707
13931
12605
11659
13734
13410
12344
11960
11978
12973
10842
12126
13498
13168
8705
13678
13604
13448
11372
13492
13857
13377
10915
11661
13628
13723
12659
10438
11731
12794
11627
12780
13245
13119
10439
13253
13606
13311
10303
13422
13202
13383
12347
11999
13926
13342
11908
11603
12008
12747
10567
13366
13008
12780
11134
13286
13191
13643
11816
13936
13623
12555
12133
11123
13920
13110
12262
12077
12105
12080
9929
12763
13666
13430
8192
12311
11956
13274
12005
13773
13237
12664
10621
10083
13448
13167
11675
11491
12470
12743
10207
13216
12666
13373
9226
13320
13099
13780
12441
13988
13617
13601
12225
11933
13847
13453
12313
11008
12675
12774
11157
12538
13519
12749
10611
12883
13342
13260
12391
13778
12590
13776
12247
11233
14003
13887
12796
11613
12677
12836
11463
13246
13039
12791
10971
13440
13639
14054
11604
13814
13597
13401
12371
11347
13975
13944
12340
10996
12143
12882
11057
13370
13576
12704
10578
12551
13547
13947
12324
13891
13773
13463
12896
11789
13867
14024
12233
10658
12801
12171
9883
13113
13329
13066
10411
13612
13386
13574
12553
13703
13915
13733
13059
11566
13876
13742
12530
11082
12290
12583
11154
13751
13493
13141
10808
13184
13521
13689
12071
13714
13929
13323
12020
11873
13881
13973
12779
10977
12382
13145
11491
13633
13925
13573
9906
13291
13874
13659
11708
14054
13802
13831
12615
12502
13597
13965
12830
11575
12051
12701
11701
13624
13172
12427
8391
13654
13790
12956
12295
13500
14066
13906
12907
12121
13776
13743
13141
11582
11279
12973
10980
13108
13299
13800
10453
13698
13539
13712
12422
13510
13520
13620
12720
12067
13704
13513
12929
11951
12619
12623
10843
13412
13446
13566
10228
13769
13474
13847
12571
13661
14034
12038
12134
12398
13735
13672
12601
11490
11824
12211
10780
13282
13734
12999
10294
13431
13570
13751
11715
13738
13752
13840
11756
12372
13831
13558
12552
11363
11795
12436
10735
13512
13314
13245
8703
13686
13625
13445
12114
13740
13718
13446
12006
12306
13671
13812
13046
11163
11362
11851
11063
13404
13600
13095
9285
13836
13028
13722
12366
13989
13577
13798
12219
11078
13868
13461
12526
11835
