0,-6939.25
1,-8892.25
2,-5142.0
3,-11061.0
4,-11152.25
5,-9654.0
6,-6663.25
7,-6013.75
8,-8359.5
9,-7665.75
10,-8897.75
11,-9638.75
12,-8607.75
13,-11820.5
14,-8037.0
15,-10236.5
16,-12538.5
17,-10050.0
18,-8270.75
19,-10530.75
20,-10598.0
21,-9424.75
22,-7763.5
23,-8242.25
24,-10382.75
25,-11243.25
26,-10239.75
27,-11538.75
28,-9183.0
29,-12032.5
30,-9224.75
31,-8366.0
32,-3816.75
33,-10829.0
34,-9043.0
35,-10030.25
36,-10865.25
37,-8999.75
38,-11513.0
39,-6173.0
40,-10552.5
41,-1591.75
42,-9190.75
43,-7908.75
44,-6421.75
45,-8052.5
46,-4684.5
47,-5626.0
48,-5011.25
49,-6802.5
50,-8567.25
51,-9923.0
52,-5074.5
53,-4504.0
54,-12061.5
55,-11333.75
56,-11249.75
57,-8442.0
58,-8879.25
59,-7519.0
60,-9345.5
61,-7430.5
62,-8919.0
63,-7304.0
64,-4206.5
65,-7464.5
66,-8925.75
67,-4531.25
68,-9834.5
69,-7152.0
70,-13100.25
71,-8952.0
72,-9508.25
73,-10503.5
74,-11083.5
75,-6366.75
76,-6022.0
77,-7439.0
78,-8679.75
79,-7945.75
80,-8276.75
81,-9057.75
82,-7708.25
83,-7546.0
84,-5915.25
85,-7389.25
86,-7701.5
87,-7747.0
88,-10395.75
89,-6933.75
90,-9323.75
91,-4914.0
92,-7562.5
93,-8655.0
94,-10169.0
95,-11041.25
96,-8168.75
97,-6516.25
98,-7633.0
99,-7526.0
100,-6624.0
101,-8987.0
102,-12293.25
103,-6443.5
104,-8339.75
105,-8252.75
106,-5890.25
107,-7399.75
108,-9583.25
109,-8355.5
110,-8424.0
111,-7115.25
112,-10166.75
113,-9871.0
114,-8352.75
115,-2123.25
116,-10504.5
117,-8926.25
118,-5505.5
119,-10028.75
120,-10007.25
121,-7749.5
122,-6126.5
123,-5197.75
124,-7129.75
125,-8615.25
126,-6535.75
127,-9110.25
128,-7074.0
129,-9007.75
130,-7579.25
131,-6194.25
132,-9009.0
133,-4958.5
134,-7062.5
135,-9462.0
136,-4307.5
137,-8790.25
138,-4632.5
139,-7334.25
140,-12798.25
141,-4335.5
142,-9071.5
143,-8238.5
144,-8849.0
145,-7799.0
146,-6164.75
147,-5192.75
148,-3672.25
149,-13111.25
150,-9472.75
151,-4705.25
152,-4624.0
153,-5288.25
154,-10004.5
155,-7167.5
156,-7432.25
157,-4276.25
158,-6150.5
159,-4899.0
160,-6129.25
161,-6405.0
162,-7740.5
163,-8457.75
164,-8736.75
165,-6741.0
166,-6946.5
167,-4889.75
168,-6213.25
169,-8647.0
170,-6705.5
171,-7271.75
172,-6257.5
173,-5651.75
174,-6149.5
175,-7176.25
176,-8047.0
177,-6167.0
178,-8566.25
179,-4343.75
180,-5317.25
181,-8207.75
182,-8914.5
183,-10814.5
184,-4353.0
185,-4898.5
186,-6608.5
187,-10044.0
188,-7549.75
189,-8905.25
190,-9696.25
191,-2774.75
192,-5896.25
193,-8195.25
194,-6869.25
195,-6411.75
196,-7275.0
197,-6363.5
198,-4896.0
199,-6462.25
200,-6928.0
201,-9206.75
202,-6073.25
203,-6098.5
204,-4456.5
205,-5173.0
206,-6248.0
207,-7450.25
208,-4330.0
209,-4502.25
210,-6752.5
211,-4725.0
212,-8069.25
213,-7389.0
214,-4810.5
215,-4633.75
216,-6948.25
217,-6704.5
218,-8151.25
219,-5542.25
220,-4689.5
221,-5096.5
222,-9490.75
223,-3470.5
224,-5515.5
225,-5063.0
226,-4736.0
227,-5272.5
228,-7045.25
229,-5297.5
230,-5272.0
231,-6869.25
232,-6220.75
233,-5811.0
234,-8079.0
235,-4401.0
236,-5185.0
237,-6596.5
238,-3786.5
239,-5795.0
240,-4191.25
241,-3373.75
242,-3839.25
243,-4695.5
244,-10907.25
245,-5711.75
246,-5917.0
247,-7221.75
248,-6507.5
249,-7002.25
250,-3345.75
251,-3330.75
252,-4431.5
253,-7295.25
254,-6275.5
255,-7419.5
256,-4836.5
257,-6616.5
258,-7844.0
259,-6854.75
260,-4925.25
261,-5140.25
262,-5319.25
263,-4362.25
264,-4973.25
265,-2510.25
266,-4310.5
267,-6008.25
268,-4567.5
269,-6147.75
270,-6168.5
271,-3237.25
272,-5712.0
273,-3848.5
274,-4382.25
275,-11166.25
276,-6227.0
277,-3876.5
278,-4673.0
279,-5291.75
280,-5908.75
281,-6252.25
282,-6000.0
283,-4072.75
284,-2666.5
285,-5272.75
286,-5249.75
287,-7054.75
288,-5262.25
289,-3192.5
290,-6624.5
291,-6428.0
292,-4907.5
293,-6404.75
294,-5056.0
295,-6100.0
296,-3364.75
297,-5924.25
298,-9160.0
299,-7189.25
300,-7218.5
301,-7056.25
302,-5743.5
303,-5196.75
304,-8139.0
305,-5564.75
306,-5701.5
307,-6727.25
308,-3355.5
309,-3872.25
310,-5668.5
311,-4931.75
312,-4992.5
313,-5989.75
314,-6089.0
315,-7002.5
316,-5417.0
317,-6070.75
318,-7397.5
319,-4520.5
320,-6717.0
321,-5181.5
322,-5018.0
323,-4036.75
324,-5244.25
325,-4520.75
326,-6135.5
327,-6490.5
328,-4658.5
329,-4731.75
330,-4751.25
331,-6306.5
332,-3689.25
333,-6649.0
334,-3658.75
335,-3481.25
336,-5825.25
337,-5438.0
338,-5334.75
339,-4837.0
340,-6112.5
341,-5098.75
342,-4321.5
343,-6933.5
344,-4144.25
345,-4597.25
346,-5859.75
347,-6849.25
348,-5062.75
349,-4390.5
350,-6381.75
351,-5336.25
352,-6030.0
353,-5724.0
354,-3855.75
355,-10100.75
356,-6239.25
357,-3846.5
358,-6588.5
359,-6191.0
360,-5437.5
361,-4719.5
362,-5775.5
363,-5869.25
364,-6214.0
365,-3944.0
366,-4586.0
367,-4532.75
368,-4927.75
369,-5692.0
370,-7487.25
371,-5282.25
372,-5316.25
373,-5617.5
374,-5305.75
375,-5665.5
376,-4198.5
377,-8757.25
378,-8809.5
379,-5365.75
380,-7761.25
381,-4160.0
382,-4687.75
383,-8481.75
384,-2260.0
385,-7286.25
386,-4418.25
387,-4911.75
388,-11026.0
389,-10747.25
390,-5031.5
391,-6046.5
392,-3611.75
393,-10857.0
394,-7074.5
395,-4648.75
396,-7675.5
397,-3290.5
398,-3522.25
399,-5381.25
400,-4506.5
401,-4530.5
402,-15063.0
403,-4407.5
404,-6352.5
405,-10542.25
406,-4679.0
407,-4357.0
408,-5935.75
409,-5718.75
410,-6308.75
411,-3284.25
412,-6025.0
413,-6065.75
414,-8829.75
415,-12554.25
416,-9226.25
417,-10498.75
418,-6329.75
419,-7951.25
420,-10581.0
421,-5435.25
422,-8710.25
423,-7750.25
424,-8630.5
425,-4325.75
426,-7354.5
427,-14575.75
428,-6945.25
429,-5632.5
430,-7823.5
431,-13989.25
432,-6057.5
433,-10710.25
434,-18099.5
435,-8803.5
436,-4605.5
437,-9625.0
438,-6841.25
439,-10446.0
440,-10752.25
441,-13260.5
442,-10521.0
443,-6046.5
444,-4694.5
445,-18003.0
446,-10623.75
447,-4743.25
448,-6501.5
449,-8466.0
450,-11058.75
451,-4610.75
452,-8483.0
453,-11533.25
454,-16929.5
455,-8376.25
456,-15465.75
457,-10207.75
458,-7490.25
459,-4099.0
460,-15151.5
461,-12095.25
462,-11233.75
463,-6867.25
464,-8500.0
465,-11751.25
466,-12879.5
467,-10704.75
468,-19930.25
469,-10447.0
470,-17176.25
471,-13796.75
472,-9944.0
473,-10088.0
474,-8383.75
475,-17475.75
476,-11742.0
477,-8385.25
478,-10208.0
479,-13358.5
480,-15842.0
481,-9509.5
482,-5707.75
483,-12160.5
484,-15404.75
485,-15536.0
486,-8908.5
487,-15105.75
488,-12596.25
489,-11027.25
490,-7723.5
491,-14424.25
492,-10931.0
493,-18100.0
494,-13759.0
495,-5349.75
496,-11049.5
497,-7467.0
498,-24355.0
499,-12891.0
500,-10494.5
501,-10790.25
502,-12819.25
503,-18712.75
504,-8950.0
505,-14652.0
506,-19794.0
507,-11830.5
508,-10727.0
509,-10414.0
510,-5586.5
511,-12538.25
512,-14425.25
513,-5593.5
514,-16444.75
515,-10622.75
516,-7293.75
517,-10457.0
518,-17701.5
519,-9750.0
520,-7872.0
521,-12546.5
522,-8715.25
523,-18757.75
524,-11692.5
525,-8442.5
526,-10404.25
527,-13532.5
528,-17344.5
529,-11959.75
530,-9094.25
531,-8989.25
532,-11352.0
533,-16753.25
534,-7380.75
535,-16262.75
536,-14987.5
537,-18992.75
538,-13787.5
539,-8050.75
540,-11277.75
541,-8890.0
542,-14655.25
543,-11629.5
544,-12909.0
545,-10808.25
546,-10117.5
547,-18794.5
548,-5988.5
549,-13784.0
550,-5181.75
551,-7564.25
552,-10180.5
553,-17736.75
554,-20620.5
555,-5470.75
556,-19200.75
557,-14716.25
558,-16919.5
559,-6557.75
560,-15986.75
561,-5473.0
562,-18888.75
563,-11029.75
564,-16297.75
565,-19326.25
566,-10353.75
567,-19120.5
568,-12507.5
569,-19607.5
570,-9522.75
571,-15862.5
572,-12911.5
573,-14801.5
574,-18028.75
575,-14635.5
576,-17184.75
577,-8694.5
578,-13890.25
579,-19041.5
580,-12251.0
581,-13669.5
582,-5139.25
583,-18672.75
584,-18638.0
585,-19187.25
586,-21507.0
587,-11283.5
588,-15173.25
589,-17494.75
590,-17473.25
591,-20972.0
592,-13032.75
593,-18920.25
594,-8437.25
595,-19252.5
596,-18293.5
597,-12478.0
598,-15408.75
599,-17300.5
600,-17654.75
601,-16465.5
602,-13812.0
603,-14829.0
604,-12548.75
605,-15837.0
606,-18415.25
607,-12004.25
608,-12954.0
609,-17719.25
610,-8416.5
611,-18436.5
612,-14872.75
613,-16485.25
614,-12292.25
615,-15840.75
616,-9781.25
617,-5256.5
618,-12919.5
619,-19382.25
620,-19909.0
621,-19234.25
622,-21778.0
623,-11083.25
624,-16287.75
625,-15074.25
626,-17790.25
627,-13922.75
628,-15145.25
629,-10179.5
630,-21485.75
631,-16667.0
632,-18072.75
633,-15308.5
634,-18590.5
635,-16911.25
636,-14559.5
637,-19045.5
638,-11614.75
639,-16452.0
640,-18460.75
641,-16392.5
642,-15410.5
643,-9516.25
644,-11130.5
645,-20053.5
646,-12604.25
647,-12558.5
648,-15076.0
649,-16285.25
650,-12880.5
651,-19892.25
652,-12246.5
653,-16004.75
654,-18503.25
655,-20207.75
656,-17590.5
657,-18567.0
658,-18364.25
659,-18691.75
660,-11623.0
661,-13505.25
662,-13221.75
663,-17581.0
664,-10777.75
665,-16479.0
666,-12493.75
667,-10483.75
668,-8075.25
669,-4901.0
670,-15895.75
671,-15138.5
672,-11853.0
673,-16870.0
674,-15095.0
675,-5855.0
676,-16087.75
677,-17217.25
678,-5626.75
679,-13152.25
680,-5956.75
681,-15894.25
682,-16961.75
683,-15848.25
684,-9896.0
685,-17455.5
686,-17159.5
687,-14480.25
688,-16064.25
689,-17508.75
690,-18047.5
691,-21350.25
692,-10346.25
693,-17947.75
694,-17876.5
695,-18625.5
696,-16636.75
697,-19846.75
698,-18027.25
699,-15432.5
700,-13635.25
701,-20607.25
702,-21086.75
703,-17728.0
704,-11016.0
705,-10843.5
706,-15176.25
707,-10521.0
708,-15754.75
709,-7376.0
710,-9015.75
711,-15146.0
712,-15153.5
713,-18609.75
714,-9265.25
715,-14150.75
716,-11361.75
717,-21734.5
718,-18215.75
719,-10819.25
720,-11022.75
721,-11495.25
722,-15114.75
723,-14756.0
724,-10687.75
725,-14811.75
726,-17570.25
727,-10692.5
728,-8892.25
729,-14688.5
730,-12929.25
731,-18391.25
732,-9053.5
733,-16050.25
734,-9120.25
735,-18169.75
736,-10328.0
737,-11290.25
738,-22595.0
739,-14257.5
740,-16445.0
741,-17982.5
742,-16254.5
743,-11316.5
744,-15409.75
745,-16731.0
746,-12155.75
747,-12445.75
748,-18968.0
749,-9590.25
750,-11092.0
751,-15447.0
752,-10696.25
753,-12299.0
754,-12114.0
755,-14835.25
756,-7325.25
757,-9081.5
758,-12301.75
759,-11930.5
760,-11905.75
761,-11195.25
762,-11491.25
763,-8726.25
764,-13397.0
765,-6783.25
766,-12211.5
767,-13564.25
768,-9076.5
769,-3556.5
770,-10832.0
771,-9344.25
772,-11176.75
773,-12231.0
774,-9593.5
775,-6009.5
776,-13700.5
777,-10777.25
778,-8526.25
779,-12022.25
780,-10230.5
781,-16484.5
782,-14274.25
783,-7657.25
784,-10536.75
785,-7643.75
786,-10390.5
787,-12978.5
788,-11718.75
789,-12944.75
790,-9129.5
791,-10967.25
792,-13327.5
793,-10156.5
794,-12778.0
795,-8765.25
796,-6865.5
797,-9026.5
798,-14170.25
799,-11069.0
800,-12125.25
801,-12660.75
802,-7943.5
803,-8830.25
804,-11750.75
805,-7157.25
806,-7931.0
807,-8993.0
808,-12333.5
809,-6616.75
810,-5545.75
811,-12187.25
812,-6180.75
813,-9642.75
814,-7511.75
815,-11133.75
816,-8993.5
817,-10092.25
818,-10573.0
819,-11793.0
820,-3788.0
821,-7010.5
822,-9067.5
823,-10846.75
824,-9018.75
825,-11692.5
826,-8049.25
827,-13202.5
828,-13623.25
829,-10359.25
830,-11234.75
831,-13266.0
832,-10410.5
833,-7730.0
834,-13182.25
835,-7383.25
836,-9335.5
837,-10753.75
838,-12699.75
839,-10058.5
840,-11652.5
841,-12020.75
842,-14077.0
843,-10173.0
844,-8157.0
845,-10146.5
846,-9990.25
847,-10226.0
848,-9075.5
849,-10781.5
850,-10516.0
851,-7880.75
852,-11050.75
853,-8397.0
854,-9660.5
855,-11700.75
856,-8514.5
857,-7481.75
858,-12091.5
859,-12348.25
860,-6492.0
861,-9627.0
862,-5036.5
863,-11861.75
864,-12377.75
865,-11507.75
866,-11826.5
867,-3944.5
868,-10927.0
869,-12767.0
870,-11737.5
871,-11833.5
872,-11970.0
873,-9002.0
874,-13768.25
875,-11753.75
876,-10053.75
877,-9311.5
878,-16745.5
879,-7915.25
880,-6672.25
881,-12255.75
882,-7333.5
883,-9374.0
884,-12621.75
885,-7595.5
886,-12720.5
887,-14008.5
888,-11631.0
889,-11567.5
890,-11143.25
891,-12247.75
892,-6697.0
893,-12546.75
894,-6519.5
895,-12410.0
896,-14491.0
897,-13255.5
898,-12463.75
899,-12461.5
900,-12752.5
901,-15732.5
902,-10573.5
903,-12688.0
904,-13527.5
905,-11254.25
906,-5907.5
907,-15322.5
908,-10079.5
909,-11354.5
910,-10590.75
911,-12756.5
912,-15084.0
913,-12671.5
914,-15245.25
915,-2647.25
916,-12259.75
917,-15555.0
918,-15625.75
919,-13195.5
920,-9346.5
921,-13946.25
922,-13900.5
923,-13848.75
924,-10388.75
925,-9167.5
926,-12410.5
927,-14099.25
928,-12541.0
929,-15039.25
930,-10160.0
931,-9960.5
932,-12411.0
933,-8981.5
934,-11042.25
935,-12568.25
936,-11287.75
937,-11971.5
938,-14333.75
939,-15599.0
940,-12808.25
941,-8887.75
942,-13967.75
943,-13089.0
944,-12998.5
945,-14459.25
946,-12120.75
947,-11980.0
948,-13840.5
949,-10353.75
950,-11697.25
951,-11062.75
952,-12701.5
953,-10771.0
954,-12570.5
955,-6244.25
956,-10286.75
957,-12656.75
958,-12480.75
959,-10301.0
960,-11176.25
961,-11773.25
962,-12759.0
963,-13226.25
964,-13468.25
965,-12517.5
966,-11804.5
967,-12034.0
968,-11045.75
969,-8905.5
970,-12451.25
971,-11093.25
972,-9666.75
973,-13487.0
974,-12848.25
975,-13103.5
976,-15512.25
977,-12944.25
978,-14802.75
979,-11500.25
980,-8245.75
981,-12644.5
982,-9400.0
983,-9320.0
984,-12032.5
985,-13867.25
986,-12308.0
987,-15545.5
988,-11874.25
989,-10263.5
990,-9603.75
991,-11347.0
992,-11341.0
993,-12715.25
994,-13722.75
995,-9675.0
996,-12090.5
997,-14042.5
998,-18022.5
999,-10092.5
1000,-13266.0
1001,-14207.0
1002,-11294.5
1003,-12249.75
1004,-11423.0
1005,-17459.5
1006,-15137.75
1007,-11077.5
1008,-10701.25
1009,-11834.0
1010,-12049.75
1011,-10983.0
1012,-14518.0
1013,-10154.0
1014,-12773.5
1015,-13473.0
1016,-11309.75
1017,-15030.75
1018,-10010.75
1019,-12517.5
1020,-12407.75
1021,-14460.75
1022,-12541.25
1023,-11974.0
1024,-12243.25
1025,-11690.0
1026,-12595.75
1027,-12386.25
1028,-12719.5
1029,-10875.75
1030,-8151.75
1031,-14755.5
1032,-13159.5
1033,-8328.75
1034,-14047.0
1035,-13153.5
1036,-11478.5
1037,-13758.5
1038,-12888.5
1039,-10769.25
1040,-9351.5
1041,-9927.75
1042,-10371.5
1043,-11120.5
1044,-10927.25
1045,-10134.5
1046,-9117.0
1047,-16402.75
1048,-14049.25
1049,-11356.25
1050,-13528.0
1051,-12779.0
1052,-13711.75
1053,-12375.75
1054,-9308.0
1055,-14439.5
1056,-13142.5
1057,-11590.0
1058,-10870.0
1059,-14907.75
1060,-13616.5
1061,-16557.5
1062,-16270.0
1063,-12279.0
1064,-15785.0
1065,-10740.25
1066,-10371.0
1067,-11647.5
1068,-12424.5
1069,-12688.5
1070,-11539.5
1071,-11198.25
1072,-10324.5
1073,-13508.25
1074,-14324.25
1075,-15616.0
1076,-13470.5
1077,-11190.5
1078,-11634.5
1079,-11908.25
1080,-15396.5
1081,-9796.5
1082,-14105.0
1083,-10970.75
1084,-11331.0
1085,-9995.75
1086,-9426.5
1087,-13457.75
1088,-9756.0
1089,-11955.0
1090,-16438.25
1091,-11795.25
1092,-16317.0
1093,-17121.5
1094,-6819.5
1095,-10330.75
1096,-12702.25
1097,-10649.25
1098,-8543.5
1099,-10814.0
1100,-10894.25
1101,-14010.0
1102,-11727.5
1103,-15245.75
1104,-11464.0
1105,-9539.25
1106,-8923.75
1107,-13076.25
1108,-9700.25
1109,-13768.5
1110,-10696.75
1111,-9394.25
1112,-14972.0
1113,-9032.25
1114,-13032.0
1115,-9241.5
1116,-9734.5
1117,-14017.25
1118,-11207.25
1119,-9438.0
1120,-15420.0
1121,-18111.25
1122,-11807.5
1123,-13280.25
1124,-15569.25
1125,-17541.25
1126,-14691.25
1127,-11826.5
1128,-12289.0
1129,-22137.0
1130,-22617.5
1131,-10594.0
1132,-9627.0
1133,-10196.75
1134,-11313.5
1135,-8172.75
1136,-16591.0
1137,-18964.25
1138,-8361.0
1139,-10205.5
1140,-14460.25
1141,-15101.5
1142,-19011.25
1143,-16478.25
1144,-16589.0
1145,-17399.25
1146,-13244.5
1147,-9454.5
1148,-9565.75
1149,-13517.0
1150,-7688.25
1151,-12008.5
1152,-12907.5
1153,-17291.0
1154,-11749.25
1155,-12492.75
1156,-11699.0
1157,-17947.75
1158,-11532.0
1159,-12644.25
1160,-11326.5
1161,-14377.0
1162,-11499.0
1163,-11900.5
1164,-10348.0
1165,-15891.5
1166,-11115.5
1167,-8851.5
1168,-13053.5
1169,-10202.5
1170,-10870.5
1171,-11273.0
1172,-12658.25
1173,-12078.0
1174,-14168.0
1175,-10198.75
1176,-15593.25
1177,-15452.75
1178,-12458.0
1179,-12538.5
1180,-12545.0
1181,-14356.25
1182,-10836.0
1183,-10509.5
1184,-10926.0
1185,-9768.25
1186,-11394.25
1187,-10203.75
1188,-9755.0
1189,-13933.75
1190,-12253.0
1191,-15589.25
1192,-11445.0
1193,-14612.75
1194,-12710.5
1195,-11374.5
1196,-11961.0
1197,-10505.5
1198,-10686.5
1199,-13322.5
1200,-11372.75
1201,-10319.0
1202,-11520.5
1203,-11201.75
1204,-11036.0
1205,-11250.0
1206,-10754.0
1207,-12237.0
1208,-11345.25
1209,-12133.75
1210,-10097.0
1211,-12674.75
1212,-9622.75
1213,-11565.25
1214,-11708.75
1215,-10629.75
1216,-10095.25
1217,-15541.75
1218,-10273.5
1219,-13975.75
1220,-12358.0
1221,-11897.25
1222,-11906.0
1223,-11473.25
1224,-9051.0
1225,-11170.0
1226,-10596.0
1227,-14459.0
1228,-11670.25
1229,-10821.5
1230,-9829.0
1231,-10701.25
1232,-10759.5
1233,-10367.5
1234,-11944.5
1235,-15269.25
1236,-16885.5
1237,-10578.75
1238,-10442.5
1239,-15551.75
1240,-10578.75
1241,-10816.0
1242,-9942.25
1243,-10009.5
1244,-12782.0
1245,-13721.25
1246,-13505.5
1247,-12019.5
1248,-16204.0
1249,-14558.0
1250,-10371.25
1251,-13628.5
1252,-12426.25
1253,-20898.25
1254,-11689.5
1255,-13488.5
1256,-9466.0
1257,-11735.25
1258,-11021.5
1259,-11904.0
1260,-12514.75
1261,-12439.25
1262,-10465.0
1263,-10698.25
1264,-12718.25
1265,-12770.25
1266,-12995.0
1267,-10537.5
1268,-9946.25
1269,-11040.5
1270,-11822.75
1271,-11087.25
1272,-10856.0
1273,-12696.5
1274,-9603.0
1275,-10850.5
1276,-11423.0
1277,-10579.75
1278,-12614.5
1279,-9856.25
1280,-10636.25
1281,-10895.25
1282,-12661.75
1283,-10857.25
1284,-12787.0
1285,-12499.75
1286,-10721.0
1287,-11228.25
1288,-10650.75
1289,-10851.75
1290,-14030.25
1291,-12058.25
1292,-11060.5
1293,-10314.25
1294,-11319.5
1295,-10721.0
1296,-17527.25
1297,-14382.25
1298,-10607.5
1299,-11193.5
1300,-11100.5
1301,-10119.75
1302,-11001.25
1303,-10278.0
1304,-12649.0
1305,-10571.25
1306,-10498.0
1307,-12438.5
1308,-10427.5
1309,-10920.0
1310,-13591.5
1311,-9886.25
1312,-15005.5
1313,-10408.25
1314,-10562.25
1315,-10826.25
1316,-10238.0
1317,-9468.25
1318,-10413.75
1319,-10361.5
1320,-13513.25
1321,-9281.75
1322,-14744.5
1323,-11097.75
1324,-10713.0
1325,-14414.75
1326,-15006.25
1327,-10778.25
1328,-12018.25
1329,-11612.75
1330,-9705.25
1331,-10903.75
1332,-8879.75
1333,-9440.5
1334,-11095.0
1335,-9990.5
1336,-10950.25
1337,-9858.5
1338,-9327.5
1339,-10476.0
1340,-11549.25
1341,-11131.5
1342,-10152.25
1343,-10829.5
1344,-10657.25
1345,-9797.0
1346,-11882.25
1347,-9652.25
1348,-12062.5
1349,-11703.5
1350,-10297.25
1351,-11298.5
1352,-10151.5
1353,-11247.75
1354,-11805.5
1355,-10742.75
1356,-12838.25
1357,-10700.25
1358,-10179.25
1359,-9786.25
1360,-10740.0
1361,-11457.25
1362,-10253.5
1363,-11185.0
1364,-10759.5
1365,-14811.75
1366,-10239.0
1367,-11472.75
1368,-10638.0
1369,-10665.0
1370,-13206.25
1371,-10181.0
1372,-10800.25
1373,-11133.5
1374,-10193.0
1375,-12925.5
1376,-14215.0
1377,-10823.25
1378,-10928.0
1379,-10413.0
1380,-9248.5
1381,-10122.25
1382,-10341.25
1383,-11516.5
1384,-11549.75
1385,-10495.25
1386,-11333.0
1387,-10240.25
1388,-9962.25
1389,-10929.25
1390,-10750.5
1391,-11431.0
1392,-15410.0
1393,-9480.75
1394,-10506.75
1395,-11109.75
1396,-11072.5
1397,-10074.25
1398,-9552.5
1399,-9969.25
1400,-10926.5
1401,-11557.75
1402,-10827.75
1403,-10165.25
1404,-11985.5
1405,-10211.25
1406,-9340.5
1407,-9789.0
1408,-11815.0
1409,-11455.0
1410,-11787.25
1411,-9597.75
1412,-10463.25
1413,-9733.5
1414,-11423.25
1415,-10792.5
1416,-11655.5
1417,-9570.25
1418,-13764.5
1419,-10414.25
1420,-9500.5
1421,-12335.5
1422,-11760.5
1423,-9731.5
1424,-10889.0
1425,-9280.75
1426,-10123.75
1427,-10133.75
1428,-9993.5
1429,-11160.25
1430,-10642.75
1431,-9843.25
1432,-11015.25
1433,-10455.0
1434,-9102.5
1435,-10000.75
1436,-9213.0
1437,-10465.5
1438,-14133.0
1439,-11389.5
1440,-10237.25
1441,-10527.75
1442,-9920.5
1443,-9797.75
1444,-10048.75
1445,-9534.25
1446,-10049.25
1447,-10217.25
1448,-9668.25
1449,-10175.25
1450,-10146.0
1451,-10520.25
1452,-10526.75
1453,-8042.5
1454,-9372.75
1455,-10304.25
1456,-10269.75
1457,-10352.75
1458,-11030.0
1459,-9854.25
1460,-10240.75
1461,-10360.5
1462,-13671.25
1463,-15184.75
1464,-7954.25
1465,-9410.75
1466,-9883.0
1467,-9719.75
1468,-9975.0
1469,-15248.75
1470,-11763.75
1471,-10417.0
1472,-9782.75
1473,-10248.5
1474,-12847.0
1475,-10087.25
1476,-9835.5
1477,-10435.5
1478,-9794.5
1479,-12260.5
1480,-9243.5
1481,-9113.25
1482,-8868.25
1483,-14540.5
1484,-9949.0
1485,-9272.75
1486,-9527.5
1487,-11780.75
1488,-10956.0
1489,-9765.25
1490,-11272.5
1491,-10643.25
1492,-8898.25
1493,-10051.75
1494,-10494.75
1495,-10770.25
1496,-9311.0
1497,-10687.75
1498,-9585.75
1499,-10099.25
1500,-11110.75
1501,-9440.5
1502,-10894.5
1503,-10074.25
1504,-9889.0
1505,-12878.5
1506,-10647.0
1507,-9746.75
1508,-10143.0
1509,-10127.5
1510,-9849.5
1511,-10739.75
1512,-10625.75
1513,-9820.5
1514,-10325.5
1515,-9858.75
1516,-10499.75
1517,-9484.75
1518,-9877.25
1519,-10488.25
1520,-9731.25
1521,-10023.5
1522,-12933.0
1523,-11304.5
1524,-10652.75
1525,-10056.0
1526,-9534.0
1527,-13617.5
1528,-8942.25
1529,-10449.0
1530,-10880.25
1531,-10687.5
1532,-9477.25
1533,-9517.0
1534,-9504.25
1535,-10396.25
1536,-12268.25
1537,-10033.75
1538,-9795.0
1539,-10414.0
1540,-9390.0
1541,-10517.25
1542,-9385.0
1543,-10105.75
1544,-9961.25
1545,-10871.5
1546,-10823.0
1547,-10233.5
1548,-9992.5
1549,-9995.0
1550,-9754.25
1551,-9225.0
1552,-9459.75
1553,-9237.75
1554,-9870.25
1555,-9246.75
1556,-9735.75
1557,-9773.5
1558,-9674.25
1559,-9397.75
1560,-10323.25
1561,-9228.0
1562,-9559.0
1563,-9462.5
1564,-9100.0
1565,-9940.25
1566,-9797.75
1567,-9700.75
1568,-9483.0
1569,-9974.25
1570,-10908.25
1571,-9389.25
1572,-9124.25
1573,-9679.25
1574,-8942.5
1575,-9652.75
1576,-10760.5
1577,-9672.0
1578,-9775.5
1579,-10206.75
1580,-10863.25
1581,-9796.75
1582,-8794.25
1583,-8986.25
1584,-9591.0
1585,-7781.25
1586,-9729.75
1587,-9204.25
1588,-9936.0
1589,-9399.5
1590,-9326.75
1591,-9543.5
1592,-9837.5
1593,-9446.0
1594,-9777.5
1595,-9284.0
1596,-9638.0
1597,-9253.5
1598,-9792.5
1599,-9946.25
1600,-9316.75
1601,-10036.25
1602,-9412.5
1603,-9753.75
1604,-9762.5
1605,-9934.0
1606,-9091.75
1607,-8645.5
1608,-9471.75
1609,-9630.75
1610,-12392.25
1611,-9368.25
1612,-11570.0
1613,-9952.5
1614,-9064.75
1615,-9232.25
1616,-9395.5
1617,-9657.5
1618,-9406.75
1619,-9498.75
1620,-9506.25
1621,-10826.75
1622,-10307.75
1623,-9783.5
1624,-9658.25
1625,-9252.5
1626,-9713.75
1627,-9558.5
1628,-9401.0
1629,-9830.75
1630,-11576.25
1631,-9109.5
1632,-9697.5
1633,-8660.0
1634,-9517.75
1635,-8917.0
1636,-9432.25
1637,-9199.0
1638,-9633.5
1639,-10916.0
1640,-9216.25
1641,-9072.5
1642,-9734.5
1643,-10121.25
1644,-9156.0
1645,-9619.5
1646,-8885.0
1647,-10247.75
1648,-9695.5
1649,-9522.75
1650,-12726.5
1651,-9307.75
1652,-8464.25
1653,-9894.5
1654,-11837.25
1655,-7979.0
1656,-9829.5
1657,-9440.0
1658,-9547.5
1659,-9527.5
1660,-9666.0
1661,-11946.0
1662,-9968.25
1663,-9445.5
1664,-9571.25
1665,-9108.0
1666,-9506.25
1667,-9101.0
1668,-10300.0
1669,-10049.0
1670,-8935.75
1671,-8887.5
1672,-8727.0
1673,-10028.75
1674,-10574.25
1675,-9703.25
1676,-8626.0
1677,-9169.75
1678,-10028.25
1679,-10028.25
1680,-9534.25
1681,-8650.75
1682,-9712.75
1683,-9865.5
1684,-9793.25
1685,-10006.0
1686,-8657.25
1687,-10023.25
1688,-9624.75
1689,-9029.5
1690,-11905.25
1691,-8538.25
1692,-9262.5
1693,-9572.25
1694,-9461.75
1695,-8348.25
1696,-8903.25
1697,-8935.75
1698,-9247.25
1699,-9546.0
1700,-8969.0
1701,-9405.75
1702,-10098.5
1703,-9850.75
1704,-9502.25
1705,-9333.75
1706,-9468.5
1707,-11186.5
1708,-9452.75
1709,-8862.0
1710,-8084.0
1711,-8417.0
1712,-9449.25
1713,-9147.5
1714,-9328.0
1715,-8921.0
1716,-9852.0
1717,-9170.75
1718,-9396.75
1719,-12102.5
1720,-9412.0
1721,-9548.75
1722,-9565.25
1723,-8848.25
1724,-9322.25
1725,-9763.5
1726,-10169.75
1727,-10210.0
1728,-9384.5
1729,-9683.5
1730,-9935.75
1731,-9720.75
1732,-9020.5
1733,-9060.75
1734,-8421.25
1735,-9035.5
1736,-8990.75
1737,-9202.75
1738,-9192.0
1739,-10721.5
1740,-9043.5
1741,-10093.0
1742,-9043.25
1743,-9116.0
1744,-9743.25
1745,-8711.5
1746,-9733.5
1747,-10335.75
1748,-9031.0
1749,-8875.75
1750,-9474.75
1751,-9869.75
1752,-8897.25
1753,-10629.0
1754,-10050.75
1755,-11276.25
1756,-8835.0
1757,-9075.0
1758,-8400.5
1759,-8899.25
1760,-10292.0
1761,-9852.5
1762,-10538.5
1763,-9870.0
1764,-9547.75
1765,-9728.5
1766,-9283.25
1767,-9266.5
1768,-9683.75
1769,-9363.5
1770,-8383.0
1771,-9451.5
1772,-9094.5
1773,-9146.5
1774,-9758.0
1775,-8742.75
1776,-9506.0
1777,-9462.25
1778,-10242.75
1779,-9260.0
1780,-9975.0
1781,-10264.5
1782,-9195.25
1783,-9245.75
1784,-10158.5
1785,-9770.5
1786,-9313.0
1787,-9988.75
1788,-9128.0
1789,-9402.5
1790,-8167.5
1791,-9033.75
1792,-10291.25
1793,-9826.5
1794,-7702.5
1795,-10181.5
1796,-9856.0
1797,-8407.25
1798,-8960.75
1799,-9702.25
1800,-9874.0
1801,-9750.5
1802,-10067.75
1803,-9344.5
1804,-9569.25
1805,-10333.25
1806,-8792.0
1807,-9339.0
1808,-9316.75
1809,-9365.0
1810,-9219.0
1811,-13097.0
1812,-9826.0
1813,-8813.75
1814,-9830.75
1815,-8042.5
1816,-12056.5
1817,-8810.25
1818,-8862.75
1819,-14605.0
1820,-8147.5
1821,-12671.75
1822,-9476.25
1823,-9379.0
1824,-11442.5
1825,-8649.25
1826,-9226.0
1827,-9739.0
1828,-10498.25
1829,-10880.5
1830,-10371.75
1831,-9636.25
1832,-8894.25
1833,-9241.5
1834,-9064.75
1835,-11190.25
1836,-8667.25
1837,-10585.0
1838,-10809.75
1839,-9153.5
1840,-8825.75
1841,-9420.75
1842,-7962.75
1843,-9918.5
1844,-9285.0
1845,-9807.0
1846,-10211.75
1847,-11087.75
1848,-9798.25
1849,-9688.5
1850,-9429.5
1851,-9773.0
1852,-9229.0
1853,-8410.25
1854,-9549.75
1855,-11612.0
1856,-11106.25
1857,-12340.75
1858,-9936.5
1859,-9419.5
1860,-10100.5
1861,-12039.0
1862,-9666.25
1863,-10191.0
1864,-9761.75
1865,-9875.5
1866,-9224.75
1867,-11098.0
1868,-9340.0
1869,-10236.0
1870,-8660.25
1871,-9411.75
1872,-9489.25
1873,-10528.25
1874,-8173.0
1875,-9801.75
1876,-9517.25
1877,-9496.75
1878,-10194.75
1879,-9100.75
1880,-9920.5
1881,-9349.5
1882,-8695.0
1883,-9331.25
1884,-9890.25
1885,-8394.75
1886,-8236.75
1887,-10390.5
1888,-10117.5
1889,-9677.25
1890,-9557.75
1891,-9477.5
1892,-9727.75
1893,-9290.25
1894,-9667.5
1895,-10039.25
1896,-9214.25
1897,-9653.5
1898,-9318.25
1899,-9291.0
1900,-9730.5
1901,-10064.0
1902,-9711.5
1903,-9570.5
1904,-9302.25
1905,-9828.5
1906,-9041.0
1907,-9268.0
1908,-9844.5
1909,-9557.75
1910,-10780.25
1911,-8956.75
1912,-9064.0
1913,-8663.75
1914,-9757.25
1915,-8298.5
1916,-9353.0
1917,-9910.75
1918,-9669.75
1919,-9236.0
1920,-9493.25
1921,-9279.0
1922,-9314.5
1923,-9503.0
1924,-9669.25
1925,-10168.5
1926,-9242.5
1927,-9926.25
1928,-9481.25
1929,-9430.75
1930,-9177.25
1931,-9361.5
1932,-8931.0
1933,-11573.0
1934,-8850.0
1935,-9935.75
1936,-8255.25
1937,-9399.0
1938,-9652.75
1939,-10312.5
1940,-9104.25
1941,-9537.0
1942,-8324.75
1943,-8974.0
1944,-9774.5
1945,-9809.0
1946,-9415.25
1947,-9401.25
1948,-9364.0
1949,-9207.25
1950,-9197.25
1951,-9888.75
1952,-9396.75
1953,-9316.75
1954,-9350.75
1955,-8951.0
1956,-9127.25
1957,-8382.25
1958,-8909.0
1959,-9500.25
1960,-9418.0
1961,-9897.5
1962,-9468.5
1963,-10063.0
1964,-8433.75
1965,-9623.25
1966,-9495.25
1967,-9583.75
1968,-9395.75
1969,-9261.75
1970,-9572.25
1971,-9765.0
1972,-8861.0
1973,-9020.0
1974,-9284.25
1975,-9354.75
1976,-9476.0
1977,-9048.5
1978,-10400.0
1979,-9593.0
1980,-10862.75
1981,-15317.25
1982,-8995.75
1983,-10942.0
1984,-9687.0
1985,-9109.5
1986,-9744.5
1987,-9681.75
1988,-6042.25
1989,-9608.75
1990,-9202.0
1991,-9607.75
1992,-9941.25
1993,-9127.0
1994,-20609.5
1995,-19229.25
1996,-9841.75
1997,-17199.75
1998,-15516.75
1999,-18110.5
2000,-9392.0
2001,-17357.25
2002,-18449.75
2003,-18704.25
2004,-23364.5
2005,-17729.25
2006,-17364.0
2007,-20587.75
2008,-17095.75
2009,-17597.5
2010,-17805.75
2011,-17271.5
2012,-17959.0
2013,-19123.75
2014,-17766.5
2015,-16693.5
2016,-15120.25
2017,-20359.5
2018,-17065.0
2019,-18242.5
2020,-17805.5
2021,-18602.25
2022,-19345.0
2023,-18682.25
2024,-18150.75
2025,-17929.75
2026,-20375.5
2027,-15935.5
2028,-17169.25
2029,-19310.25
2030,-15724.75
2031,-18383.75
2032,-17142.5
2033,-17285.25
2034,-9527.25
2035,-20348.25
2036,-16898.25
2037,-19043.0
2038,-15583.25
2039,-18101.0
2040,-19124.0
2041,-18067.75
2042,-17687.5
2043,-17440.25
2044,-17742.25
2045,-18931.75
2046,-17953.75
2047,-17514.75
2048,-21402.75
2049,-19153.0
2050,-19049.5
2051,-20145.25
2052,-18694.5
2053,-19906.0
2054,-18853.0
2055,-17536.0
2056,-15998.75
2057,-13852.75
2058,-17342.75
2059,-17531.5
2060,-16530.25
2061,-15811.5
2062,-8362.25
2063,-9419.75
2064,-15543.5
2065,-8767.5
2066,-21976.25
2067,-17256.0
2068,-8729.75
2069,-8895.25
2070,-18494.25
2071,-18352.75
2072,-11089.25
2073,-17141.5
2074,-20018.0
2075,-18753.5
2076,-17045.0
2077,-19571.25
2078,-18735.25
2079,-17132.75
2080,-18358.25
2081,-17588.0
2082,-18087.0
2083,-18632.25
2084,-17295.5
2085,-17767.5
2086,-18230.5
2087,-18620.25
2088,-8755.5
2089,-17478.0
2090,-17647.0
2091,-19010.0
2092,-18425.0
2093,-17720.0
2094,-18895.0
2095,-16424.5
2096,-16626.0
2097,-17251.0
2098,-8778.5
2099,-19075.25
2100,-18209.5
2101,-19552.0
2102,-18287.0
2103,-19426.0
2104,-18571.25
2105,-19164.25
2106,-18000.75
2107,-23458.75
2108,-20364.75
2109,-18710.25
2110,-19086.25
2111,-18083.0
2112,-17851.0
2113,-17016.25
2114,-19058.75
2115,-19212.75
2116,-18447.75
2117,-18121.25
2118,-18307.5
2119,-19225.0
2120,-18751.5
2121,-18516.0
2122,-18971.0
2123,-19649.25
2124,-19519.25
2125,-20355.75
2126,-18783.25
2127,-19014.0
2128,-9591.5
2129,-18394.0
2130,-18621.25
2131,-18596.5
2132,-18235.0
2133,-19005.0
2134,-18004.75
2135,-18340.25
2136,-17422.0
2137,-16536.0
2138,-18930.75
2139,-19453.0
2140,-17894.75
2141,-18594.25
2142,-19443.0
2143,-18130.0
2144,-18548.5
2145,-19250.0
2146,-18359.75
2147,-18929.75
2148,-18408.5
2149,-18528.0
2150,-19124.0
2151,-19822.25
2152,-18388.25
2153,-18414.75
2154,-17091.75
2155,-19224.5
2156,-17256.5
2157,-15415.25
2158,-19376.0
2159,-9078.0
2160,-19041.25
2161,-18361.5
2162,-19029.25
2163,-19126.25
2164,-18604.0
2165,-18706.5
2166,-16779.25
2167,-18729.5
2168,-18917.25
2169,-19143.0
2170,-17078.25
2171,-17320.25
2172,-8456.0
2173,-18028.75
2174,-18733.0
2175,-18217.75
2176,-9014.25
2177,-9203.25
2178,-18181.75
2179,-16957.75
2180,-17688.0
2181,-21791.75
2182,-17395.25
2183,-18184.0
2184,-19003.5
2185,-18591.5
2186,-22382.25
2187,-18012.25
2188,-19206.25
2189,-22993.5
2190,-19075.0
2191,-19496.75
2192,-17110.25
2193,-18461.25
2194,-18056.5
2195,-18074.25
2196,-15088.5
2197,-19273.25
2198,-9990.5
2199,-20089.5
2200,-16227.25
2201,-17490.5
2202,-20617.5
2203,-19178.0
2204,-13991.25
2205,-17523.25
2206,-16126.25
2207,-18219.0
2208,-16331.75
2209,-14856.25
2210,-19365.75
2211,-17292.25
2212,-16283.75
2213,-16441.25
2214,-18434.75
2215,-17640.25
2216,-14707.5
2217,-17868.75
2218,-15703.25
2219,-17585.5
2220,-18472.25
2221,-17132.75
2222,-16040.0
2223,-15964.0
2224,-18338.0
2225,-17549.75
2226,-14130.5
2227,-15730.5
2228,-15583.75
2229,-15834.25
2230,-12659.5
2231,-18442.25
2232,-17912.5
2233,-18292.5
2234,-18256.0
2235,-17887.25
2236,-15372.75
2237,-16568.25
2238,-16831.5
2239,-15689.25
2240,-16013.25
2241,-18458.25
2242,-15619.5
2243,-14544.0
2244,-15412.75
2245,-17621.5
2246,-17411.75
2247,-15312.5
2248,-15047.25
2249,-15684.75
2250,-18729.5
2251,-20034.75
2252,-10750.75
2253,-16012.5
2254,-17482.25
2255,-15776.75
2256,-17549.0
2257,-14927.25
2258,-15042.0
2259,-15471.75
2260,-15133.5
2261,-17860.5
2262,-15509.5
2263,-15369.25
2264,-14610.0
2265,-15100.0
2266,-17884.0
2267,-17972.25
2268,-17930.75
2269,-17962.5
2270,-19655.75
2271,-14944.25
2272,-14921.75
2273,-16840.0
2274,-16212.0
2275,-15376.5
2276,-16565.5
2277,-13645.0
2278,-17113.75
2279,-15099.5
2280,-15287.0
2281,-15259.75
2282,-16010.25
2283,-18292.5
2284,-15733.75
2285,-15117.5
2286,-14979.75
2287,-15548.25
2288,-15182.0
2289,-14934.0
2290,-15969.25
2291,-15782.75
2292,-18192.5
2293,-15202.5
2294,-15012.0
2295,-14725.0
2296,-14748.0
2297,-15184.5
2298,-15192.25
2299,-14926.5
2300,-14989.75
2301,-25410.5
2302,-17616.25
2303,-17125.75
2304,-17563.25
2305,-17795.5
2306,-20089.25
2307,-17634.25
2308,-18495.0
2309,-20343.5
2310,-19218.5
2311,-20035.75
2312,-19786.0
2313,-18105.5
2314,-19466.0
2315,-18191.5
2316,-17894.5
2317,-17984.0
2318,-18062.0
2319,-18100.25
2320,-18214.0
2321,-18629.25
2322,-20627.0
2323,-18681.75
2324,-20595.25
2325,-18016.25
2326,-19116.25
2327,-19456.75
2328,-17793.75
2329,-18969.75
2330,-21444.0
2331,-17869.5
2332,-20094.25
2333,-18420.0
2334,-18473.25
2335,-20348.0
2336,-18125.5
2337,-18596.25
2338,-17136.25
2339,-18441.75
2340,-18431.25
2341,-17826.0
2342,-20554.0
2343,-19658.25
2344,-18240.75
2345,-18656.75
2346,-18945.25
2347,-18674.25
2348,-18736.0
2349,-18664.0
2350,-18312.5
2351,-19155.5
2352,-19812.75
2353,-20001.25
2354,-18581.75
2355,-18542.25
2356,-17107.75
2357,-18539.5
2358,-18428.5
2359,-19851.0
2360,-18723.0
2361,-19311.0
2362,-18225.75
2363,-19164.5
2364,-18702.0
2365,-18696.0
2366,-19139.75
2367,-19413.75
2368,-18712.75
2369,-18374.75
2370,-18812.0
2371,-18521.75
2372,-18989.0
2373,-18753.0
2374,-18245.5
2375,-19429.0
2376,-18015.75
2377,-18525.0
2378,-19360.25
2379,-17820.5
2380,-18663.5
2381,-18211.0
2382,-18919.0
2383,-18961.0
2384,-18598.75
2385,-18690.75
2386,-17863.75
2387,-18256.0
2388,-17966.25
2389,-17773.5
2390,-17717.75
2391,-17918.75
2392,-18275.25
2393,-18660.0
2394,-19309.0
2395,-18487.25
2396,-18013.5
2397,-19595.0
2398,-17753.5
2399,-18168.75
2400,-18274.25
2401,-18558.0
2402,-20386.5
2403,-18367.0
2404,-19736.5
2405,-18058.25
2406,-18897.25
2407,-18018.5
2408,-18688.25
2409,-18275.25
2410,-18785.5
2411,-18051.75
2412,-18206.0
2413,-17861.75
2414,-17101.75
2415,-18668.75
2416,-18140.5
2417,-18376.0
2418,-18139.25
2419,-18122.5
2420,-18138.25
2421,-18100.0
2422,-18674.75
2423,-18556.0
2424,-18572.25
2425,-17830.75
2426,-18256.25
2427,-17913.5
2428,-17795.0
2429,-18381.75
2430,-18250.25
2431,-18196.25
2432,-18198.5
2433,-18155.75
2434,-18162.75
2435,-18034.5
2436,-18831.25
2437,-18228.5
2438,-19455.75
2439,-18610.5
2440,-18090.25
2441,-18636.75
2442,-17683.0
2443,-20403.5
2444,-18348.0
2445,-19151.25
2446,-19016.75
2447,-17842.75
2448,-18515.75
2449,-18538.5
2450,-18487.75
2451,-18938.5
2452,-18539.5
2453,-18878.5
2454,-17709.0
2455,-18362.25
2456,-18586.0
2457,-18090.5
2458,-18468.25
2459,-18000.0
2460,-18283.0
2461,-18710.75
2462,-18677.5
2463,-18704.25
2464,-18581.5
2465,-18654.75
2466,-18919.25
2467,-18613.5
2468,-18652.25
2469,-18597.25
2470,-18189.25
2471,-18331.5
2472,-18738.0
2473,-18542.5
2474,-18250.25
2475,-18033.25
2476,-18680.0
2477,-18418.5
2478,-18095.0
2479,-18411.25
2480,-18592.0
2481,-18258.75
2482,-18689.5
2483,-17678.0
2484,-18676.5
2485,-18341.5
2486,-18377.0
2487,-18293.25
2488,-18339.0
2489,-18475.0
2490,-18624.75
2491,-18715.0
2492,-18277.5
2493,-18315.0
2494,-18199.75
2495,-18176.25
2496,-18470.5
2497,-17955.75
2498,-21007.75
2499,-19611.0
2500,-18927.5
2501,-17927.0
2502,-16596.5
2503,-18559.25
2504,-18076.75
2505,-18709.25
2506,-17387.0
2507,-18265.25
2508,-17993.5
2509,-16936.75
2510,-17611.5
2511,-18134.0
2512,-18180.5
2513,-17075.75
2514,-17878.0
2515,-18146.0
2516,-19207.25
2517,-17764.5
2518,-18237.75
2519,-17885.75
2520,-13091.25
2521,-18729.25
2522,-18655.0
2523,-17993.25
2524,-21134.25
2525,-18691.75
2526,-17857.25
2527,-17733.5
2528,-18294.0
2529,-18758.0
2530,-18206.0
2531,-18270.75
2532,-19250.25
2533,-19623.75
2534,-18058.0
2535,-19112.75
2536,-21178.75
2537,-18979.5
2538,-17894.0
2539,-17816.25
2540,-18277.0
2541,-18144.5
2542,-18089.0
2543,-16663.5
2544,-18127.5
2545,-17966.75
2546,-18273.0
2547,-17155.75
2548,-18672.25
2549,-19341.75
2550,-17883.0
2551,-18451.75
2552,-18105.5
2553,-19213.75
2554,-18389.0
2555,-18601.25
2556,-17822.5
2557,-18179.0
2558,-18488.75
2559,-19236.5
2560,-20994.5
2561,-18302.25
2562,-18180.25
2563,-20537.25
2564,-19112.5
2565,-20249.0
2566,-21009.5
2567,-18285.25
2568,-18898.25
2569,-18619.0
2570,-19891.75
2571,-17457.0
2572,-18396.5
2573,-18028.25
2574,-19393.75
2575,-18163.0
2576,-19879.25
2577,-17714.75
2578,-19035.25
2579,-18079.25
2580,-19638.0
2581,-17875.5
2582,-18459.5
2583,-18492.0
2584,-18257.5
2585,-17835.5
2586,-18043.75
2587,-17697.25
2588,-19370.0
2589,-18404.75
2590,-18521.0
2591,-16983.25
2592,-17541.0
2593,-18782.0
2594,-18230.0
2595,-17495.0
2596,-18482.25
2597,-18727.25
2598,-17356.75
2599,-18279.5
2600,-17721.75
2601,-18562.0
2602,-19547.75
2603,-18145.5
2604,-19398.0
2605,-19000.0
2606,-18474.25
2607,-17745.5
2608,-18268.75
2609,-11941.25
2610,-18280.0
2611,-17837.5
2612,-17535.0
2613,-17494.25
2614,-18969.5
2615,-17584.25
2616,-17997.25
2617,-17769.5
2618,-17651.75
2619,-18074.5
2620,-17405.5
2621,-18574.5
2622,-19858.75
2623,-17665.75
2624,-18602.75
2625,-17458.5
2626,-17573.25
2627,-17765.75
2628,-17900.5
2629,-17509.25
2630,-17567.0
2631,-18162.75
2632,-17549.75
2633,-18246.0
2634,-18969.0
2635,-18155.25
2636,-16314.5
2637,-17993.25
2638,-19130.5
2639,-18084.0
2640,-17781.5
2641,-18194.0
2642,-18061.75
2643,-18245.0
2644,-16832.0
2645,-19855.25
2646,-19229.75
2647,-18070.25
2648,-17674.25
2649,-17699.0
2650,-17304.0
2651,-17430.75
2652,-17120.0
2653,-17668.75
2654,-18020.5
2655,-17765.5
2656,-21731.0
2657,-18566.75
2658,-17756.5
2659,-17691.25
2660,-17302.25
2661,-17508.25
2662,-17806.0
2663,-17698.5
2664,-18330.25
2665,-17256.75
2666,-17873.5
2667,-18148.0
2668,-21107.75
2669,-17901.0
2670,-19667.25
2671,-17269.0
2672,-17684.25
2673,-17775.25
2674,-17730.0
2675,-19210.25
2676,-19381.75
2677,-17715.0
2678,-19261.5
2679,-17566.25
2680,-17107.5
2681,-16523.25
2682,-18118.25
2683,-18114.5
2684,-18090.25
2685,-17657.25
2686,-19493.75
2687,-17501.0
2688,-17995.0
2689,-17722.75
2690,-18051.75
2691,-18401.25
2692,-17654.0
2693,-17511.25
2694,-19531.0
2695,-17725.0
2696,-17491.25
2697,-18774.0
2698,-17263.25
2699,-20114.75
2700,-18443.75
2701,-17356.25
2702,-18100.0
2703,-19881.25
2704,-17683.25
2705,-20063.0
2706,-18569.25
2707,-18942.0
2708,-17727.75
2709,-19358.5
2710,-17892.0
2711,-17793.0
2712,-19529.0
2713,-18063.5
2714,-18494.5
2715,-18293.5
2716,-18294.75
2717,-18836.5
2718,-17842.5
2719,-17643.25
2720,-17949.0
2721,-17851.75
2722,-17690.25
2723,-18103.75
2724,-17867.25
2725,-17726.25
2726,-17848.0
2727,-18043.25
2728,-17863.25
2729,-18058.25
2730,-17718.25
2731,-16979.25
2732,-17759.75
2733,-17786.5
2734,-17309.5
2735,-17457.75
2736,-17896.5
2737,-16947.25
2738,-18171.0
2739,-17384.75
2740,-18020.25
2741,-17648.25
2742,-17323.5
2743,-16678.25
2744,-16822.75
2745,-18040.25
2746,-17701.75
2747,-17584.0
2748,-17378.25
2749,-18947.5
2750,-17675.25
2751,-19100.25
2752,-19320.75
2753,-16949.0
2754,-17180.0
2755,-17884.75
2756,-17649.0
2757,-17440.5
2758,-17152.5
2759,-18225.75
2760,-17365.5
2761,-17289.25
2762,-17830.25
2763,-16951.5
2764,-18230.5
2765,-19019.25
2766,-17469.75
2767,-18331.0
2768,-18154.75
2769,-16942.0
2770,-17693.0
2771,-17909.25
2772,-17442.5
2773,-17617.0
2774,-17744.5
2775,-17240.5
2776,-17101.25
2777,-17548.25
2778,-17749.75
2779,-18188.5
2780,-16825.0
2781,-18488.5
2782,-17697.75
2783,-18707.75
2784,-16614.5
2785,-17789.25
2786,-17485.5
2787,-18434.0
2788,-17745.0
2789,-18291.0
2790,-17544.5
2791,-16745.5
2792,-17588.0
2793,-17949.5
2794,-17981.5
2795,-17700.25
2796,-17418.75
2797,-17675.0
2798,-17399.25
2799,-17887.0
2800,-17635.25
2801,-17819.25
2802,-18060.25
2803,-17821.25
2804,-19021.75
2805,-18675.0
2806,-17487.75
2807,-17812.75
2808,-17567.25
2809,-17159.5
2810,-17304.75
2811,-17561.25
2812,-16800.75
2813,-17419.75
2814,-17632.25
2815,-17825.0
2816,-16687.25
2817,-18010.0
2818,-17877.5
2819,-18882.0
2820,-17644.5
2821,-16423.75
2822,-17416.75
2823,-18153.5
2824,-18073.75
2825,-17674.25
2826,-17547.75
2827,-18193.5
2828,-17043.0
2829,-16839.25
2830,-17355.75
2831,-17764.25
2832,-17358.5
2833,-17325.25
2834,-17392.5
2835,-17415.0
2836,-18374.75
2837,-16068.75
2838,-17413.25
2839,-17457.0
2840,-17504.75
2841,-17510.5
2842,-17401.5
2843,-17374.5
2844,-17523.25
2845,-16980.75
2846,-18139.25
2847,-17771.0
2848,-16923.75
2849,-17994.5
2850,-18156.5
2851,-17345.0
2852,-17688.5
2853,-17070.0
2854,-17688.25
2855,-17569.5
2856,-17609.0
2857,-17814.75
2858,-17360.25
2859,-18009.5
2860,-17671.25
2861,-17786.5
2862,-17780.0
2863,-17337.0
2864,-17536.5
2865,-16743.5
2866,-17893.25
2867,-17167.5
2868,-17439.25
2869,-18164.5
2870,-17973.5
2871,-17162.75
2872,-18017.25
2873,-17977.0
2874,-17248.0
2875,-16743.0
2876,-17656.0
2877,-18730.25
2878,-18006.25
2879,-17353.5
2880,-18003.5
2881,-17539.5
2882,-17673.5
2883,-18253.0
2884,-17995.25
2885,-17228.25
2886,-17529.75
2887,-17096.5
2888,-17821.75
2889,-16888.5
2890,-17325.25
2891,-17036.0
2892,-17398.5
2893,-17458.75
2894,-17630.5
2895,-17628.0
2896,-17781.75
2897,-18296.25
2898,-17301.5
2899,-17142.25
2900,-17085.0
2901,-16065.0
2902,-17702.5
2903,-17360.75
2904,-16957.25
2905,-17308.5
2906,-17783.5
2907,-17594.5
2908,-16889.25
2909,-16678.5
2910,-17417.25
2911,-17365.25
2912,-17690.75
2913,-11843.0
2914,-16797.25
2915,-17064.25
2916,-16812.0
2917,-18912.5
2918,-17798.25
2919,-17555.25
2920,-17681.75
2921,-17598.0
2922,-17521.5
2923,-18143.25
2924,-17404.5
2925,-10928.75
2926,-18370.25
2927,-16374.75
2928,-17132.5
2929,-17407.25
2930,-17635.75
2931,-17781.75
2932,-17238.5
2933,-17668.25
2934,-17262.0
2935,-17175.0
2936,-17132.0
2937,-17721.75
2938,-18469.75
2939,-18093.75
2940,-18271.5
2941,-17020.75
2942,-18636.75
2943,-18165.0
2944,-17413.5
2945,-17894.75
2946,-17833.0
2947,-17740.25
2948,-17574.0
2949,-17674.0
2950,-17858.5
2951,-18568.0
2952,-18302.0
2953,-17339.5
2954,-17940.5
2955,-17856.0
2956,-18130.75
2957,-17545.5
2958,-16979.0
2959,-17677.75
2960,-17293.25
2961,-17742.5
2962,-18268.25
2963,-16769.0
2964,-17465.5
2965,-17048.25
2966,-17746.25
2967,-18283.5
2968,-17722.75
2969,-16883.5
2970,-16810.25
2971,-17651.0
2972,-16318.25
2973,-18571.0
2974,-16828.75
2975,-18070.0
2976,-18015.5
2977,-18453.5
2978,-17597.25
2979,-17183.5
2980,-18346.5
2981,-17264.5
2982,-17317.25
2983,-17726.25
2984,-18209.0
2985,-17454.25
2986,-18479.5
2987,-18519.75
2988,-18318.0
2989,-17464.5
2990,-17330.5
2991,-18085.25
2992,-17866.5
2993,-17324.0
2994,-17973.75
2995,-17466.25
2996,-17167.5
2997,-17921.25
2998,-17327.75
2999,-15949.0
