0,-9567.5
1,-10889.5
2,-12550.25
3,-9665.75
4,-6990.25
5,-10741.5
6,-13222.25
7,-6460.5
8,-11305.5
9,-8561.25
10,-9276.0
11,-10786.0
12,-13178.5
13,-9645.5
14,-7979.75
15,-8312.5
16,-7323.75
17,-10949.75
18,-9895.25
19,-2589.0
20,-10223.5
21,-8406.25
22,-11294.25
23,-7675.5
24,-7516.5
25,-7951.5
26,-7729.75
27,-7642.25
28,-7814.75
29,-10699.25
30,-6307.25
31,-11103.25
32,-7123.5
33,-6229.75
34,-8452.25
35,-12019.0
36,-7584.5
37,-5091.5
38,-6785.0
39,-5898.5
40,-8172.0
41,-9386.75
42,-5231.0
43,-8762.25
44,-8515.0
45,-10093.25
46,-9660.0
47,-10280.25
48,-6429.5
49,-11833.5
50,-5755.25
51,-6916.75
52,-10773.5
53,-8377.5
54,-7852.5
55,-8944.75
56,-4696.25
57,-6077.25
58,-7322.75
59,-5286.5
60,-5064.0
61,-3001.5
62,-7187.25
63,-6996.25
64,-3725.0
65,-4963.75
66,-5592.5
67,-11544.5
68,-3016.75
69,-4867.0
70,-8154.75
71,-5865.0
72,-4344.0
73,-6990.75
74,-8689.25
75,-7697.5
76,-11604.0
77,-5937.75
78,-5942.5
79,-4729.75
80,-9540.5
81,-5726.25
82,-8245.5
83,-5136.0
84,-8697.75
85,-5509.25
86,-4479.5
87,-5368.25
88,-9435.0
89,-4210.75
90,-8208.5
91,-5157.75
92,-2291.5
93,-5200.25
94,-5911.75
95,-6097.0
96,-5755.0
97,-4698.75
98,-8218.5
99,-6217.75
100,-5341.25
101,-9477.25
102,-9770.75
103,-9370.5
104,-6211.75
105,-5260.25
106,-7967.75
107,-4669.25
108,-3156.25
109,-8817.0
110,-3312.25
111,-4782.0
112,-3609.75
113,-6632.0
114,-6148.0
115,-4040.25
116,-5422.25
117,-2009.0
118,-9621.75
119,-5458.75
120,-1983.5
121,-5402.75
122,-6092.0
123,-5169.75
124,-5298.75
125,-2699.0
126,-4919.5
127,-5491.5
128,-6831.25
129,-5930.75
130,-2370.5
131,-5214.25
132,-9261.0
133,-3791.0
134,-4551.25
135,-4577.5
136,-8257.25
137,-4454.25
138,-7580.25
139,-4011.0
140,-7173.0
141,-6428.5
142,-2039.75
143,-5383.5
144,-3952.25
145,-2350.0
146,-4283.5
147,-3423.75
148,-417.5
149,-3649.25
150,-4153.0
151,-3390.0
152,-2311.25
153,-4760.5
154,-3800.25
155,-4454.0
156,-7610.25
157,-8787.25
158,-3897.5
159,-4584.75
160,-4060.75
161,-2320.75
162,-3032.0
163,-4217.0
164,-4379.75
165,-987.0
166,-3671.5
167,-6746.75
168,-1501.75
169,-1388.5
170,-5179.25
171,-7108.0
172,-5339.25
173,-7326.75
174,-4201.75
175,-5368.25
176,-2469.5
177,-4944.75
178,-4342.25
179,-3739.5
180,-3395.75
181,-915.25
182,-4265.0
183,-1825.25
184,-3946.5
185,-5186.75
186,-5559.75
187,-3575.75
188,-6109.25
189,-7771.25
190,-4146.0
191,-4698.0
192,-2186.25
193,-3318.0
194,-5732.75
195,-2705.75
196,-11835.75
197,-2756.0
198,-4607.5
199,-6111.75
200,-6183.0
201,-6185.25
202,-5037.75
203,-3837.5
204,-6436.5
205,-7965.5
206,-7575.25
207,-5491.5
208,-5431.75
209,-4602.0
210,-5811.5
211,-5158.25
212,-2944.0
213,-3652.75
214,-7553.5
215,-2413.5
216,-4055.0
217,-4802.5
218,-4651.0
219,-6174.5
220,-602.25
221,-10436.25
222,-7517.75
223,-3707.0
224,-11628.75
225,-4403.0
226,-6482.0
227,-4715.75
228,-4582.0
229,-10927.75
230,-4198.25
231,-4326.0
232,-10653.75
233,-4399.25
234,-3707.0
235,-2583.0
236,-6811.25
237,-6103.5
238,-4464.75
239,-3184.25
240,-6231.5
241,-4206.25
242,-6639.75
243,-3823.25
244,-3813.25
245,-5077.5
246,-5768.25
247,-4878.5
248,-9181.0
249,-1314.5
250,-2952.75
251,-6725.25
252,-4706.75
253,-6926.75
254,1376.25
255,-7802.75
256,-1115.75
257,-4946.5
258,-1947.0
259,-6625.0
260,-4411.5
261,-7236.75
262,-5200.0
263,314.75
264,-1962.0
265,-3802.25
266,-674.75
267,-2248.75
268,-1858.0
269,-3306.0
270,-5130.75
271,-10210.25
272,-6855.5
273,-2502.75
274,-5356.5
275,1153.25
276,-4265.75
277,-1160.25
278,-1866.25
279,-5530.5
280,-1941.5
281,-3143.0
282,-3319.5
283,309.0
284,-4788.75
285,-4159.75
286,-307.5
287,-5009.75
288,-2739.75
289,-7424.25
290,-3776.5
291,-1777.0
292,-1414.5
293,-4287.75
294,-3245.5
295,-2859.0
296,-3292.0
297,-1504.0
298,-5034.5
299,-5542.75
300,-5035.25
301,-6601.25
302,-4840.75
303,-6972.0
304,-1793.0
305,-1859.25
306,-1812.25
307,-8703.75
308,-3438.25
309,-1996.0
310,614.5
311,-3614.75
312,-4529.75
313,-6852.5
314,-2612.0
315,-2613.25
316,-2129.5
317,-6942.0
318,-2505.75
319,-5732.25
320,-5203.0
321,-7434.5
322,-1888.75
323,-4824.0
324,-3969.25
325,-3695.5
326,-9236.25
327,-1700.0
328,-9107.5
329,-5693.5
330,-2904.0
331,-2174.5
332,-5038.25
333,-4932.25
334,-3162.25
335,-1700.5
336,-433.25
337,-2921.5
338,-3261.75
339,-2871.25
340,-8110.75
341,-6026.25
342,-3222.5
343,180.25
344,-5537.5
345,-226.75
346,-2755.75
347,168.0
348,-5581.25
349,-3692.25
350,-2874.25
351,1734.0
352,-3020.75
353,-8891.25
354,-168.0
355,-16.75
356,-109.75
357,-2352.0
358,349.5
359,1924.0
360,2281.25
361,689.25
362,-1081.25
363,247.0
364,-3694.25
365,997.25
366,-4161.25
367,-1716.25
368,-644.25
369,139.75
370,-5801.0
371,-8431.0
372,-9473.5
373,-4841.0
374,439.25
375,-5149.25
376,-638.5
377,486.5
378,-30.0
379,139.75
380,1445.0
381,-863.25
382,-759.5
383,-4.75
384,-446.25
385,-2608.5
386,-991.25
387,-4368.5
388,-5197.75
389,-3652.75
390,-1590.0
391,-1855.75
392,-696.25
393,-98.0
394,-2203.25
395,738.0
396,-2556.0
397,953.75
398,-449.5
399,-11194.75
400,-4456.75
401,-835.5
402,-1883.75
403,-8211.75
404,734.0
405,-1236.5
406,1847.75
407,385.0
408,464.25
409,-2533.0
410,-1841.5
411,-2613.0
412,1024.0
413,-527.25
414,1035.5
415,1292.75
416,-705.0
417,700.0
418,-921.75
419,-1970.25
420,-1831.0
421,2589.25
422,-275.5
423,-974.5
424,1439.0
425,-2911.75
426,1180.5
427,1368.0
428,56.75
429,-295.0
430,-2950.0
431,3733.25
432,-1378.25
433,398.5
434,-3542.75
435,999.5
436,1912.25
437,915.75
438,-2492.25
439,1803.75
440,1850.5
441,791.75
442,2523.25
443,4250.75
444,-6359.0
445,-3049.0
446,-3960.25
447,-3192.25
448,-4394.25
449,-8434.25
450,1001.75
451,1022.75
452,-1192.25
453,2649.0
454,-1648.75
455,2416.75
456,2977.0
457,3343.75
458,677.0
459,2551.0
460,-1726.25
461,2804.0
462,-2425.5
463,519.5
464,-6889.25
465,1177.75
466,523.5
467,-146.5
468,2847.5
469,-923.75
470,-2112.5
471,2328.75
472,2419.0
473,241.0
474,2672.75
475,1883.5
476,2238.25
477,4034.5
478,-3412.0
479,-583.5
480,1830.5
481,1412.75
482,1833.0
483,-596.0
484,2024.75
485,1220.75
486,474.0
487,3269.75
488,2018.5
489,3100.25
490,2231.0
491,-403.25
492,2612.25
493,-383.5
494,2809.0
495,-260.25
496,2075.25
497,5326.25
498,-6364.75
499,1719.25
500,2080.5
501,3739.75
502,3298.5
503,3058.25
504,-1033.25
505,3534.25
506,-70.0
507,3143.25
508,-431.0
509,3164.5
510,216.25
511,971.75
512,3292.5
513,1804.0
514,1193.75
515,-5817.75
516,1318.0
517,183.75
518,2629.75
519,2765.25
520,2063.0
521,-1425.25
522,2330.25
523,2289.25
524,2776.5
525,3238.25
526,1474.5
527,-27.25
528,2970.0
529,2966.75
530,1279.5
531,1972.5
532,2931.25
533,2281.25
534,1500.5
535,1752.75
536,-1722.5
537,4379.75
538,2270.0
539,-477.0
540,2349.25
541,2090.0
542,2929.0
543,-2298.5
544,2668.5
545,1649.25
546,1966.0
547,744.25
548,3046.0
549,2259.5
550,3248.0
551,885.0
552,-7816.5
553,-3258.25
554,296.75
555,5262.5
556,3169.25
557,3299.75
558,3681.5
559,2499.0
560,-266.5
561,1982.0
562,4059.25
563,4175.0
564,-264.25
565,4479.25
566,3612.0
567,4245.0
568,1831.25
569,-248.5
570,3040.0
571,2079.0
572,1819.25
573,5788.75
574,3570.75
575,4542.0
576,2581.0
577,5258.25
578,2133.25
579,3532.75
580,-691.25
581,2954.25
582,207.25
583,1555.5
584,1945.25
585,30.0
586,2074.75
587,1087.75
588,2981.5
589,3369.75
590,-213.5
591,4508.5
592,1857.75
593,243.0
594,3094.0
595,4512.75
596,-306.75
597,3143.0
598,449.5
599,2227.25
600,137.75
601,3415.0
602,2689.5
603,2475.5
604,4076.25
605,3853.75
606,3891.5
607,5096.0
608,-61.75
609,315.75
610,3979.0
611,-475.0
612,2565.0
613,3022.75
614,2834.5
615,4390.0
616,2085.75
617,3378.0
618,2449.0
619,1920.5
620,1455.75
621,3471.75
622,3929.25
623,2266.0
624,2514.5
625,571.25
626,2401.5
627,1807.25
628,4553.25
629,1087.5
630,835.0
631,1377.5
632,4000.25
633,3956.5
634,3218.5
635,2956.25
636,868.25
637,376.75
638,-841.5
639,2591.5
640,758.25
641,5053.25
642,3266.0
643,2770.5
644,1482.5
645,2718.5
646,-2683.0
647,3520.75
648,928.25
649,1337.75
650,2223.75
651,1319.25
652,1679.75
653,2433.5
654,1085.75
655,1833.25
656,2694.5
657,2695.25
658,2070.0
659,3498.5
660,2639.5
661,157.0
662,3418.25
663,3621.25
664,2717.25
665,2465.5
666,156.75
667,2659.5
668,2273.5
669,3647.5
670,-2659.75
671,4965.75
672,2725.5
673,2037.0
674,2164.75
675,4421.25
676,2479.25
677,3442.0
678,2221.0
679,1911.5
680,3326.25
681,2393.5
682,2623.25
683,3009.75
684,3456.25
685,5610.0
686,3655.25
687,3294.25
688,2127.25
689,3540.75
690,3212.75
691,5235.75
692,3041.25
693,3416.75
694,4700.5
695,2693.5
696,3343.0
697,1987.5
698,1736.5
699,2130.75
700,2786.5
701,1423.25
702,1448.25
703,2868.25
704,2428.75
705,4307.0
706,4308.25
707,3256.25
708,3775.75
709,5322.75
710,2584.0
711,4142.0
712,1233.5
713,3035.75
714,1435.25
715,2198.25
716,1824.0
717,3160.5
718,2909.5
719,4114.0
720,2957.25
721,1172.0
722,2840.75
723,1638.5
724,5084.5
725,4737.25
726,3523.5
727,4389.5
728,2643.75
729,4753.25
730,2554.25
731,3849.5
732,4493.0
733,2230.5
734,4997.0
735,3729.75
736,3631.25
737,1384.5
738,3519.0
739,3478.0
740,2458.75
741,3028.5
742,3463.25
743,2089.0
744,2893.0
745,2517.25
746,3477.25
747,2815.5
748,-213.5
749,3853.5
750,-577.5
751,3125.25
752,417.75
753,517.5
754,4802.75
755,3425.25
756,4494.5
757,2341.75
758,3744.0
759,4379.5
760,4756.5
761,-662.25
762,3272.75
763,2343.0
764,3174.5
765,4522.25
766,2436.0
767,3561.25
768,3411.5
769,-2646.0
770,2568.0
771,2344.5
772,4611.75
773,4906.25
774,4429.25
775,3432.0
776,1659.25
777,2713.75
778,4131.25
779,4279.75
780,2941.5
781,-3686.0
782,3019.0
783,3603.75
784,2785.0
785,3748.0
786,3276.0
787,3866.25
788,3862.25
789,2888.0
790,2396.25
791,-995.25
792,4049.75
793,2878.5
794,2727.5
795,2882.5
796,2172.5
797,4148.5
798,2165.5
799,2401.5
800,3525.25
801,4370.75
802,688.25
803,3851.75
804,5735.25
805,3951.75
806,4796.25
807,2937.5
808,2064.0
809,2665.75
810,3990.75
811,2619.25
812,2090.0
813,4614.5
814,2799.25
815,2383.25
816,2010.25
817,3998.5
818,-1748.25
819,3667.0
820,322.0
821,4648.0
822,2768.75
823,4790.0
824,2112.25
825,3781.75
826,3008.0
827,2092.0
828,4599.5
829,4166.25
830,3677.25
831,3308.75
832,2528.25
833,4359.75
834,3945.5
835,-767.5
836,435.75
837,3982.0
838,6215.5
839,2142.0
840,2723.0
841,4205.75
842,3267.5
843,-1562.0
844,2182.75
845,4611.0
846,3632.0
847,3007.25
848,4472.5
849,214.75
850,2524.25
851,-495.25
852,3631.25
853,2440.5
854,3739.5
855,4580.0
856,1020.75
857,5452.5
858,3504.75
859,2235.5
860,1793.0
861,1792.75
862,4075.25
863,-978.75
864,1452.75
865,577.0
866,3667.75
867,5078.5
868,3685.0
869,3069.0
870,4906.5
871,5362.5
872,4670.25
873,2806.25
874,-5950.0
875,-1394.75
876,1519.5
877,2845.25
878,1479.5
879,2923.5
880,724.75
881,4480.25
882,3824.5
883,3239.75
884,1142.75
885,383.5
886,4472.25
887,4029.0
888,3280.75
889,-187.0
890,1504.75
891,1303.5
892,995.25
893,3074.75
894,4334.25
895,694.25
896,1042.5
897,2871.5
898,3516.5
899,3895.0
900,3318.5
901,2758.25
902,5016.0
903,-3515.75
904,2115.25
905,4272.75
906,1823.5
907,-2291.5
908,1404.5
909,3209.25
910,4728.25
911,4769.5
912,861.5
913,5857.75
914,4063.0
915,4416.25
916,2628.0
917,4503.5
918,4149.0
919,1382.0
920,876.25
921,5063.25
922,4783.5
923,4491.5
924,130.25
925,-2959.0
926,-5160.0
927,601.0
928,2785.5
929,4710.5
930,3751.5
931,4575.75
932,3081.25
933,4124.25
934,4651.25
935,3871.75
936,3145.5
937,3487.5
938,-2296.0
939,1898.75
940,-1138.0
941,3073.0
942,2791.0
943,2838.25
944,4990.25
945,5462.0
946,2049.5
947,235.0
948,4596.5
949,-4522.25
950,3259.0
951,5187.75
952,928.25
953,5209.5
954,4467.0
955,6067.0
956,6470.5
957,5144.0
958,4496.5
959,3812.5
960,4242.75
961,3015.25
962,5221.25
963,-846.75
964,5927.0
965,6202.25
966,3491.0
967,2416.25
968,5188.0
969,2881.75
970,4541.5
971,3862.75
972,5311.25
973,3187.75
974,5006.75
975,5130.75
976,5212.75
977,4495.0
978,3389.5
979,5739.25
980,5829.5
981,2838.0
982,4826.25
983,4938.75
984,4732.75
985,4238.0
986,2686.0
987,4066.5
988,3725.5
989,4965.75
990,5297.5
991,6079.0
992,4857.75
993,2567.25
994,5416.0
995,3457.25
996,4505.75
997,5232.75
998,4605.75
999,4409.75
1000,3626.75
1001,4675.0
1002,5245.25
1003,5459.0
1004,4911.75
1005,4123.5
1006,4861.25
1007,4251.5
1008,4996.5
1009,4859.75
1010,5258.5
1011,5837.25
1012,4065.75
1013,5145.0
1014,5582.0
1015,4739.0
1016,2768.5
1017,4620.0
1018,2973.75
1019,4243.25
1020,4180.5
1021,1921.0
1022,3949.5
1023,3581.25
1024,790.5
1025,2487.25
1026,5946.5
1027,5386.25
1028,4231.5
1029,3915.0
1030,1287.25
1031,-3347.75
1032,1751.25
1033,4315.5
1034,3996.75
1035,3222.0
1036,789.25
1037,945.0
1038,723.25
1039,3465.25
1040,4993.0
1041,3708.0
1042,4172.25
1043,3002.25
1044,2971.0
1045,5571.75
1046,4015.75
1047,5328.5
1048,3330.75
1049,2095.25
1050,5076.25
1051,4918.0
1052,5078.5
1053,4915.25
1054,2674.5
1055,1062.75
1056,2754.0
1057,4312.5
1058,4151.5
1059,5315.5
1060,3316.25
1061,4878.0
1062,4568.75
1063,3334.75
1064,3878.5
1065,3870.5
1066,3413.0
1067,2500.75
1068,4397.75
1069,4729.0
1070,4633.0
1071,2999.25
1072,4248.0
1073,3221.25
1074,4519.0
1075,3093.25
1076,4379.75
1077,-6018.0
1078,3943.75
1079,5004.0
1080,1988.25
1081,3183.25
1082,5320.75
1083,5106.25
1084,5065.75
1085,5367.5
1086,4590.25
1087,5370.5
1088,3701.75
1089,5759.75
1090,5019.75
1091,4813.75
1092,4485.5
1093,5209.0
1094,5006.0
1095,3347.25
1096,4382.75
1097,2629.75
1098,4587.5
1099,3859.75
1100,4328.25
1101,3969.25
1102,3499.25
1103,5525.25
1104,4879.5
1105,5273.75
1106,1136.25
1107,4392.75
1108,5621.75
1109,4999.5
1110,-6261.0
1111,5486.25
1112,3385.25
1113,3636.75
1114,2976.0
1115,3915.0
1116,4307.75
1117,3948.25
1118,2481.0
1119,2531.25
1120,3825.25
1121,2117.25
1122,5373.5
1123,557.25
1124,4750.0
1125,2793.25
1126,584.5
1127,1785.75
1128,5277.25
1129,5284.5
1130,3660.75
1131,353.75
1132,4147.0
1133,4004.0
1134,2584.5
1135,1590.5
1136,4076.5
1137,4321.25
1138,1535.25
1139,3021.5
1140,-3477.0
1141,6157.5
1142,3604.25
1143,3064.0
1144,4664.75
1145,4816.5
1146,5530.0
1147,-3316.0
1148,3850.5
1149,4304.75
1150,5741.0
1151,1767.5
1152,4298.75
1153,2928.75
1154,5771.25
1155,3025.5
1156,3860.75
1157,4734.75
1158,1395.0
1159,4097.25
1160,4602.25
1161,4514.0
1162,3556.0
1163,1741.25
1164,3892.0
1165,5564.5
1166,-2458.75
1167,5737.0
1168,4739.0
1169,5496.5
1170,6064.0
1171,4437.75
1172,67.25
1173,2549.25
1174,5300.75
1175,3507.75
1176,3486.25
1177,2206.5
1178,3335.25
1179,3871.0
1180,4666.75
1181,-9482.75
1182,4425.25
1183,6471.5
1184,4187.25
1185,3835.25
1186,3000.0
1187,4808.75
1188,4927.0
1189,5182.0
1190,3851.0
1191,4856.75
1192,5016.5
1193,6659.0
1194,2129.25
1195,6162.0
1196,4107.0
1197,2613.5
1198,4601.25
1199,4518.0
1200,4657.75
1201,4991.5
1202,3244.5
1203,5530.25
1204,5190.0
1205,4959.75
1206,6243.25
1207,5389.0
1208,2995.0
1209,4641.25
1210,6525.5
1211,3846.0
1212,6147.5
1213,5010.75
1214,3855.0
1215,5369.75
1216,4490.5
1217,2927.0
1218,2949.75
1219,2979.75
1220,3045.75
1221,5132.5
1222,6185.75
1223,3457.0
1224,6254.5
1225,5557.75
1226,4155.5
1227,3407.5
1228,3996.25
1229,6785.25
1230,5057.5
1231,5184.25
1232,2676.0
1233,1653.25
1234,2904.75
1235,1849.5
1236,-1697.25
1237,4359.5
1238,-1763.5
1239,5021.0
1240,6224.75
1241,4869.75
1242,5433.0
1243,6481.0
1244,3616.0
1245,4290.25
1246,4272.75
1247,4211.75
1248,-2463.25
1249,-1033.5
1250,3214.5
1251,-4909.5
1252,650.5
1253,1766.25
1254,5298.5
1255,4846.75
1256,4948.5
1257,4642.5
1258,5882.25
1259,5138.0
1260,4876.75
1261,5703.5
1262,6214.75
1263,3696.25
1264,6523.0
1265,7373.5
1266,4504.5
1267,4819.25
1268,3847.25
1269,1289.25
1270,4396.0
1271,4359.25
1272,4495.5
1273,4198.5
1274,4558.0
1275,3819.0
1276,5293.0
1277,6115.0
1278,5556.25
1279,-1516.25
1280,4104.0
1281,6371.75
1282,6348.25
1283,5800.25
1284,5043.25
1285,5256.75
1286,6394.5
1287,5718.75
1288,2483.25
1289,6023.5
1290,6330.0
1291,5933.25
1292,5976.5
1293,2863.75
1294,4474.5
1295,724.0
1296,5197.5
1297,4271.5
1298,6381.75
1299,5578.25
1300,4737.75
1301,4062.75
1302,4337.25
1303,6592.0
1304,6562.75
1305,4674.75
1306,5842.25
1307,5622.5
1308,6262.5
1309,6406.5
1310,4084.75
1311,3115.5
1312,6304.25
1313,6016.0
1314,4646.75
1315,3069.5
1316,3736.75
1317,5197.75
1318,5470.0
1319,5319.75
1320,6899.75
1321,5306.25
1322,5896.25
1323,6027.75
1324,4724.25
1325,6849.75
1326,5404.5
1327,4184.25
1328,6491.25
1329,5629.0
1330,5472.25
1331,4055.0
1332,4580.25
1333,5905.25
1334,4981.5
1335,3357.75
1336,5978.25
1337,4537.75
1338,6248.25
1339,5010.0
1340,6503.25
1341,6422.5
1342,2753.5
1343,4987.0
1344,7264.75
1345,5559.5
1346,6407.25
1347,5291.75
1348,6059.75
1349,6596.75
1350,6939.5
1351,5939.0
1352,5846.5
1353,6101.0
1354,5745.0
1355,2229.25
1356,5315.25
1357,5727.5
1358,6236.25
1359,4668.25
1360,6177.75
1361,5846.0
1362,5089.5
1363,2708.75
1364,6310.0
1365,3741.75
1366,6498.75
1367,3937.5
1368,6109.25
1369,5969.75
1370,6430.5
1371,6793.25
1372,3134.25
1373,6627.0
1374,4971.25
1375,5206.0
1376,1443.25
1377,6639.25
1378,3978.0
1379,825.75
1380,1238.75
1381,2879.0
1382,457.0
1383,3408.75
1384,2558.75
1385,5330.5
1386,5008.25
1387,5691.5
1388,402.25
1389,5238.75
1390,440.75
1391,6269.0
1392,4662.0
1393,3669.25
1394,6232.25
1395,6473.25
1396,5068.5
1397,5612.75
1398,6467.5
1399,6712.75
1400,4144.0
1401,4689.0
1402,2587.25
1403,5843.0
1404,5239.5
1405,5731.5
1406,6990.0
1407,6472.25
1408,5625.5
1409,6658.5
1410,6730.25
1411,5997.25
1412,6530.75
1413,2372.0
1414,5576.5
1415,5088.5
1416,2078.25
1417,5802.75
1418,3541.0
1419,7021.5
1420,5562.25
1421,1611.5
1422,5952.75
1423,3140.25
1424,5738.0
1425,6103.75
1426,6680.25
1427,6790.0
1428,6219.25
1429,6439.0
1430,4853.0
1431,4763.0
1432,5790.75
1433,4136.0
1434,4829.5
1435,4476.0
1436,6639.75
1437,5304.25
1438,4193.0
1439,6935.25
1440,6427.75
1441,5580.75
1442,5539.75
1443,6602.25
1444,6300.0
1445,6441.25
1446,3695.0
1447,4297.0
1448,6767.75
1449,4358.75
1450,5618.0
1451,6752.25
1452,4961.75
1453,4477.0
1454,6264.75
1455,6154.0
1456,2875.5
1457,259.25
1458,6237.75
1459,3981.25
1460,6322.5
1461,5897.75
1462,7185.25
1463,7442.25
1464,5445.25
1465,7193.0
1466,7401.5
1467,5719.5
1468,6970.0
1469,5656.25
1470,2325.75
1471,156.5
1472,4982.5
1473,6822.25
1474,7275.0
1475,5759.25
1476,7533.75
1477,6594.0
1478,5049.75
1479,7557.25
1480,4565.5
1481,6725.5
1482,6293.75
1483,6595.5
1484,4163.0
1485,7072.5
1486,6574.0
1487,6605.25
1488,5579.5
1489,6610.25
1490,6366.0
1491,5257.25
1492,6892.5
1493,6206.0
1494,5741.75
1495,6540.0
1496,6420.25
1497,6594.75
1498,6900.0
1499,6282.0
1500,6261.25
1501,3114.75
1502,6614.25
1503,4333.5
1504,5607.75
1505,7243.75
1506,3482.25
1507,6065.25
1508,7012.25
1509,5851.25
1510,3200.25
1511,5186.75
1512,6843.0
1513,6206.0
1514,-967.0
1515,1886.25
1516,7291.0
1517,4224.75
1518,2465.0
1519,7298.5
1520,6038.0
1521,6824.75
1522,5746.75
1523,5739.0
1524,7556.0
1525,6175.75
1526,7459.5
1527,5662.75
1528,6936.0
1529,6019.5
1530,6599.5
1531,5806.25
1532,6151.25
1533,4349.0
1534,6348.25
1535,3240.0
1536,7204.5
1537,4261.75
1538,5865.75
1539,2515.75
1540,7301.5
1541,5624.25
1542,5814.75
1543,4682.25
1544,6855.0
1545,6870.0
1546,3399.5
1547,5888.5
1548,6336.0
1549,5340.0
1550,4994.25
1551,5209.5
1552,6157.75
1553,6833.0
1554,4388.0
1555,6989.5
1556,2987.5
1557,5809.5
1558,5485.0
1559,6126.0
1560,6514.75
1561,6768.25
1562,5939.0
1563,5611.5
1564,1637.75
1565,5739.75
1566,6726.5
1567,5557.5
1568,5596.25
1569,6170.5
1570,7759.0
1571,6192.25
1572,5965.25
1573,6915.5
1574,5074.75
1575,4788.5
1576,6999.5
1577,6989.25
1578,6251.0
1579,4261.75
1580,6848.75
1581,6991.0
1582,5011.5
1583,7225.5
1584,3017.75
1585,6667.25
1586,7047.75
1587,6507.5
1588,7702.0
1589,5828.0
1590,4407.0
1591,6576.5
1592,5702.75
1593,6715.0
1594,7883.25
1595,6960.75
1596,6475.5
1597,6008.5
1598,7135.25
1599,7906.0
1600,7669.25
1601,6252.75
1602,7407.75
1603,7248.75
1604,6927.0
1605,6935.5
1606,6148.75
1607,5423.5
1608,6913.0
1609,7898.75
1610,7689.0
1611,5927.75
1612,7264.5
1613,6256.5
1614,6142.0
1615,7792.25
1616,6764.25
1617,7273.5
1618,6705.5
1619,7647.25
1620,6568.5
1621,7430.25
1622,7178.5
1623,6011.5
1624,6085.25
1625,7279.75
1626,7636.0
1627,7169.25
1628,7868.0
1629,8005.0
1630,8228.0
1631,6936.5
1632,6168.75
1633,7182.5
1634,8567.75
1635,7220.25
1636,7977.0
1637,160.75
1638,5632.75
1639,8054.25
1640,8465.25
1641,7114.0
1642,7541.0
1643,6222.75
1644,7805.75
1645,7049.5
1646,6688.75
1647,7765.75
1648,7990.0
1649,7749.5
1650,6526.0
1651,7743.0
1652,7355.0
1653,7227.75
1654,5797.75
1655,8947.5
1656,5033.0
1657,6366.75
1658,7014.5
1659,7894.0
1660,7260.25
1661,7189.5
1662,4852.5
1663,7142.25
1664,6999.75
1665,6504.5
1666,7010.5
1667,6773.25
1668,3532.25
1669,8108.5
1670,7564.5
1671,3789.5
1672,4658.75
1673,5317.5
1674,6213.75
1675,7136.5
1676,-3536.25
1677,6154.0
1678,5500.25
1679,6149.75
1680,1496.0
1681,2783.25
1682,5218.25
1683,5025.0
1684,7971.0
1685,8141.75
1686,777.75
1687,1001.25
1688,2233.25
1689,3469.75
1690,5245.75
1691,3016.0
1692,6987.75
1693,6827.0
1694,4051.25
1695,5167.75
1696,6436.5
1697,3994.25
1698,6495.5
1699,5224.25
1700,5664.25
1701,5229.25
1702,7264.0
1703,4101.5
1704,6966.75
1705,5108.0
1706,5100.0
1707,7987.0
1708,7861.75
1709,5267.75
1710,5325.5
1711,5747.25
1712,4185.0
1713,5605.0
1714,7354.75
1715,8626.5
1716,4144.0
1717,6059.25
1718,7533.25
1719,7053.5
1720,7212.75
1721,5416.5
1722,6933.5
1723,7000.0
1724,6118.75
1725,7133.5
1726,5280.25
1727,6574.25
1728,7416.25
1729,7353.75
1730,7298.5
1731,6555.5
1732,7488.75
1733,7895.0
1734,5819.75
1735,6366.5
1736,1147.25
1737,7243.75
1738,6733.0
1739,7214.25
1740,7372.75
1741,7241.5
1742,6610.25
1743,7105.0
1744,4235.75
1745,6874.5
1746,5330.5
1747,6190.5
1748,4392.25
1749,4255.75
1750,6920.75
1751,8097.75
1752,5043.75
1753,4037.75
1754,5045.5
1755,7067.25
1756,-3793.5
1757,3153.5
1758,7578.0
1759,6986.75
1760,5541.25
1761,7730.0
1762,6280.0
1763,7692.0
1764,6982.75
1765,6186.75
1766,5393.75
1767,4289.0
1768,6562.0
1769,5285.5
1770,6616.5
1771,6440.0
1772,7687.25
1773,6337.0
1774,5768.75
1775,5995.25
1776,7663.25
1777,7313.25
1778,8181.25
1779,7297.75
1780,6057.25
1781,6481.75
1782,8121.25
1783,7145.5
1784,6611.25
1785,6206.25
1786,6485.0
1787,6380.0
1788,6393.25
1789,7733.75
1790,7581.25
1791,6407.25
1792,8088.5
1793,3777.0
1794,6527.0
1795,7471.75
1796,7903.75
1797,6107.0
1798,7832.75
1799,7833.5
1800,7761.0
1801,3013.0
1802,7884.25
1803,7862.0
1804,8295.75
1805,6237.5
1806,8084.75
1807,7754.25
1808,7954.0
1809,7241.0
1810,6997.75
1811,6365.75
1812,7963.0
1813,8155.75
1814,3150.5
1815,8127.5
1816,7941.25
1817,7856.75
1818,7937.25
1819,7884.25
1820,7686.75
1821,6348.25
1822,6849.5
1823,3416.0
1824,7963.25
1825,7845.25
1826,7822.5
1827,7815.25
1828,5877.5
1829,4801.5
1830,7461.25
1831,-628.75
1832,7956.75
1833,5229.5
1834,7419.5
1835,5855.25
1836,7982.75
1837,6590.0
1838,8323.5
1839,7003.0
1840,5688.5
1841,8226.0
1842,7958.0
1843,4930.75
1844,7809.25
1845,4472.25
1846,7509.0
1847,3787.5
1848,5481.0
1849,5576.75
1850,5466.0
1851,7017.25
1852,7011.25
1853,8124.5
1854,7442.0
1855,7825.0
1856,6929.25
1857,8236.75
1858,5368.25
1859,4638.25
1860,7773.5
1861,8716.0
1862,8782.0
1863,3257.75
1864,8069.0
1865,8246.25
1866,8110.5
1867,5834.25
1868,7789.5
1869,6660.75
1870,7767.25
1871,5257.5
1872,8354.25
1873,8005.0
1874,7746.0
1875,8364.5
1876,516.0
1877,4803.75
1878,7131.5
1879,8906.75
1880,8842.0
1881,8031.75
1882,6829.75
1883,7861.5
1884,7107.25
1885,8204.25
1886,7837.0
1887,7304.75
1888,7776.75
1889,7755.75
1890,7799.5
1891,8622.5
1892,8104.25
1893,8054.25
1894,8123.5
1895,8396.25
1896,6843.25
1897,8287.0
1898,8459.5
1899,7667.25
1900,8267.0
1901,8680.0
1902,4623.25
1903,8221.25
1904,8000.25
1905,8395.25
1906,5580.5
1907,7949.0
1908,6216.0
1909,7036.0
1910,7705.0
1911,5006.75
1912,1063.75
1913,5213.75
1914,6006.25
1915,5785.5
1916,3203.5
1917,8638.5
1918,6234.75
1919,8443.5
1920,8223.0
1921,7378.0
1922,6839.75
1923,8386.25
1924,6538.5
1925,4001.5
1926,8020.25
1927,8187.0
1928,8254.5
1929,8404.5
1930,8043.5
1931,8540.5
1932,8035.0
1933,5088.75
1934,8386.5
1935,7577.0
1936,6618.25
1937,7783.75
1938,8496.0
1939,8056.25
1940,7726.0
1941,8541.75
1942,8402.0
1943,7899.25
1944,7151.25
1945,8220.75
1946,8316.5
1947,7673.0
1948,6760.25
1949,8384.5
1950,7977.25
1951,7932.5
1952,8119.0
1953,8178.0
1954,7982.5
1955,8497.75
1956,8662.0
1957,8158.75
1958,8000.5
1959,8255.5
1960,7696.25
1961,8275.0
1962,8491.5
1963,8275.25
1964,8491.0
1965,8510.25
1966,8564.75
1967,8588.75
1968,7824.25
1969,7982.25
1970,8292.25
1971,8509.0
1972,7832.75
1973,4881.75
1974,8962.5
1975,8002.5
1976,8509.0
1977,8119.0
1978,8569.75
1979,8497.0
1980,8491.5
1981,8639.0
1982,8462.75
1983,8142.5
1984,8319.25
1985,8876.25
1986,8372.5
1987,8298.5
1988,8176.25
1989,8124.25
1990,7478.25
1991,8462.25
1992,6202.0
1993,7584.5
1994,7363.25
1995,7370.75
1996,8235.5
1997,7146.5
1998,8163.25
1999,8395.5
2000,2080.25
2001,8115.0
2002,8763.5
2003,8092.75
2004,8802.0
2005,8506.5
2006,8232.25
2007,5156.25
2008,7347.75
2009,6913.5
2010,8078.0
2011,8131.25
2012,7525.5
2013,7438.5
2014,8176.5
2015,6894.0
2016,5035.0
2017,5679.75
2018,8313.75
2019,8178.25
2020,8418.0
2021,8203.25
2022,8814.0
2023,8440.0
2024,8280.75
2025,8138.0
2026,7426.5
2027,8455.25
2028,8525.75
2029,8409.0
2030,8443.75
2031,7843.5
2032,7598.75
2033,7943.0
2034,8694.25
2035,8442.25
2036,6822.75
2037,8025.75
2038,8487.5
2039,8605.0
2040,7204.5
2041,8385.0
2042,8654.0
2043,7876.5
2044,8452.25
2045,7728.0
2046,8586.75
2047,6713.75
2048,8358.25
2049,8418.5
2050,7938.0
2051,8745.0
2052,6943.75
2053,8289.0
2054,8308.25
2055,8409.0
2056,8314.25
2057,7382.25
2058,8622.25
2059,6841.0
2060,7786.5
2061,6278.5
2062,7998.75
2063,8115.0
2064,7573.5
2065,8468.75
2066,3528.25
2067,8597.25
2068,8069.25
2069,8468.75
2070,7436.5
2071,7534.75
2072,8438.0
2073,8045.25
2074,8605.25
2075,8431.0
2076,8386.75
2077,8543.5
2078,7715.5
2079,8622.25
2080,8353.75
2081,7572.5
2082,7602.5
2083,6440.75
2084,7780.75
2085,4372.0
2086,8171.5
2087,7998.5
2088,7922.25
2089,7447.25
2090,7938.75
2091,8486.25
2092,7689.25
2093,6816.75
2094,8577.25
2095,8099.25
2096,5749.5
2097,8504.0
2098,8113.5
2099,7842.5
2100,8623.0
2101,7145.5
2102,8559.5
2103,7682.5
2104,8322.75
2105,8012.75
2106,8452.5
2107,8832.5
2108,7820.75
2109,4496.0
2110,8338.75
2111,4326.75
2112,7825.0
2113,7868.0
2114,8534.75
2115,7472.5
2116,4571.25
2117,8256.25
2118,8772.25
2119,8939.75
2120,8608.75
2121,8256.0
2122,8707.0
2123,7238.75
2124,8560.5
2125,8662.75
2126,8357.0
2127,8719.5
2128,8611.5
2129,7893.5
2130,8692.25
2131,8016.5
2132,6936.5
2133,7574.75
2134,8306.25
2135,6402.25
2136,8226.5
2137,1625.75
2138,7656.75
2139,8265.0
2140,8592.0
2141,7006.5
2142,8569.0
2143,8233.75
2144,8657.5
2145,8829.0
2146,7730.0
2147,8643.25
2148,8575.0
2149,8644.75
2150,8577.5
2151,2334.75
2152,8808.5
2153,8263.0
2154,8519.75
2155,8981.0
2156,2632.5
2157,8178.5
2158,5159.5
2159,8713.0
2160,8379.25
2161,8519.0
2162,8682.0
2163,8716.75
2164,7919.25
2165,8797.25
2166,8774.75
2167,8653.0
2168,6942.75
2169,8691.0
2170,7797.25
2171,7704.5
2172,7329.5
2173,8439.25
2174,9042.5
2175,9336.0
2176,4546.25
2177,6948.5
2178,7689.75
2179,7097.0
2180,6322.75
2181,3065.0
2182,5584.0
2183,6000.5
2184,8405.25
2185,7995.25
2186,7810.0
2187,8214.0
2188,7777.5
2189,8051.25
2190,7142.5
2191,8121.75
2192,6811.75
2193,7287.0
2194,6637.5
2195,6434.75
2196,7335.25
2197,6102.25
2198,7198.75
2199,7083.25
2200,6779.0
2201,8159.75
2202,8758.75
2203,7663.0
2204,7209.5
2205,7558.25
2206,4977.75
2207,3912.0
2208,6666.75
2209,4669.0
2210,6686.5
2211,6977.0
2212,6715.25
2213,6954.25
2214,3230.75
2215,6745.0
2216,8785.25
2217,760.0
2218,4665.25
2219,5076.5
2220,6854.25
2221,7183.5
2222,7116.5
2223,7301.5
2224,7618.75
2225,-10565.25
2226,7407.0
2227,7776.75
2228,7274.75
2229,2146.75
2230,8618.25
2231,6678.75
2232,5214.0
2233,5756.5
2234,6496.0
2235,5792.25
2236,6863.5
2237,8093.75
2238,7293.5
2239,7534.75
2240,7676.0
2241,7373.75
2242,7179.5
2243,7450.25
2244,5447.0
2245,8284.0
2246,8237.5
2247,8534.5
2248,7223.25
2249,6713.0
2250,7356.5
2251,6726.75
2252,7763.5
2253,-466.75
2254,7918.75
2255,6892.25
2256,8382.5
2257,6850.25
2258,7687.0
2259,7531.5
2260,7778.5
2261,7293.0
2262,8463.75
2263,7537.75
2264,6267.5
2265,7785.0
2266,3706.75
2267,4418.75
2268,5906.5
2269,5533.75
2270,1150.0
2271,1496.25
2272,20.0
2273,5252.0
2274,4709.0
2275,2897.5
2276,2869.75
2277,5230.25
2278,2901.75
2279,5972.75
2280,2128.25
2281,2092.0
2282,1910.75
2283,239.75
2284,1964.0
2285,5014.5
2286,6057.75
2287,-2889.75
2288,3284.25
2289,4794.0
2290,4495.5
2291,3706.5
2292,5478.75
2293,5954.25
2294,7190.5
2295,6585.25
2296,2939.25
2297,4098.75
2298,1578.5
2299,5491.25
2300,3612.5
2301,4016.0
2302,4441.75
2303,3307.0
2304,5914.0
2305,4869.5
2306,3189.25
2307,5335.5
2308,3562.0
2309,5075.75
2310,5179.0
2311,4209.75
2312,-20.5
2313,2347.0
2314,4165.0
2315,5792.5
2316,3701.75
2317,538.25
2318,795.0
2319,2879.0
2320,4061.75
2321,4622.0
2322,5213.25
2323,4609.5
2324,4340.75
2325,2862.0
2326,3406.75
2327,2321.0
2328,4434.75
2329,3761.25
2330,5654.75
2331,4500.75
2332,2692.75
2333,2337.75
2334,-494.5
2335,3805.0
2336,5843.75
2337,3650.5
2338,4505.75
2339,5840.75
2340,5573.25
2341,2737.75
2342,2328.75
2343,2206.75
2344,1216.75
2345,3607.75
2346,2627.75
2347,1155.75
2348,4306.5
2349,4008.0
2350,5010.0
2351,5931.75
2352,5154.0
2353,5243.5
2354,4580.5
2355,4823.5
2356,5211.75
2357,5264.0
2358,4214.25
2359,3626.75
2360,4970.0
2361,3549.0
2362,5051.75
2363,4685.0
2364,5849.0
2365,4147.5
2366,5577.25
2367,5215.5
2368,491.75
2369,2468.25
2370,4716.25
2371,3178.75
2372,3241.5
2373,4714.25
2374,3263.75
2375,1967.5
2376,3329.75
2377,3516.5
2378,5634.5
2379,5692.25
2380,966.25
2381,4104.75
2382,5284.0
2383,3805.5
2384,4449.75
2385,5297.75
2386,4785.5
2387,3951.75
2388,4079.5
2389,4588.25
2390,4001.0
2391,4504.25
2392,3531.0
2393,4036.5
2394,3942.25
2395,2099.5
2396,4603.5
2397,4492.0
2398,6016.5
2399,5149.5
2400,2240.25
2401,2311.25
2402,4522.0
2403,6100.0
2404,6537.25
2405,3647.0
2406,5105.5
2407,6072.25
2408,5498.5
2409,4956.75
2410,5756.0
2411,5927.5
2412,6215.0
2413,6343.0
2414,6191.0
2415,2521.25
2416,3923.5
2417,3916.75
2418,3199.5
2419,4987.25
2420,3781.5
2421,4189.75
2422,4168.0
2423,4380.0
2424,468.25
2425,4979.0
2426,3020.0
2427,3764.0
2428,6210.0
2429,5296.0
2430,5000.5
2431,6062.0
2432,1740.25
2433,5646.25
2434,4953.25
2435,3397.0
2436,2368.25
2437,4749.75
2438,2831.25
2439,5397.0
2440,4499.25
2441,5696.0
2442,4871.25
2443,4893.5
2444,4464.75
2445,2649.5
2446,6087.75
2447,3484.75
2448,2957.25
2449,6024.25
2450,5824.25
2451,5973.75
2452,5065.0
2453,6309.0
2454,4870.75
2455,4090.75
2456,5718.75
2457,6003.5
2458,3877.75
2459,5800.75
2460,5030.0
2461,6440.75
2462,5856.75
2463,6271.0
2464,2250.0
2465,6247.0
2466,6132.0
2467,6391.5
2468,6216.0
2469,5731.5
2470,5100.5
2471,5639.0
2472,5666.75
2473,5804.0
2474,6283.0
2475,6142.5
2476,4438.75
2477,4876.5
2478,5474.25
2479,5895.0
2480,5240.0
2481,5800.25
2482,4314.0
2483,5447.0
2484,5099.25
2485,5114.5
2486,5674.5
2487,4726.25
2488,4923.0
2489,4020.0
2490,5609.75
2491,5062.75
2492,5706.5
2493,6308.25
2494,6097.5
2495,5841.75
2496,4644.0
2497,5288.25
2498,6195.5
2499,5656.25
2500,5847.0
2501,5918.5
2502,5202.25
2503,5972.25
2504,3208.75
2505,5107.75
2506,5389.25
2507,3966.75
2508,5728.25
2509,6244.5
2510,5592.25
2511,4381.5
2512,5976.5
2513,6086.25
2514,5093.0
2515,5990.25
2516,2811.75
2517,5527.75
2518,5310.25
2519,5753.25
2520,5955.0
2521,5506.0
2522,5850.25
2523,5693.25
2524,5978.5
2525,4599.0
2526,5336.75
2527,6461.75
2528,5594.75
2529,6072.25
2530,6070.5
2531,5930.5
2532,5855.0
2533,6068.75
2534,6470.5
2535,5933.25
2536,5832.75
2537,6065.75
2538,5440.25
2539,6043.0
2540,5317.25
2541,6354.0
2542,5366.5
2543,5220.75
2544,6096.75
2545,6076.0
2546,5739.25
2547,4941.0
2548,5725.5
2549,5602.75
2550,4264.0
2551,2400.25
2552,4984.0
2553,5973.75
2554,6052.5
2555,5673.5
2556,4396.25
2557,5958.75
2558,3235.75
2559,4128.75
2560,6216.0
2561,5162.5
2562,5884.25
2563,3957.0
2564,3858.25
2565,3358.25
2566,2841.25
2567,3500.75
2568,4801.5
2569,2272.0
2570,1432.5
2571,3531.25
2572,3229.5
2573,2555.5
2574,2534.25
2575,644.75
2576,3119.25
2577,3250.0
2578,2842.75
2579,297.0
2580,486.0
2581,2584.25
2582,-1920.5
2583,-93.0
2584,1009.5
2585,1857.75
2586,-1063.0
2587,-781.5
2588,-1120.0
2589,-1778.25
2590,188.0
2591,3109.0
2592,879.25
2593,1717.0
2594,1555.75
2595,-551.25
2596,-3085.75
2597,953.75
2598,1364.25
2599,279.75
2600,-2040.25
2601,-9791.5
2602,586.5
2603,-2625.75
2604,-6628.25
2605,-4173.25
2606,-5690.25
2607,-2336.5
2608,-3422.25
2609,-3447.25
2610,-4161.75
2611,-843.5
2612,-3920.75
2613,-2746.5
2614,-1613.5
2615,-3281.25
2616,-1660.0
2617,-4389.5
2618,-4622.5
2619,-2640.25
2620,-4588.5
2621,-1862.5
2622,-1237.75
2623,-2088.25
2624,-1319.5
2625,-1497.5
2626,2009.75
2627,-1581.25
2628,-4463.25
2629,-1629.5
2630,-3629.25
2631,-2126.0
2632,-2103.25
2633,-777.75
2634,-2522.0
2635,-6717.25
2636,-2768.5
2637,-3196.5
2638,-987.5
2639,1882.75
2640,1387.5
2641,-2240.75
2642,2400.5
2643,1880.25
2644,1731.25
2645,-3648.25
2646,-3845.5
2647,-993.5
2648,-1891.75
2649,318.25
2650,-2771.25
2651,-2848.5
2652,-5509.0
2653,-3391.25
2654,-7808.0
2655,-1060.0
2656,-7893.0
2657,-6897.25
2658,-2259.75
2659,-5415.5
2660,-3029.75
2661,-3522.5
2662,-1561.0
2663,-255.75
2664,-4765.5
2665,-4400.0
2666,-5761.5
2667,-6536.75
2668,-2920.75
2669,-2283.25
2670,-3507.75
2671,-1839.25
2672,-13723.75
2673,-6232.25
2674,-4622.0
2675,-11734.0
2676,-10346.75
2677,-8285.5
2678,-3448.0
2679,-7936.5
2680,-1991.75
2681,-1759.0
2682,-2385.75
2683,-1557.5
2684,-2307.75
2685,-1680.5
2686,-6030.25
2687,-522.75
2688,-1062.75
2689,-904.5
2690,-1224.5
2691,-2878.0
2692,-562.75
2693,-816.25
2694,-234.5
2695,-1250.25
2696,-2388.75
2697,-1234.75
2698,-576.25
2699,96.75
2700,-940.0
2701,-5004.5
2702,-3426.75
2703,-1361.0
2704,-3403.5
2705,-5884.75
2706,-9284.5
2707,-5303.25
2708,-5104.0
2709,-3804.75
2710,-3938.5
2711,-7890.75
2712,-1775.75
2713,-3010.75
2714,-936.75
2715,-3931.0
2716,-3548.0
2717,-3469.25
2718,-2952.25
2719,-1704.25
2720,-2125.25
2721,-2215.25
2722,-2426.75
2723,-2433.75
2724,-3114.25
2725,-2202.25
2726,800.0
2727,-2691.25
2728,-1122.75
2729,-1909.5
2730,-2110.75
2731,-1756.75
2732,-4762.5
2733,-1833.75
2734,-2156.5
2735,-1995.0
2736,-5028.5
2737,-1286.0
2738,-389.75
2739,-264.25
2740,1150.0
2741,-760.75
2742,-949.75
2743,0.75
2744,-415.0
2745,-628.25
2746,-2702.5
2747,350.75
2748,-6753.5
2749,-1599.25
2750,-2594.0
2751,-4180.25
2752,-6780.0
2753,-3940.25
2754,-5581.5
2755,-5095.5
2756,-5360.75
2757,-1280.75
2758,-2093.75
2759,-1834.75
2760,-877.5
2761,-934.25
2762,-2054.0
2763,-5386.25
2764,-245.0
2765,-2205.5
2766,-1121.0
2767,-1361.75
2768,-3521.0
2769,-3626.0
2770,-2741.75
2771,-6190.25
2772,-7418.0
2773,-2916.0
2774,-3221.75
2775,-1769.0
2776,-1869.75
2777,-1208.0
2778,-3338.5
2779,-3360.0
2780,-716.25
2781,-443.0
2782,-4065.75
2783,-936.25
2784,-3546.75
2785,529.25
2786,-1497.5
2787,-4498.75
2788,-2446.25
2789,-5046.25
2790,-4049.25
2791,-7848.0
2792,-1929.25
2793,-2353.75
2794,-4600.25
2795,-2625.75
2796,-1105.0
2797,-2323.25
2798,-2769.75
2799,-3326.5
2800,-3117.75
2801,-5111.25
2802,-3703.25
2803,-7069.75
2804,-7500.0
2805,-9234.0
2806,-4239.25
2807,-5213.75
2808,-7958.0
2809,-4517.25
2810,-3994.75
2811,-3056.75
2812,-5194.75
2813,-3422.25
2814,-6656.75
2815,-2991.25
2816,-4895.0
2817,-5086.25
2818,-5088.5
2819,-4452.75
2820,-5090.25
2821,-5774.5
2822,-3303.75
2823,-1997.0
2824,-2449.75
2825,-2317.0
2826,-1202.25
2827,-3404.0
2828,-2108.75
2829,-3243.0
2830,-2753.0
2831,-3440.75
2832,-2727.25
2833,-2222.25
2834,-2616.0
2835,-3111.25
2836,-2054.25
2837,-2557.5
2838,-3255.25
2839,-1278.25
2840,-3050.5
2841,-5225.25
2842,-3057.75
2843,-2410.75
2844,-2102.5
2845,-2008.25
2846,-3393.5
2847,-2211.25
2848,-1520.25
2849,-2783.5
2850,-2587.25
2851,-4609.75
2852,-7424.75
2853,-5738.5
2854,-4675.5
2855,-1761.0
2856,-3985.25
2857,-1535.0
2858,-1639.0
2859,-1133.0
2860,-3250.75
2861,-3285.75
2862,-2883.75
2863,751.75
2864,-4201.25
2865,-2348.5
2866,-3267.0
2867,-1916.75
2868,-1594.25
2869,-5005.75
2870,-1503.5
2871,-704.25
2872,-6126.75
2873,-2296.75
2874,-2834.5
2875,-3003.5
2876,679.5
2877,2036.5
2878,-2851.25
2879,-5429.0
2880,-7237.25
2881,-542.5
2882,-9657.5
2883,-6880.5
2884,-5696.25
2885,-10169.75
2886,-13164.25
2887,-12968.75
2888,-362.25
2889,-725.25
2890,-6255.25
2891,-9345.5
2892,-8589.5
2893,-9805.75
2894,-9631.75
2895,-4748.5
2896,-10338.25
2897,-8323.25
2898,-7853.75
2899,-4948.25
2900,-1234.0
2901,-8749.75
2902,-3463.75
2903,-2192.5
2904,-3277.25
2905,-1705.0
2906,-8022.0
2907,-5248.25
2908,-6492.75
2909,-3306.0
2910,-2993.5
2911,-6087.75
2912,-3023.5
2913,-2653.25
2914,-632.75
2915,-2968.25
2916,-2900.75
2917,-2538.75
2918,-888.75
2919,-1975.0
2920,-968.25
2921,-6258.0
2922,-3449.5
2923,-4157.75
2924,-3440.75
2925,-3328.75
2926,-3448.75
2927,-3910.5
2928,-950.5
2929,-127.0
2930,-1170.75
2931,2243.5
2932,-742.75
2933,2367.25
2934,1948.0
2935,2035.5
2936,-3818.75
2937,-1087.25
2938,-1815.5
2939,-69.25
2940,-4566.25
2941,-2363.0
2942,299.0
2943,1364.25
2944,-1677.25
2945,161.5
2946,-2494.25
2947,-1533.25
2948,-7178.0
2949,-1729.5
2950,-767.25
2951,-4455.0
2952,-3015.0
2953,-2358.25
2954,-4327.25
2955,-4625.5
2956,-1088.0
2957,-3554.25
2958,-1493.75
2959,-2359.75
2960,-795.25
2961,-990.25
2962,-2980.5
2963,-1398.5
2964,-1499.5
2965,-415.0
2966,-499.0
2967,-6706.25
2968,-350.25
2969,-4362.75
2970,-4138.5
2971,-2845.25
2972,-4141.25
2973,-3217.75
2974,-2033.0
2975,-3253.0
2976,538.0
2977,-1669.0
2978,-1565.5
2979,-2040.5
2980,-2123.75
2981,-1592.75
2982,-826.0
2983,46.25
2984,-180.75
2985,-797.75
2986,-4786.0
2987,1072.0
2988,972.0
2989,-7503.25
2990,-6996.0
2991,-4353.0
2992,-2728.0
2993,-2386.25
2994,-2216.5
2995,-4411.0
2996,-2395.75
2997,-2297.0
2998,-1278.0
2999,-23.5
