-37170.0
-24089.0
-23145.0
-29939.0
-25283.0
-28271.0
-38217.0
-25229.0
-16456.0
-25654.0
-24669.0
-29717.0
-18108.0
-21753.0
-19170.0
-21837.0
-16006.0
-22679.0
-14360.0
-23325.0
-38558.0
-13235.0
-19896.0
-21685.0
-23045.0
-25526.0
-26739.0
-12271.0
-25800.0
-25838.0
-29662.0
-29233.0
-26387.0
-17015.0
-16049.0
-23653.0
-21161.0
-19049.0
-17452.0
-28744.0
-18896.0
-16914.0
-15962.0
-23255.0
-14616.0
-18540.0
-26455.0
-15724.0
-18468.0
-25064.0
-27607.0
-24569.0
-30829.0
-20049.0
-19962.0
-16453.0
-20494.0
-19212.0
-20910.0
-17579.0
-19696.0
-20054.0
-16863.0
-16898.0
-20592.0
-27405.0
-24135.0
-25595.0
-21163.0
-27002.0
-27002.0
-19711.0
-26384.0
-22690.0
-22608.0
-35747.0
-17767.0
-13451.0
-22840.0
-18634.0
-20859.0
-21685.0
-27760.0
-16258.0
-11740.0
-23469.0
-22061.0
-19125.0
-16731.0
-21467.0
-18186.0
-20376.0
-22034.0
-19070.0
-14290.0
-25764.0
-28315.0
-20686.0
-11530.0
-26932.0
-19161.0
-21107.0
-29236.0
-16755.0
-15089.0
-21033.0
-22980.0
-19256.0
-22345.0
-21414.0
-16630.0
-11447.0
-16457.0
-17142.0
-19658.0
-29569.0
-11899.0
-12626.0
-21510.0
-22375.0
-30055.0
-17882.0
-20765.0
-17744.0
-16327.0
-16033.0
-17133.0
-25712.0
-25994.0
-18745.0
-29162.0
-31776.0
-22156.0
-23247.0
-16469.0
-14657.0
-17638.0
-31471.0
-18355.0
-17766.0
-13591.0
-11357.0
-14679.0
-18321.0
-14914.0
-17073.0
-21902.0
-22152.0
-15222.0
-29678.0
-22225.0
-21348.0
-32420.0
-13163.0
-17071.0
-10659.0
-20459.0
-18766.0
-18633.0
-13451.0
-20249.0
-13005.0
-9085.0
-15333.0
-13082.0
-26215.0
-17446.0
-12694.0
-27538.0
-16911.0
-23732.0
-13193.0
-23375.0
-19159.0
-12847.0
-21343.0
-25557.0
-16495.0
-18475.0
-19816.0
-21318.0
-18485.0
-22930.0
-20590.0
-9548.0
-13128.0
-17543.0
-13439.0
-18208.0
-15701.0
-11122.0
-8167.0
-17372.0
-15331.0
-16084.0
-18779.0
-24266.0
-19492.0
-13531.0
-22425.0
-10486.0
-11859.0
-24782.0
-10845.0
-11760.0
-17022.0
-16551.0
-22788.0
-18744.0
-12380.0
-17490.0
-11870.0
-16300.0
-10068.0
-13062.0
-22312.0
-9869.0
-8401.0
-13299.0
-20261.0
-15994.0
-13042.0
-23377.0
-20172.0
-17412.0
-18733.0
-18876.0
-11602.0
-13821.0
-15932.0
-14028.0
-20221.0
-23149.0
-10072.0
-11067.0
-8783.0
-16943.0
-11775.0
-8624.0
-16840.0
-12212.0
-14531.0
-15815.0
-14550.0
-11938.0
-8741.0
-18898.0
-15104.0
-9514.0
-18138.0
-14945.0
-22191.0
-25183.0
-9264.0
-13632.0
-13898.0
-22258.0
-18459.0
-7081.0
-10078.0
-22799.0
-12133.0
-12207.0
-14519.0
-16277.0
-21159.0
-8804.0
-8434.0
-19218.0
-15875.0
-22077.0
-12186.0
-13833.0
-14555.0
-13474.0
-14150.0
-12149.0
-8871.0
-17126.0
-12469.0
-12595.0
-13614.0
-23537.0
-17435.0
-11013.0
-7499.0
-19655.0
-16052.0
-9720.0
-19155.0
-10114.0
-11021.0
-9307.0
-16935.0
-8063.0
-7856.0
-12405.0
-10885.0
-13390.0
-14006.0
-9300.0
-12427.0
-28415.0
-8635.0
-9260.0
-19260.0
-18576.0
-18289.0
-8328.0
-7027.0
-18118.0
-5808.0
-10029.0
-10075.0
-12237.0
-28762.0
-5914.0
-9164.0
-12876.0
-12213.0
-12750.0
-9440.0
-10692.0
-15353.0
-11747.0
-8790.0
-8790.0
-7363.0
-14331.0
-9360.0
-12004.0
-8424.0
-11864.0
-6826.0
-9130.0
-6029.0
-12445.0
-11136.0
-8002.0
-12222.0
-10473.0
-9470.0
-8523.0
-14136.0
-4829.0
-11312.0
-10984.0
-9528.0
-5986.0
-11057.0
-9214.0
-12795.0
-22148.0
-11016.0
-10093.0
-9600.0
-11310.0
-9034.0
-7848.0
-8028.0
-8333.0
-7056.0
-5417.0
-8512.0
-9675.0
-21949.0
-5687.0
-8379.0
-17484.0
-13320.0
-14942.0
-11073.0
-7826.0
-11256.0
-9049.0
-9923.0
-15413.0
-9863.0
-14259.0
-6394.0
-15296.0
-17803.0
-12672.0
-8743.0
-6608.0
-8821.0
-10381.0
-11186.0
-8233.0
-9683.0
-6860.0
-5058.0
-8322.0
-13704.0
-13387.0
-6978.0
-13080.0
-5951.0
-7095.0
-9050.0
-10647.0
-6090.0
-14501.0
-5181.0
-6559.0
-8198.0
-10659.0
-8535.0
-6012.0
-6619.0
-8200.0
-7276.0
-5666.0
-8447.0
-7454.0
-13807.0
-6946.0
-7585.0
-10753.0
-9179.0
-12632.0
-5589.0
-7471.0
-13553.0
-7399.0
-7236.0
-6804.0
-6820.0
-15757.0
-9460.0
-7843.0
-11079.0
-15710.0
-8315.0
-6898.0
-7392.0
-15657.0
-9936.0
-6927.0
-9664.0
-7603.0
-8585.0
-9830.0
-18657.0
-4823.0
-5785.0
-7282.0
-8553.0
-6208.0
-12397.0
-10607.0
-6741.0
-20239.0
-6478.0
-8655.0
-10715.0
-8610.0
-10074.0
-8080.0
-4269.0
-9637.0
-8309.0
-8109.0
-5874.0
-5936.0
-5299.0
-9254.0
-4145.0
-7713.0
-7632.0
-9360.0
-11267.0
-5749.0
-12353.0
-5988.0
-11520.0
-9268.0
-5348.0
-7740.0
-7356.0
-6494.0
-9253.0
-7582.0
-5330.0
-6379.0
-5083.0
-12698.0
-9068.0
-7684.0
-5341.0
-5985.0
-5082.0
-10178.0
-10840.0
-5956.0
-5143.0
-10786.0
-7386.0
-7147.0
-7616.0
-8248.0
-6019.0
-8965.0
-6713.0
-7654.0
-10915.0
-7525.0
-5885.0
-4436.0
-7580.0
-10363.0
-5290.0
-5315.0
-5419.0
-8003.0
-14082.0
-5320.0
-9254.0
-4729.0
-7288.0
-12363.0
-5750.0
-5726.0
-9769.0
-11878.0
-9944.0
-6671.0
-10179.0
-8347.0
-8177.0
-10963.0
-7823.0
-7698.0
-6256.0
-7405.0
-3975.0
-9187.0
-11843.0
-6629.0
-4672.0
-7970.0
-4471.0
-9551.0
-10874.0
-5299.0
-5832.0
-6002.0
-5720.0
-3846.0
-7639.0
-7908.0
-8431.0
-9380.0
-7142.0
-7582.0
-6581.0
-12050.0
-4876.0
-6172.0
-5289.0
-5146.0
-5569.0
-4575.0
-5315.0
-5164.0
-7054.0
-5271.0
-8575.0
-13056.0
-6564.0
-9739.0
-4942.0
-4525.0
-7848.0
-6337.0
-5461.0
-7163.0
-7154.0
-8600.0
-5444.0
-12313.0
-6566.0
-4902.0
-4823.0
-4711.0
-5763.0
-8188.0
-5487.0
-4739.0
-8435.0
-5567.0
-4375.0
-5734.0
-9453.0
-4553.0
-4141.0
-9188.0
-8375.0
-4628.0
-9112.0
-9962.0
-7016.0
-10816.0
-7350.0
-8384.0
-4753.0
-6898.0
-5393.0
-4380.0
-4742.0
-5471.0
-6481.0
-4513.0
-4427.0
-5596.0
-8932.0
-3951.0
-4692.0
-7378.0
-6293.0
-9101.0
-4576.0
-6323.0
-5809.0
-5215.0
-8584.0
-8074.0
-5483.0
-6368.0
-5280.0
-8030.0
-5348.0
-5479.0
-5858.0
-5365.0
-4178.0
-5491.0
-5726.0
-4658.0
-4906.0
-5288.0
-4024.0
-5365.0
-7634.0
-5622.0
-5222.0
-6341.0
-7522.0
-4992.0
-7645.0
-6532.0
-5632.0
-10680.0
-5286.0
-5476.0
-4831.0
-7109.0
-5041.0
-5374.0
-5011.0
-5725.0
-4677.0
-5531.0
-5495.0
-6071.0
-9630.0
-4463.0
-5184.0
-4041.0
-4885.0
-6011.0
-4876.0
-3723.0
-5653.0
-5179.0
-7805.0
-4699.0
-4889.0
-5740.0
-4897.0
-7222.0
-6344.0
-5409.0
-4813.0
-4054.0
-4467.0
-7220.0
-5825.0
-4627.0
-4213.0
-3826.0
-3758.0
-3588.0
-5055.0
-5240.0
-4027.0
-4598.0
-4907.0
-4596.0
-12194.0
-5074.0
-4794.0
-7046.0
-4300.0
-4269.0
-4372.0
-4779.0
-3659.0
-4194.0
-4206.0
-4589.0
-3945.0
-4135.0
-3715.0
-4691.0
-6821.0
-5002.0
-5327.0
-5837.0
-8257.0
-6301.0
-6461.0
-5241.0
-5429.0
-7503.0
-8436.0
-4617.0
-4982.0
-5479.0
-6909.0
-5835.0
-6400.0
-10338.0
-3951.0
-4570.0
-3664.0
-4847.0
-6836.0
-3901.0
-4610.0
-3800.0
-3683.0
-6504.0
-4794.0
-4099.0
-4297.0
-6506.0
-5077.0
-4516.0
-4699.0
-4488.0
-4430.0
-7372.0
-4121.0
-4531.0
-4810.0
-7146.0
-5082.0
-3553.0
-3673.0
-5422.0
-4970.0
-4427.0
-4747.0
-3988.0
-5733.0
-4259.0
-4110.0
-5889.0
-4985.0
-9703.0
-4629.0
-4228.0
-6666.0
-3909.0
-6876.0
-5372.0
-4128.0
-7612.0
-4996.0
-7393.0
-5786.0
-6241.0
-4513.0
-3611.0
-5123.0
-4588.0
-4628.0
-3976.0
-4721.0
-4983.0
-4776.0
-3738.0
-4402.0
-4601.0
-3645.0
-5738.0
-8143.0
-5800.0
-4900.0
-5014.0
-5423.0
-8113.0
-4201.0
-4098.0
-4432.0
-6238.0
-4835.0
-4133.0
-6724.0
-5414.0
-3938.0
-4293.0
-4239.0
-4526.0
-6468.0
-5878.0
-4167.0
-4460.0
-4188.0
-6804.0
-6373.0
-3878.0
-5627.0
-4270.0
-4794.0
-5280.0
-4068.0
-5358.0
-4177.0
-4556.0
-7659.0
-4833.0
-3769.0
-3763.0
-4254.0
-4263.0
-3881.0
-4438.0
-3851.0
-3778.0
-4341.0
-4707.0
-6382.0
-4471.0
-3843.0
-3843.0
-5020.0
-4431.0
-4888.0
-4507.0
-3648.0
-5092.0
-4916.0
-3709.0
-4824.0
-4948.0
-3808.0
-4229.0
-4059.0
-3660.0
-3973.0
-3763.0
-3522.0
-4881.0
-4842.0
-4318.0
-4339.0
-5433.0
-4614.0
-5643.0
-4315.0
-3450.0
-4509.0
-4276.0
-4922.0
-4701.0
-4651.0
-8078.0
-3868.0
-6760.0
-4921.0
-5617.0
-4522.0
-3263.0
-3352.0
-4963.0
-4764.0
-5598.0
-4079.0
-3840.0
-4567.0
-3870.0
-6466.0
-3710.0
-4847.0
-5947.0
-3709.0
-3391.0
-4561.0
-5930.0
-5309.0
-8215.0
-3891.0
-3705.0
-3985.0
-5149.0
-3652.0
-3515.0
-3682.0
-3998.0
-4057.0
-3809.0
-3702.0
-4343.0
-5023.0
-3678.0
-4175.0
-5797.0
-4437.0
-4683.0
-3673.0
-3781.0
-4571.0
-4631.0
-4579.0
-4203.0
-3446.0
-5308.0
-6260.0
-9275.0
-4864.0
-4212.0
-4513.0
-3636.0
-3391.0
-4170.0
-3965.0
-4381.0
-4885.0
-3933.0
-3550.0
-3779.0
-6260.0
-3779.0
-4348.0
-4824.0
-4256.0
-3557.0
-5333.0
-4945.0
-3533.0
-6197.0
-3776.0
-3438.0
-3584.0
-5073.0
-4805.0
-3595.0
-3731.0
-4872.0
-3166.0
-3506.0
-3877.0
-3562.0
-4785.0
-3452.0
-4192.0
-4473.0
-4768.0
-4081.0
-3511.0
-3214.0
-4717.0
-4189.0
-5284.0
-4025.0
-3545.0
-5631.0
-3866.0
-5665.0
-4271.0
-4118.0
-3868.0
-3643.0
-3560.0
-3542.0
-3627.0
-4899.0
-4008.0
-3361.0
-3384.0
-3955.0
-4412.0
-3269.0
-3750.0
-4938.0
-4152.0
-3528.0
-3804.0
-4369.0
-3874.0
-6520.0
-3561.0
-3482.0
-3441.0
-4320.0
-3475.0
-3553.0
-3608.0
-3210.0
-4488.0
-3552.0
-3692.0
-5397.0
-6450.0
-4040.0
-3385.0
-4923.0
-4943.0
-4593.0
-6896.0
-5091.0
-4676.0
-3540.0
-3660.0
-5517.0
-3604.0
-6298.0
-4471.0
-5314.0
-4969.0
-4174.0
-6244.0
-4317.0
-2634.0
-4889.0
-3528.0
-3407.0
-3764.0
-4115.0
-3589.0
-4243.0
-4186.0
-3673.0
-3446.0
-3863.0
-4129.0
-3668.0
-5673.0
-7719.0
-3701.0
-5272.0
-4300.0
-3993.0
-3840.0
-4281.0
-3708.0
-3716.0
-3916.0
-3537.0
-4160.0
-4365.0
-3226.0
-3763.0
-5766.0
-3611.0
-3584.0
-4260.0
-3907.0
-5341.0
-3821.0
-4086.0
-4168.0
-3874.0
-4876.0
-3459.0
-3633.0
-4465.0
-3412.0
-6150.0
-4330.0
-4508.0
-4446.0
-3668.0
-3326.0
-4005.0
-3699.0
-4471.0
-4243.0
-4267.0
-3372.0
-4035.0
-6069.0
-3424.0
-3406.0
-3848.0
-4272.0
-4648.0
-5117.0
-4249.0
-3663.0
-7022.0
-3674.0
-4395.0
-3150.0
-4550.0
-3672.0
-3686.0
-4012.0
-5256.0
-3517.0
-3701.0
-3478.0
-4000.0
-4140.0
-3143.0
-3570.0
-3880.0
-4354.0
-6019.0
-3667.0
-3376.0
-4331.0
-3575.0
-4606.0
-4195.0
-3228.0
-3914.0
-3456.0
-6026.0
-5746.0
-3905.0
-3301.0
-3446.0
-3383.0
-4035.0
-5177.0
-3530.0
-3733.0
-3440.0
-3544.0
-3486.0
-3313.0
-3287.0
-3636.0
-4088.0
-3685.0
-3150.0
-3444.0
-4007.0
-3477.0
-4367.0
-4195.0
-3250.0
-3412.0
-4752.0
-4068.0
-3417.0
-3257.0
-3988.0
-3535.0
-3241.0
-3377.0
-3763.0
-4218.0
-3014.0
-3244.0
-3537.0
-3593.0
-5707.0
-3053.0
-3241.0
-4692.0
-3804.0
-4277.0
-5268.0
-4596.0
-3657.0
-3801.0
-5898.0
-5550.0
-3222.0
-3459.0
-3174.0
-3300.0
-3703.0
-4625.0
-3471.0
-3334.0
-3271.0
-4135.0
-3811.0
-3743.0
-3214.0
-3450.0
-3674.0
-3088.0
-3144.0
-3558.0
-5806.0
-3164.0
-4398.0
-3314.0
-4105.0
-3162.0
-5816.0
-4001.0
-4032.0
-3247.0
-3426.0
-3106.0
-3165.0
-3470.0
-3389.0
-3903.0
-3305.0
-3340.0
-3571.0
-4562.0
-4523.0
-3454.0
-3497.0
-4188.0
-3815.0
-4512.0
-3884.0
-3490.0
-4023.0
-3347.0
-5000.0
-3898.0
-3526.0
-3582.0
-4449.0
-3181.0
-3971.0
-4677.0
-3158.0
-3262.0
-4641.0
-3804.0
-3295.0
-3907.0
-3065.0
-3373.0
-3784.0
-3350.0
-3690.0
-3555.0
-3787.0
-3227.0
-4693.0
-3164.0
-3282.0
-3118.0
-5184.0
-2976.0
-3115.0
-3071.0
-3486.0
-3142.0
-3424.0
-3042.0
-3403.0
-4322.0
-3740.0
-3202.0
-3922.0
-3146.0
-5079.0
-3356.0
-3275.0
-3874.0
-3509.0
-4751.0
-3727.0
-3403.0
-3324.0
-3621.0
-6089.0
-3588.0
-3903.0
-3163.0
-2991.0
-3105.0
-4782.0
-3605.0
-3431.0
-3443.0
-3440.0
-3134.0
-3554.0
-3531.0
-3212.0
-3170.0
-3957.0
-3217.0
-2791.0
-3278.0
-4920.0
-3019.0
-4414.0
-3024.0
-2987.0
-3101.0
-5470.0
-3163.0
-3124.0
-3158.0
-3288.0
-3043.0
-3082.0
-3166.0
-3622.0
-3292.0
-3565.0
-3273.0
-4211.0
-3585.0
-3584.0
-2687.0
-3739.0
-4122.0
-3611.0
-3908.0
-4426.0
-3453.0
-3910.0
-3556.0
-5200.0
-3752.0
-3504.0
-3337.0
-3086.0
-3325.0
-3096.0
-3807.0
-3663.0
-3157.0
-3254.0
-3306.0
-3292.0
-3941.0
-3199.0
-3296.0
-3427.0
-3205.0
-3335.0
-4346.0
-3743.0
-3479.0
-5565.0
-3581.0
-3291.0
-3163.0
-4638.0
-3432.0
-3213.0
-3481.0
-3320.0
-3100.0
-3055.0
-3277.0
-3350.0
-4028.0
-3511.0
-3258.0
-3432.0
-4524.0
-4447.0
-3424.0
-3153.0
-4438.0
-3775.0
-4164.0
-3597.0
-4355.0
-4475.0
-3938.0
-6367.0
-3553.0
-4002.0
-3258.0
-4063.0
-3176.0
-3983.0
-3810.0
-3336.0
-6053.0
-3483.0
-3437.0
-3434.0
-3755.0
-3285.0
-3389.0
-3874.0
-4549.0
-3458.0
-3616.0
-3788.0
-4907.0
-5007.0
-4280.0
-3539.0
-3231.0
-5533.0
-3529.0
-3126.0
-3288.0
-4914.0
-2598.0
-3388.0
-3334.0
-3275.0
-3884.0
-3155.0
-3123.0
-3669.0
-3756.0
-4289.0
-3192.0
-3401.0
-3638.0
-3386.0
-4924.0
-3398.0
-3449.0
-3670.0
-3178.0
-4170.0
-4263.0
-3339.0
-3181.0
-3144.0
-3071.0
-3388.0
-3451.0
-3615.0
-4187.0
-3363.0
-3539.0
-3209.0
-4267.0
-3560.0
-3484.0
-3069.0
-4001.0
-3143.0
-4293.0
-3225.0
-3388.0
-4347.0
-3206.0
-3455.0
-3254.0
-4805.0
-3304.0
-3222.0
-3115.0
-3205.0
-3843.0
-3248.0
-3272.0
-3667.0
-3907.0
-3036.0
-3053.0
-3044.0
-3745.0
-4042.0
-3071.0
-3746.0
-3630.0
-3616.0
-4461.0
-3833.0
-3055.0
-4076.0
-2981.0
-4310.0
-3540.0
-4298.0
-3139.0
-3138.0
-4009.0
-3259.0
-3805.0
-3854.0
-3432.0
-3006.0
-3473.0
-3719.0
-3170.0
-3842.0
-3249.0
-3884.0
-4003.0
-3597.0
-3393.0
-4459.0
-3626.0
-4982.0
-3762.0
-3085.0
-3450.0
-4400.0
-3137.0
-2994.0
-3697.0
-2999.0
-2953.0
-3256.0
-3419.0
-3363.0
-4687.0
-3103.0
-2990.0
-3185.0
-3397.0
-4127.0
-3290.0
-3121.0
-4584.0
-3249.0
-4018.0
-3811.0
-4205.0
-3516.0
-3361.0
-5931.0
-3532.0
-3874.0
-2915.0
-3618.0
-3205.0
-3720.0
-3804.0
-3498.0
-3095.0
-3239.0
-3680.0
-3250.0
-3774.0
-3440.0
-3680.0
-3421.0
-3534.0
-4512.0
-3547.0
-4899.0
-3182.0
-5540.0
-3367.0
-3040.0
-3033.0
-4501.0
-5640.0
-3144.0
-3588.0
-3312.0
-3290.0
-3041.0
-3198.0
-3164.0
-3774.0
-3036.0
-2897.0
-3065.0
-3359.0
-3541.0
-3170.0
-3250.0
-4666.0
-3515.0
-3890.0
-4238.0
-3233.0
-4331.0
-3599.0
-6384.0
-3070.0
-3320.0
-3424.0
-3106.0
-3363.0
-3143.0
-3581.0
-3163.0
-3217.0
-3506.0
-3017.0
-3118.0
-4453.0
-3072.0
-3184.0
-3939.0
-4115.0
-3017.0
-3118.0
-4107.0
-4190.0
-4869.0
-3289.0
-3038.0
-3211.0
-4419.0
-3133.0
-3024.0
-3311.0
-3513.0
-3227.0
-3609.0
-3149.0
-3350.0
-4178.0
-3300.0
-3123.0
-3509.0
-3238.0
-4796.0
-3192.0
-3435.0
-4258.0
-3294.0
-3354.0
-4101.0
-3650.0
-4014.0
-3032.0
-4398.0
-3947.0
-3322.0
-3867.0
-3329.0
-4099.0
-4093.0
-3838.0
-2997.0
-3156.0
-3302.0
-3317.0
-3681.0
-3173.0
-3103.0
-3129.0
-3773.0
-3108.0
-3291.0
-3452.0
-4097.0
-3308.0
-3514.0
-3584.0
-3091.0
-3048.0
-4710.0
-3313.0
-3252.0
-4256.0
-3149.0
-3387.0
-2844.0
-3230.0
-3869.0
-3640.0
-3582.0
-3152.0
-3888.0
-3115.0
-4630.0
-3084.0
-3013.0
-3415.0
-3646.0
-3829.0
-3371.0
-3048.0
-3546.0
-2965.0
-6139.0
-4763.0
-4090.0
-3148.0
-3122.0
-2950.0
-3791.0
-3145.0
-3053.0
-3058.0
-3033.0
-3034.0
-4005.0
-3363.0
-3050.0
-3071.0
-3312.0
-3390.0
-3121.0
-3604.0
-3944.0
-3860.0
-3506.0
-3228.0
-3154.0
-2998.0
-4913.0
-3366.0
-3077.0
-3540.0
-3336.0
-3058.0
-2887.0
-2711.0
-4076.0
-5272.0
-4404.0
-3429.0
-4004.0
-3864.0
-5416.0
-3544.0
-4126.0
-4161.0
-3513.0
-3574.0
-3531.0
-3630.0
-4890.0
-3383.0
-5770.0
-3814.0
-3314.0
-3386.0
-3709.0
-3587.0
-4396.0
-3661.0
-3344.0
-4074.0
-3179.0
-3567.0
-3723.0
-3761.0
-3846.0
-3831.0
-3350.0
-3288.0
-5163.0
-3850.0
-4051.0
-3490.0
-3815.0
-3383.0
-4247.0
-3164.0
-4190.0
-4334.0
-3024.0
-3277.0
-3361.0
-2987.0
-2902.0
-3273.0
-3430.0
-4190.0
-3014.0
-2929.0
-3439.0
-3007.0
-4447.0
-3029.0
-3178.0
-3956.0
-3121.0
-3529.0
-3381.0
-3032.0
-4164.0
-3018.0
-4574.0
-3305.0
-3195.0
-3066.0
-2873.0
-2993.0
-3161.0
-3332.0
-3225.0
-3597.0
-3091.0
-3177.0
-3321.0
-3980.0
-3409.0
-3059.0
-3441.0
-2958.0
-2851.0
-3224.0
-3692.0
-3163.0
-3492.0
-3262.0
-2909.0
-3018.0
-4181.0
-2924.0
-3030.0
-3284.0
-2985.0
-3544.0
-2864.0
-2975.0
-3598.0
-3223.0
-2867.0
-2975.0
-3127.0
-4557.0
-4160.0
-3080.0
-3278.0
-4278.0
-3296.0
-4424.0
-3292.0
-3365.0
-3767.0
-3039.0
-4085.0
-3021.0
-3250.0
-3023.0
-3326.0
-2987.0
-3175.0
-4310.0
-3208.0
-3106.0
-3047.0
-3373.0
-3374.0
-3368.0
-3126.0
-2996.0
-2949.0
-3527.0
-3083.0
-3332.0
-3955.0
-3888.0
-3957.0
-3167.0
-3425.0
-3043.0
-4770.0
-3042.0
-3793.0
-3152.0
-3085.0
-2936.0
-3159.0
-2950.0
-3299.0
-3240.0
-3072.0
-3786.0
-3324.0
-3526.0
-4839.0
-2903.0
-3022.0
-4010.0
-3708.0
-4267.0
-3391.0
-3104.0
-5227.0
-2836.0
-4759.0
-3332.0
-3139.0
-3267.0
-3249.0
-2985.0
-3614.0
-3606.0
-4271.0
-3551.0
-3136.0
-3268.0
-4091.0
-3393.0
-3570.0
-3532.0
-4797.0
-4178.0
-3307.0
-3443.0
-4950.0
-3625.0
-3930.0
-3318.0
-3015.0
-3130.0
-5002.0
-3000.0
-2563.0
-3318.0
-3032.0
-2982.0
-2770.0
-2943.0
-5407.0
-4597.0
-3219.0
-3238.0
-3297.0
-3434.0
-4243.0
-4452.0
-4373.0
-3691.0
-3243.0
-3737.0
-4561.0
-3053.0
-3502.0
-2953.0
-4421.0
-3749.0
-3393.0
-2861.0
-3199.0
-3084.0
-3314.0
-3732.0
-3037.0
-3242.0
-3064.0
-3073.0
-3280.0
-3225.0
-2970.0
-3044.0
-3259.0
-3616.0
-2939.0
-3511.0
-3989.0
-3447.0
-4135.0
-3099.0
-2965.0
-3700.0
-4995.0
-2903.0
-3038.0
-3908.0
-3037.0
-3329.0
-2931.0
-3129.0
-3339.0
-3267.0
-3162.0
-3211.0
-3335.0
-3150.0
-4210.0
-3186.0
-3411.0
-4261.0
-3676.0
-3755.0
-3497.0
-3227.0
-3433.0
-3106.0
-4262.0
-2930.0
-3555.0
-2886.0
-3108.0
-2915.0
-2974.0
-3344.0
-3545.0
-3107.0
-3226.0
-3123.0
-3173.0
-3326.0
-3102.0
-2945.0
-3311.0
-3515.0
-3073.0
-3484.0
-3689.0
-3137.0
-3713.0
-3867.0
-3285.0
-2951.0
-4440.0
-3050.0
-3231.0
-3134.0
-3200.0
-3143.0
-3395.0
-2951.0
-3988.0
-3987.0
-3100.0
-3621.0
-3187.0
-3276.0
-4522.0
-3921.0
-3691.0
-3757.0
-4550.0
-3631.0
-3688.0
-3233.0
-3876.0
-3032.0
-5110.0
-2966.0
-3068.0
-3006.0
-3479.0
-3065.0
-3155.0
-4378.0
-3160.0
-4691.0
-3026.0
-3550.0
-3682.0
-4522.0
-3219.0
-3580.0
-3264.0
-2912.0
-3289.0
-3265.0
-3811.0
-3124.0
-3371.0
-4752.0
-3128.0
-3454.0
-4602.0
-2856.0
-2686.0
-3102.0
-3268.0
-3161.0
-2961.0
-2928.0
-3318.0
-3119.0
-3350.0
-2949.0
-2951.0
-3097.0
-5041.0
-2983.0
-2932.0
-3547.0
-3752.0
-4113.0
-3549.0
-3053.0
-3826.0
-3096.0
-4049.0
-3541.0
-3359.0
-2821.0
-3903.0
-3606.0
-4110.0
-3752.0
-3178.0
-2675.0
-3230.0
-2913.0
-3454.0
-3321.0
-3045.0
-3701.0
-3167.0
-2982.0
-3440.0
-3509.0
-3775.0
-3088.0
-3704.0
-3234.0
-2946.0
-2956.0
-6046.0
-3004.0
-2905.0
-3368.0
-3069.0
-3212.0
-3114.0
-3568.0
-3286.0
-3080.0
-2937.0
-3026.0
-3100.0
-3625.0
-4253.0
-3086.0
-3250.0
-5048.0
-3848.0
-4179.0
-3403.0
-4466.0
-4070.0
-3475.0
-5287.0
-3669.0
-4214.0
-3030.0
-3214.0
-4132.0
-3157.0
-3601.0
-3119.0
-3674.0
-3552.0
-3892.0
-3540.0
-3327.0
-3276.0
-3688.0
-3198.0
-3199.0
-3405.0
-3709.0
-4326.0
-3171.0
-4208.0
-4112.0
-4238.0
-2963.0
-5843.0
-3170.0
-3042.0
-3307.0
-5145.0
-3258.0
-4002.0
-4734.0
-4745.0
-3684.0
-3640.0
-4706.0
-4387.0
-3255.0
-3920.0
-3107.0
-3161.0
-3994.0
-3214.0
-4334.0
-3738.0
-3371.0
-4006.0
-2846.0
-3993.0
-3102.0
-3350.0
-3102.0
-2862.0
-3102.0
-3235.0
-3516.0
-2764.0
-2946.0
-3061.0
-2964.0
-2911.0
-3089.0
-2927.0
-3380.0
-2997.0
-2862.0
-2894.0
-2921.0
-3894.0
-2974.0
-3651.0
-2961.0
-2923.0
-2928.0
-4075.0
-3042.0
-3122.0
-3154.0
-3062.0
-3079.0
-2835.0
-3586.0
-4473.0
-4095.0
-3115.0
-3069.0
-3188.0
-3126.0
-4435.0
-3054.0
-3118.0
-3628.0
-3651.0
-3303.0
-3306.0
-3059.0
-3432.0
-3139.0
-4679.0
-3076.0
-3229.0
-3520.0
-2931.0
-3120.0
-2821.0
-3424.0
-3410.0
-3263.0
-3501.0
-3017.0
-3798.0
-3074.0
-3022.0
-3046.0
-3784.0
-3194.0
-3261.0
-3117.0
-3759.0
-3044.0
-3492.0
-3031.0
-3405.0
-3246.0
-5172.0
-3747.0
-3125.0
-3638.0
-3719.0
-3170.0
-3194.0
-3177.0
-3242.0
-4311.0
-2991.0
-3028.0
-3136.0
-3241.0
-3922.0
-3162.0
-3043.0
-3800.0
-4929.0
-3616.0
-4899.0
-3059.0
-3362.0
-2922.0
-4798.0
-3607.0
-3234.0
-3032.0
-2837.0
-3694.0
-2882.0
-3243.0
-3072.0
-3121.0
-3110.0
-2935.0
-2887.0
-3319.0
-2938.0
-3165.0
-2869.0
-3134.0
-2998.0
-4247.0
-3665.0
-3041.0
-3714.0
-3026.0
-3062.0
-3088.0
-4932.0
-2730.0
-2930.0
-3129.0
-2833.0
-2958.0
-2874.0
-2853.0
-3658.0
-2939.0
-3911.0
-2939.0
-2976.0
-3056.0
-3281.0
-3002.0
-3007.0
-3836.0
-3051.0
-3035.0
-3596.0
-3054.0
-3421.0
-2995.0
-4780.0
-3158.0
-3258.0
-2999.0
-2822.0
-2992.0
-2870.0
-3214.0
-2989.0
-3001.0
-3036.0
-2768.0
-3064.0
-3320.0
-2761.0
-2910.0
-3067.0
-2730.0
-3201.0
-3685.0
-3542.0
-3131.0
-3637.0
-3125.0
-4370.0
-3000.0
-3877.0
-3553.0
-3702.0
-3083.0
-3671.0
-3158.0
-3000.0
-2979.0
-3313.0
-3094.0
-3042.0
-3267.0
-3648.0
-3063.0
-4171.0
-2931.0
-3441.0
-3681.0
-3689.0
-4408.0
-3731.0
-3217.0
-5434.0
-3152.0
-5865.0
-2964.0
-3646.0
-3392.0
-3315.0
-3019.0
-3255.0
-3494.0
-2878.0
-3389.0
-3187.0
-3032.0
-3213.0
-2996.0
-2891.0
-3087.0
-2971.0
-3485.0
-3022.0
-2938.0
-4376.0
-3128.0
-4926.0
-3155.0
-4061.0
-3202.0
-4677.0
-3199.0
-2656.0
-2980.0
-2972.0
-3086.0
-2913.0
-3894.0
-3197.0
-3142.0
-3464.0
-2895.0
-3265.0
-3074.0
-4031.0
-3146.0
-2999.0
-4095.0
-3221.0
-4581.0
-4490.0
-3035.0
-3690.0
-2981.0
-4849.0
-2980.0
-3338.0
-3192.0
-2918.0
-3147.0
-2843.0
-3635.0
-3222.0
-3327.0
-3291.0
-2980.0
-3517.0
-3264.0
-2803.0
-2178.0
-3315.0
-3783.0
-3019.0
-3290.0
-4030.0
-3496.0
-5138.0
-3220.0
-3740.0
-3582.0
-6039.0
-3038.0
-2470.0
-3284.0
-3739.0
-3027.0
-2129.0
-4143.0
-3974.0
-3814.0
-3416.0
-3213.0
-5253.0
-3121.0
-3736.0
-2856.0
-2994.0
-3780.0
-3318.0
-3534.0
-4074.0
-2789.0
-3374.0
-2877.0
-3682.0
-3200.0
-3222.0
-2890.0
-2912.0
-3242.0
-2675.0
-3195.0
-2932.0
-3441.0
-2929.0
-4180.0
-4108.0
-3049.0
-2749.0
-3537.0
-3323.0
-2839.0
-3193.0
-3499.0
-3842.0
-3048.0
-4819.0
-3020.0
-2894.0
-2973.0
-4074.0
-2853.0
-2904.0
-2977.0
-2941.0
-3115.0
-2815.0
-3216.0
-2939.0
-3194.0
-2875.0
-2913.0
-3995.0
-2897.0
-3866.0
-2932.0
-2987.0
-3549.0
-3060.0
-3436.0
-3323.0
-4277.0
-3901.0
-3165.0
-4105.0
-2913.0
-3091.0
-3131.0
-2924.0
-2795.0
-2764.0
-3498.0
-3177.0
-2997.0
-3113.0
-3014.0
-2949.0
-3257.0
-2848.0
-2904.0
-3160.0
-2878.0
-3334.0
-2897.0
-3406.0
-3041.0
-3966.0
-2981.0
-3636.0
-3212.0
-4407.0
-3683.0
-3064.0
-3406.0
-3138.0
-2961.0
-3211.0
-3323.0
-3049.0
-3498.0
-3135.0
-3221.0
-3099.0
-3173.0
-3623.0
-3022.0
-3055.0
-3990.0
-3168.0
-4303.0
-3575.0
-3258.0
-3757.0
-3287.0
-4435.0
-3366.0
-3178.0
-2879.0
-3106.0
-3295.0
-2981.0
-3666.0
-3803.0
-3496.0
-3104.0
-3246.0
-3120.0
-2933.0
-2899.0
-3062.0
-2857.0
-3039.0
-2856.0
-2895.0
-3111.0
-3080.0
-3880.0
-3289.0
-2870.0
-2835.0
-5083.0
-2722.0
-2932.0
-3185.0
-2814.0
-3114.0
-2860.0
-2966.0
-4971.0
-3235.0
-2922.0
-3339.0
-2939.0
-2915.0
-5370.0
-3172.0
-2986.0
-3322.0
-3424.0
-3386.0
-3294.0
-2976.0
-4125.0
-3359.0
-4972.0
-3422.0
-3257.0
-3056.0
-3052.0
-2950.0
-2901.0
-3094.0
-3028.0
-2819.0
-3066.0
-2992.0
-2972.0
-3265.0
-2933.0
-3022.0
-3170.0
-3120.0
-2945.0
-3293.0
-3590.0
-3005.0
-3436.0
-3587.0
-3078.0
-2970.0
-4953.0
-2874.0
-2942.0
-3724.0
-2989.0
-3634.0
-3081.0
-3190.0
-3250.0
-3520.0
-3325.0
-3963.0
-2879.0
-3259.0
-3541.0
-3015.0
-2921.0
-4936.0
-3101.0
-4199.0
-3732.0
-3363.0
-3673.0
-3169.0
-4217.0
-3197.0
-3114.0
-3066.0
-3488.0
-3559.0
-3433.0
-4222.0
-3120.0
-2845.0
-3742.0
-1986.0
-3228.0
-4351.0
-2957.0
-3691.0
-4150.0
-3352.0
-3668.0
-3532.0
-3987.0
-3332.0
-3562.0
-3200.0
-2992.0
-2916.0
-4642.0
-3360.0
-3697.0
-3181.0
-3692.0
-3900.0
-2974.0
-3067.0
-3942.0
-3344.0
-3327.0
-3876.0
-3355.0
-3523.0
-5939.0
-3394.0
-3646.0
-4595.0
-3379.0
-3341.0
-3484.0
-3133.0
-3833.0
-2869.0
-4671.0
-2964.0
-3445.0
-2970.0
-2883.0
-3552.0
-3270.0
-3193.0
-3738.0
-2914.0
-3068.0
-3008.0
-3862.0
-2837.0
-2883.0
-3154.0
-2940.0
-2761.0
-2891.0
-3046.0
-3190.0
-3030.0
-3497.0
-3301.0
-2856.0
-3303.0
-3838.0
-2929.0
-2986.0
-2958.0
-2798.0
-2956.0
-2359.0
-2883.0
-2909.0
-3228.0
-2954.0
-3342.0
-3119.0
-3927.0
-3815.0
-3036.0
-3022.0
-3509.0
-3273.0
-4038.0
-3237.0
-2980.0
-3444.0
-3055.0
-4130.0
-3393.0
-3237.0
-3068.0
-2948.0
-2503.0
-2845.0
-3410.0
-3475.0
-2988.0
-3035.0
-2906.0
-4028.0
-4069.0
-3433.0
-2923.0
-3000.0
-2911.0
-2822.0
-2932.0
-4865.0
-3371.0
-3140.0
-3406.0
-3037.0
-3415.0
-4054.0
-3279.0
-2988.0
-3062.0
-2843.0
-3698.0
-2499.0
-3005.0
-3524.0
-3045.0
-3521.0
-3255.0
-3120.0
-3380.0
-3655.0
-3209.0
-3298.0
-3908.0
-3411.0
-3337.0
-4013.0
-3117.0
-3674.0
-3228.0
-4485.0
-2985.0
-3879.0
-4592.0
-4412.0
-3204.0
-3104.0
-3201.0
-3167.0
-2818.0
-3083.0
-3009.0
-2953.0
-3277.0
-3343.0
-2941.0
-3190.0
-2824.0
-2907.0
-3081.0
-4258.0
-2903.0
-4084.0
-3099.0
-2906.0
-2945.0
-3945.0
-2872.0
-3133.0
-3634.0
-2913.0
-3160.0
-2939.0
-2767.0
-3170.0
-3475.0
-3004.0
-1951.0
-3078.0
-3501.0
-5756.0
-3025.0
-3152.0
-5172.0
-3806.0
-3428.0
-4235.0
-3473.0
-4519.0
-3907.0
-4468.0
-3400.0
-3389.0
-2843.0
-2975.0
-3723.0
-2839.0
-3313.0
-3011.0
-2935.0
-3222.0
-2928.0
-2860.0
-3379.0
-3109.0
-3312.0
-3206.0
-2839.0
-2957.0
-3009.0
-3968.0
-3828.0
-3282.0
-2892.0
-2994.0
-3688.0
-3829.0
-2780.0
-2974.0
-3159.0
-3234.0
-3260.0
-2659.0
-2277.0
-2977.0
-3303.0
-3184.0
-3295.0
-3314.0
-3611.0
-4155.0
-3293.0
-3053.0
-3282.0
-3103.0
-3555.0
-3544.0
-3152.0
-3729.0
-3050.0
-4374.0
-3196.0
-3724.0
-2838.0
-2934.0
-2963.0
-3369.0
-3834.0
-3345.0
-2970.0
-3369.0
-2841.0
-2943.0
-3032.0
-2884.0
-2860.0
-3282.0
-2929.0
-3032.0
-2819.0
-3728.0
-3179.0
-3239.0
-2962.0
-3110.0
-2864.0
-4135.0
-2889.0
-3364.0
-3296.0
-2788.0
-3300.0
-3111.0
-3001.0
-2924.0
-2983.0
-2856.0
-2907.0
-2895.0
-2942.0
-4438.0
-3174.0
-3000.0
-3616.0
-3091.0
-3428.0
-3238.0
-2937.0
-3943.0
-2807.0
-4668.0
-3927.0
-3489.0
-2821.0
-2737.0
-2880.0
-2983.0
-3173.0
-3256.0
-3310.0
-3017.0
-3066.0
-2874.0
-3133.0
-2790.0
-2863.0
-3067.0
-3572.0
-4756.0
-2964.0
-3743.0
-3110.0
-3230.0
-2950.0
-1975.0
-3098.0
-4062.0
-2826.0
-3513.0
-2966.0
-2810.0
-2886.0
-2955.0
-2813.0
-3108.0
-2787.0
-3054.0
-2973.0
-3045.0
-3142.0
-3743.0
-2930.0
-3041.0
-3423.0
-2960.0
-4919.0
-3021.0
-2950.0
-3461.0
-2749.0
-4239.0
-2814.0
-3006.0
-2796.0
-2751.0
-3028.0
-2960.0
-4552.0
-2876.0
-2934.0
-2806.0
-3231.0
-3270.0
-2914.0
-3013.0
-2927.0
-3321.0
-2827.0
-2152.0
-3016.0
-3742.0
-3060.0
-3813.0
-3192.0
-2956.0
-4057.0
-4753.0
-3653.0
-3376.0
-3058.0
-3306.0
-3948.0
-3293.0
-2858.0
-3212.0
-3398.0
-3793.0
-2868.0
-3363.0
-3536.0
-3643.0
-2986.0
-3320.0
-4588.0
-3286.0
-3684.0
-3330.0
-2829.0
-3492.0
-3179.0
-4498.0
-3314.0
-3430.0
-2885.0
-2985.0
-2932.0
-3490.0
-2994.0
-3270.0
-3339.0
-3116.0
-2879.0
-3936.0
-3687.0
-3480.0
-3031.0
-2964.0
-2885.0
-3213.0
-3092.0
-3886.0
-4447.0
-5193.0
-3440.0
-2935.0
-2889.0
-4038.0
-3111.0
-2839.0
-3594.0
-2941.0
-3824.0
-2920.0
-2781.0
-2949.0
-2922.0
-2897.0
-2743.0
-3063.0
-3923.0
-3691.0
-3892.0
-2922.0
-4019.0
-2852.0
-3542.0
-3888.0
-2921.0
-3525.0
-2964.0
-5147.0
-2823.0
-4713.0
-3621.0
-2725.0
-2174.0
-2743.0
-3019.0
-3182.0
-2945.0
-3007.0
-2848.0
-2925.0
-3151.0
-3044.0
-2932.0
-3091.0
-3037.0
-2818.0
-3232.0
-3404.0
-3195.0
-8722.0
-2947.0
-3074.0
-2832.0
-4092.0
-2837.0
-2449.0
-2962.0
-3096.0
-3495.0
-1556.0
-2815.0
-3020.0
-2732.0
-2831.0
-2672.0
-2980.0
-2971.0
-3606.0
-2888.0
-3561.0
-3280.0
-3065.0
-4804.0
-3469.0
-3445.0
-3666.0
-2828.0
-4721.0
-2906.0
-3526.0
-2680.0
-2677.0
-2737.0
-2850.0
-2514.0
-3116.0
-2890.0
-3015.0
-3456.0
-2985.0
-2966.0
-2942.0
-3528.0
-4284.0
-3985.0
-3213.0
-3201.0
-3991.0
-3997.0
-4044.0
-4213.0
-3130.0
-3406.0
-4305.0
-4031.0
-3358.0
-3831.0
-3216.0
-4172.0
-2374.0
-1598.0
-3069.0
-3343.0
-3131.0
-2956.0
-3002.0
-3210.0
-3991.0
-3378.0
-3097.0
-3538.0
-3517.0
-3607.0
-3192.0
-2960.0
-3736.0
-3169.0
-6388.0
-3435.0
-3152.0
-3020.0
-3612.0
-3985.0
-3029.0
-3715.0
-4101.0
-3022.0
-3293.0
-3025.0
-3031.0
-3649.0
-4052.0
-3294.0
-3286.0
-3223.0
-3134.0
-3904.0
-3706.0
-3244.0
-4052.0
-3374.0
-2928.0
-3137.0
-3682.0
-3123.0
-3473.0
-2906.0
-3082.0
-3195.0
-3279.0
-2823.0
-3792.0
-2784.0
-3158.0
-3528.0
-3322.0
-3339.0
-3908.0
-3076.0
-2956.0
-3359.0
-3467.0
-3081.0
-3150.0
-3190.0
-5684.0
-2846.0
-4420.0
-3075.0
-3124.0
-2831.0
-2918.0
-3164.0
-2940.0
-3627.0
-3191.0
-2859.0
-2911.0
-2850.0
-3258.0
-3026.0
-2874.0
-3070.0
-3385.0
-2784.0
-2789.0
-3111.0
-3134.0
-3118.0
-3460.0
-3061.0
-2949.0
-2850.0
-3526.0
-2979.0
-2901.0
-3092.0
-2823.0
-3168.0
-3075.0
-2922.0
-3063.0
-3342.0
-3010.0
-2841.0
-3406.0
-3564.0
-3817.0
-3146.0
-2913.0
-4180.0
-3287.0
-4256.0
-3531.0
-3137.0
-4349.0
-2765.0
-6065.0
-4206.0
-3166.0
-3339.0
-3116.0
-2683.0
-2932.0
-3634.0
-2848.0
-3074.0
-3465.0
-3182.0
-3778.0
-4188.0
-3052.0
-3301.0
-3308.0
-2763.0
-3000.0
-3228.0
-3946.0
-3170.0
-4418.0
-3311.0
-3218.0
-2877.0
-3730.0
-4226.0
-3261.0
-3264.0
-3534.0
-2925.0
-2862.0
-2797.0
-3577.0
-3071.0
-3049.0
-2353.0
-3256.0
-2927.0
-4180.0
-3101.0
-2898.0
-3286.0
-2899.0
-3198.0
-3436.0
-2282.0
-3956.0
-2801.0
-4415.0
-3202.0
-3470.0
-3224.0
-2948.0
-2791.0
-2976.0
-3477.0
-2972.0
-2936.0
-2965.0
-3663.0
-3046.0
-3092.0
-2953.0
-2893.0
-3520.0
-3002.0
-3477.0
-3059.0
-3801.0
-3931.0
-4320.0
-3072.0
-3517.0
-2872.0
-4021.0
-2789.0
-2895.0
-2885.0
-2814.0
-2956.0
-3031.0
-3025.0
-3267.0
-2850.0
-2516.0
-2761.0
-3068.0
-3311.0
-3694.0
-3754.0
-2958.0
-3845.0
-3401.0
-2920.0
-3230.0
-2989.0
-3065.0
-2857.0
-4150.0
-2723.0
-3107.0
-3161.0
-2794.0
-2657.0
-2670.0
-3299.0
-3146.0
-3026.0
-3027.0
-4707.0
-2934.0
-2862.0
-2819.0
-2565.0
-3015.0
-2840.0
-2881.0
-3354.0
-3261.0
-3642.0
-3297.0
-2908.0
-3022.0
-3007.0
-4737.0
-3059.0
-2918.0
-3664.0
-2835.0
-2950.0
-2655.0
-3107.0
-3084.0
-2940.0
-3117.0
-2866.0
-2888.0
-3189.0
-3500.0
-3467.0
-3078.0
-3971.0
-3121.0
-3247.0
-3258.0
-2918.0
-4314.0
-3676.0
-4399.0
-3268.0
-2980.0
-3016.0
-2753.0
-3006.0
-2627.0
-2897.0
-2945.0
-3194.0
-3776.0
-2801.0
-3587.0
-2798.0
-2879.0
-3054.0
-3242.0
-3071.0
-2973.0
-3313.0
-3331.0
-2979.0
-3450.0
-3056.0
-2843.0
-2929.0
-3970.0
-2925.0
-3059.0
-3471.0
-3150.0
-3577.0
-2993.0
-2830.0
-3135.0
-3144.0
-3426.0
-3162.0
-3165.0
-3527.0
-3629.0
-4683.0
-3339.0
-3473.0
-2841.0
-3662.0
-3322.0
-2968.0
-3471.0
-2914.0
-5060.0
-3668.0
-3281.0
-2934.0
-2844.0
-2982.0
-3328.0
-3134.0
-2922.0
-2842.0
-2986.0
-3017.0
-3030.0
-3055.0
-2392.0
-1968.0
-2820.0
-2663.0
-2794.0
-2832.0
-3222.0
-3010.0
-3271.0
-2963.0
-2760.0
-2683.0
-4494.0
-2904.0
-3083.0
-3912.0
-2838.0
-2985.0
-2930.0
-2836.0
-2998.0
-2887.0
-2998.0
-3025.0
-3066.0
-3047.0
-3979.0
-2858.0
-3943.0
-3849.0
-3082.0
-3208.0
-4075.0
-2578.0
-3155.0
-3084.0
-4818.0
-2776.0
-3339.0
-2850.0
-2734.0
-3067.0
-2762.0
-2877.0
-3169.0
-3457.0
-3010.0
-2948.0
-3233.0
-3012.0
-2925.0
-3332.0
-3077.0
-2780.0
-2786.0
-2983.0
-3933.0
-2939.0
-3352.0
-3092.0
-2847.0
-3087.0
-4386.0
-2771.0
-2966.0
-3420.0
-2761.0
-3154.0
-3004.0
-2802.0
-3106.0
-2935.0
-2910.0
-2907.0
-3000.0
-2966.0
-3311.0
-3492.0
-3011.0
-3418.0
-3049.0
-3254.0
-3640.0
-3886.0
-3589.0
-2723.0
-5400.0
-2952.0
-3367.0
-2844.0
-2918.0
-2863.0
-2791.0
-3814.0
-2861.0
-3214.0
-3147.0
-3227.0
-3170.0
-3274.0
-2785.0
-3120.0
-2896.0
-3103.0
-2749.0
-3485.0
-3460.0
-3079.0
-3623.0
-3329.0
-3175.0
-3494.0
-4115.0
-2798.0
-4150.0
-3147.0
-3505.0
-2807.0
-2047.0
-2935.0
-3061.0
-4759.0
-3034.0
-3061.0
-2857.0
-2951.0
-3115.0
-2902.0
-2884.0
-3401.0
-3281.0
-4017.0
-3541.0
-3387.0
-3146.0
-2817.0
-4016.0
-2893.0
-3018.0
-2709.0
-3022.0
-2852.0
-2848.0
-3200.0
-3392.0
-2877.0
-3356.0
-2791.0
-2903.0
-3241.0
-2961.0
-2916.0
-3244.0
-2620.0
-2958.0
-3265.0
-3781.0
-3346.0
-3433.0
-3222.0
-3153.0
-3156.0
-4472.0
-3066.0
-3455.0
-2943.0
-3241.0
-3226.0
-2916.0
-3145.0
-3652.0
-3364.0
-2890.0
-3157.0
-3128.0
-3426.0
-4225.0
-3069.0
-3257.0
-3942.0
-2896.0
-3078.0
-3559.0
-3805.0
-3122.0
-2863.0
-4181.0
-2998.0
-3000.0
-3070.0
-2870.0
-2772.0
-3621.0
-3257.0
-2997.0
-2835.0
-2939.0
-2635.0
-3779.0
-2933.0
-2948.0
-2894.0
-4207.0
-2902.0
-2891.0
-2987.0
-3344.0
-2830.0
-4139.0
-4025.0
-4245.0
-4031.0
-4617.0
-2983.0
-2989.0
-3222.0
-2930.0
-3753.0
-3197.0
-2754.0
-2961.0
-3903.0
-3106.0
-2766.0
-2779.0
-3165.0
-3820.0
-3534.0
-3452.0
-3452.0
-3237.0
-3692.0
-3354.0
-3124.0
-4815.0
-3546.0
-5166.0
-3557.0
-3144.0
-3507.0
-3528.0
-2995.0
-3015.0
-3052.0
-2902.0
-3875.0
-3302.0
-2594.0
-3418.0
-3588.0
-3050.0
-2768.0
-3442.0
-2975.0
-2794.0
-3779.0
-3351.0
-3757.0
-4124.0
-2842.0
-3558.0
-3106.0
-4026.0
-2745.0
-2864.0
-3745.0
-4573.0
-3309.0
-3086.0
-3182.0
-2915.0
-3101.0
-2705.0
-2704.0
-2980.0
-3175.0
-4135.0
-2858.0
-3058.0
-3528.0
-3239.0
-3350.0
-3033.0
-2952.0
-3390.0
-4127.0
-4424.0
-2645.0
-3013.0
-2733.0
-2840.0
-2814.0
-2664.0
-3080.0
-2744.0
-2692.0
-2875.0
-2135.0
-2881.0
-2904.0
-3003.0
-2915.0
-3118.0
-3103.0
-3139.0
-3224.0
-3190.0
-4275.0
-4107.0
-3111.0
-3248.0
-4023.0
-4107.0
-2821.0
-4131.0
-4430.0
-2863.0
-2925.0
-1831.0
-2956.0
-3536.0
-3842.0
-2953.0
-2786.0
-3027.0
-3112.0
-3485.0
-3145.0
-2797.0
-3779.0
-3178.0
-3250.0
-3838.0
-3097.0
-3804.0
-3639.0
-4413.0
-3518.0
-3501.0
-2815.0
-3009.0
-2785.0
-2812.0
-3121.0
-3194.0
-3051.0
-3966.0
-3153.0
-2914.0
-2997.0
-3170.0
-2918.0
-2843.0
-2756.0
-2586.0
-3760.0
-3770.0
-3325.0
-3790.0
-2952.0
-3020.0
-2947.0
-3871.0
-3767.0
-2805.0
-2925.0
-2985.0
-2915.0
-2729.0
-2722.0
-3013.0
-2989.0
-2929.0
-2819.0
-2889.0
-3059.0
-3742.0
-3510.0
-3033.0
-3429.0
-3078.0
-3463.0
-3061.0
-3048.0
-3145.0
-3389.0
-4437.0
-2973.0
-3568.0
-2799.0
-2735.0
-2925.0
-2752.0
-3242.0
-3010.0
-3004.0
-3149.0
-2908.0
-3749.0
-3680.0
-3183.0
-3851.0
-2961.0
-2752.0
-2996.0
-2998.0
-3403.0
-3251.0
-4601.0
-3229.0
-3087.0
-2862.0
-3525.0
-3342.0
-3957.0
-2878.0
-4349.0
-4770.0
-2834.0
-3738.0
-2961.0
-4401.0
-3229.0
-2707.0
-4644.0
-3177.0
-4040.0
-2802.0
-3267.0
-3573.0
-4737.0
-3114.0
-3266.0
-3030.0
-3231.0
-2730.0
-4686.0
-2940.0
-4549.0
-3187.0
-3190.0
-3391.0
-3084.0
-3022.0
-2931.0
-2810.0
-3284.0
-2780.0
-2799.0
-3087.0
-2903.0
-2939.0
-3041.0
-2614.0
-2089.0
-2286.0
-3536.0
-2861.0
-3857.0
-2968.0
-3101.0
-2772.0
-4821.0
-2783.0
-2965.0
-2972.0
-2819.0
-3694.0
-2804.0
-2770.0
-2987.0
-4567.0
-2909.0
-2835.0
-2950.0
-3806.0
-3336.0
-2769.0
-3287.0
-3877.0
-3190.0
-3345.0
-3732.0
-3036.0
-3669.0
-3474.0
-4859.0
-3045.0
-3621.0
-2706.0
-2853.0
-2746.0
-2681.0
-2914.0
-2790.0
-3622.0
-2811.0
-2781.0
-2713.0
-2796.0
-2720.0
-3096.0
-3199.0
-2807.0
-2661.0
-3038.0
-3424.0
-3081.0
-3327.0
-2974.0
-2710.0
-2728.0
-4909.0
-2787.0
-1456.0
-3296.0
-2825.0
-2828.0
-2866.0
-3117.0
-3220.0
-3043.0
-2766.0
-2973.0
-3142.0
-3481.0
-2988.0
-3076.0
-3293.0
-4463.0
-3933.0
-4309.0
-3299.0
-3153.0
-3192.0
-2735.0
-4710.0
-2941.0
-4223.0
-3312.0
-2702.0
-2669.0
-2745.0
-3131.0
-2701.0
-2849.0
-3397.0
-2817.0
-2944.0
-2977.0
-4070.0
-2776.0
-3002.0
-3012.0
-2627.0
-3087.0
-3713.0
-3179.0
-3078.0
-3122.0
-2884.0
-2820.0
-5051.0
-3129.0
-2668.0
-2739.0
-2829.0
-2675.0
-2681.0
-2965.0
-3541.0
-3021.0
-3210.0
-2825.0
-3049.0
-2967.0
-3431.0
-2921.0
-2932.0
-5130.0
-2892.0
-3743.0
-3107.0
-2816.0
-3646.0
-3387.0
-4135.0
-2734.0
-3222.0
-2669.0
-2803.0
-2875.0
-2800.0
-4772.0
-2351.0
-2741.0
-4042.0
-2195.0
-3179.0
-3478.0
-2767.0
-3048.0
-4055.0
-3030.0
-3267.0
-4464.0
-3805.0
-3087.0
-3928.0
-3218.0
-2856.0
-2955.0
-4545.0
-2787.0
-2986.0
-3125.0
-3039.0
-3029.0
-2735.0
-2748.0
-2955.0
-3032.0
-3389.0
-2327.0
-4384.0
-3544.0
-4076.0
-2969.0
-3004.0
-4246.0
-3142.0
-3209.0
-3936.0
-2895.0
-3622.0
-2772.0
-4870.0
-2686.0
-3103.0
-2870.0
-4082.0
-2636.0
-2684.0
-2987.0
-2649.0
-2709.0
-2752.0
-2121.0
-3225.0
-3001.0
-2911.0
-3191.0
-3198.0
-2667.0
-2720.0
-2973.0
-3470.0
-3167.0
-3617.0
-2982.0
-2869.0
-3160.0
-4121.0
-2660.0
-2906.0
-3047.0
-3161.0
-3088.0
-2658.0
-3374.0
-3414.0
-2957.0
-3229.0
-2683.0
-3167.0
-2993.0
-3075.0
-3078.0
-3591.0
-3674.0
-3769.0
-3201.0
-3048.0
-2933.0
-3831.0
-2993.0
-4448.0
-2744.0
-3066.0
-2742.0
-2970.0
-2587.0
-2776.0
-3046.0
-2849.0
-2862.0
-3233.0
-2695.0
-3178.0
-3988.0
-2686.0
-2928.0
-3586.0
-2652.0
-2693.0
-2779.0
-3069.0
-2860.0
-3235.0
-2846.0
-2793.0
-3161.0
-5347.0
-2815.0
-3695.0
-2766.0
-2634.0
-3126.0
-2669.0
-2711.0
-2923.0
-3059.0
-2802.0
-2599.0
-2959.0
-2997.0
-3371.0
-2918.0
-3359.0
-3862.0
-2865.0
-3219.0
-3229.0
-2825.0
-3179.0
-2780.0
-3964.0
-2791.0
-3220.0
-2860.0
-2804.0
-2646.0
-2890.0
-2969.0
-2908.0
-2915.0
-3239.0
-2757.0
-4125.0
-2875.0
-2820.0
-2685.0
-3262.0
-2655.0
-2665.0
-2917.0
-3810.0
-2936.0
-3540.0
-2951.0
-2688.0
-2684.0
-3931.0
-2915.0
-2824.0
-3203.0
-3317.0
-2886.0
-2859.0
-2948.0
-3257.0
-3012.0
-2660.0
-2782.0
-2922.0
-2975.0
-3452.0
-2936.0
-3333.0
-4021.0
-2913.0
-3012.0
-2933.0
-2821.0
-3572.0
-2746.0
-4100.0
-2938.0
-3280.0
-2782.0
-2672.0
-3245.0
-2932.0
-3021.0
-2812.0
-2968.0
-2991.0
-2784.0
-2914.0
-2896.0
-2912.0
-2921.0
-3249.0
-2829.0
-2740.0
-3049.0
-3476.0
-3247.0
-3679.0
-3100.0
-3075.0
-3044.0
-4023.0
-2660.0
-2381.0
-2782.0
-2858.0
-1806.0
-2897.0
-3395.0
-3637.0
-2803.0
-2895.0
-2669.0
-2914.0
-2911.0
-3779.0
-2895.0
-2897.0
-3386.0
-2800.0
-3056.0
-3037.0
-2923.0
-3471.0
-2820.0
-4367.0
-2792.0
-3040.0
-2810.0
-2701.0
-2774.0
-2578.0
-3254.0
-3180.0
-2824.0
-2865.0
-2933.0
-2754.0
-4633.0
-2676.0
-2792.0
-3034.0
-3115.0
-2689.0
-3088.0
-3552.0
-3205.0
-3266.0
-3380.0
-2678.0
-2354.0
-4516.0
-2880.0
-1792.0
-3169.0
-2891.0
-2812.0
-2666.0
-2735.0
-3509.0
-2899.0
-3403.0
-1489.0
-3064.0
-3103.0
-3373.0
-2882.0
-3227.0
-4374.0
-2857.0
-3133.0
-3040.0
-3694.0
-3961.0
-2740.0
-5524.0
-3034.0
-3143.0
-3021.0
-2519.0
-2657.0
-2663.0
-2915.0
-2610.0
-3590.0
-3115.0
-2722.0
-3208.0
-3156.0
-2009.0
-2920.0
-3492.0
-2998.0
-1567.0
-2570.0
-3282.0
-3155.0
-3666.0
-2845.0
-2383.0
-2725.0
-3928.0
-2723.0
-2762.0
-3661.0
-3025.0
-2623.0
-2835.0
-2556.0
-2882.0
-2651.0
-2612.0
-2463.0
-2791.0
-2893.0
-3474.0
-2854.0
-2765.0
-3375.0
-2829.0
-3212.0
-2675.0
-2516.0
-3134.0
-2675.0
-3728.0
-2588.0
-2865.0
-3240.0
-2232.0
-2738.0
-2646.0
-2662.0
-2626.0
-3166.0
-2870.0
-1764.0
-2642.0
-3251.0
-2664.0
-1520.0
-3122.0
-3648.0
-2665.0
-3201.0
-3221.0
-2954.0
-4444.0
-2839.0
-2477.0
-2730.0
-3786.0
-3241.0
-3715.0
-3150.0
-2610.0
-2846.0
-1626.0
-2783.0
-3054.0
-2985.0
-2927.0
-2734.0
-2937.0
-3359.0
-3373.0
-3007.0
-2867.0
-3587.0
-2934.0
-3187.0
-3041.0
-2756.0
-3116.0
-2793.0
-3729.0
-2729.0
-3363.0
-3087.0
-2541.0
-2653.0
-2636.0
-2878.0
-3731.0
-2747.0
-2629.0
-2607.0
-4614.0
-3546.0
-2521.0
-2656.0
-2822.0
-2946.0
-2595.0
-2818.0
-3272.0
-3027.0
-3056.0
-2829.0
-2727.0
-2659.0
-4819.0
-2679.0
-2616.0
-2511.0
-2650.0
-2843.0
-2448.0
-2591.0
-2793.0
-3340.0
-2553.0
-2737.0
-3004.0
-3588.0
-3915.0
-2714.0
-2639.0
-3003.0
-2828.0
-3026.0
-3116.0
-3109.0
-3172.0
-2627.0
-3928.0
-2723.0
-2845.0
-2627.0
-2492.0
-2516.0
-2642.0
-2695.0
-2874.0
-2675.0
-2591.0
-2336.0
-3160.0
-3285.0
-1542.0
-2680.0
-2976.0
-2702.0
-2681.0
-3468.0
-3788.0
-3376.0
-3415.0
-2663.0
-2796.0
-2775.0
-5674.0
-2896.0
-2774.0
-2522.0
-2997.0
-2545.0
-2454.0
-3272.0
-2924.0
-2751.0
-2502.0
-2516.0
-3096.0
-3232.0
-3349.0
-2842.0
-2830.0
-3341.0
-2778.0
-3303.0
-3273.0
-2712.0
-3277.0
-3229.0
-4923.0
-3200.0
-3148.0
-2606.0
-3033.0
-3162.0
-2860.0
-2908.0
-2622.0
-2654.0
-2673.0
-2515.0
-2734.0
-3186.0
-2853.0
-2430.0
-2904.0
-2764.0
-3046.0
-2764.0
-2975.0
-3172.0
-3360.0
-2817.0
-2488.0
-2629.0
-4241.0
-2517.0
-2853.0
-2616.0
-2616.0
-2577.0
-2633.0
-2806.0
-2977.0
-3672.0
-2449.0
-1355.0
-2793.0
-3229.0
-3659.0
-2771.0
-2808.0
-3320.0
-2936.0
-2963.0
-2985.0
-2729.0
-3156.0
-3027.0
-3666.0
-3185.0
-3242.0
-2662.0
-2752.0
-2683.0
-2801.0
-2900.0
-2809.0
-2734.0
-2474.0
-2741.0
-2939.0
-3041.0
-2530.0
-2373.0
-2980.0
-2869.0
-2436.0
-2990.0
-3058.0
-3001.0
-3544.0
-2793.0
-2571.0
-2550.0
-5044.0
-2873.0
-1875.0
-2622.0
-2905.0
-2703.0
-2601.0
-2638.0
-3097.0
-3028.0
-1680.0
-2644.0
-3425.0
-3150.0
-3092.0
-2790.0
-2964.0
-2817.0
-2713.0
-3009.0
-2964.0
-2653.0
-3945.0
-2760.0
-3545.0
-2856.0
-2976.0
-2687.0
-1644.0
-1995.0
-2803.0
-3252.0
-2585.0
-2565.0
-2709.0
-1960.0
-2795.0
-2942.0
-2629.0
-3561.0
-2814.0
-3647.0
-2515.0
-2847.0
-3329.0
-2918.0
-3268.0
-2541.0
-2582.0
-3227.0
-3867.0
-2645.0
-2598.0
-2552.0
-2684.0
-2560.0
-2536.0
-2669.0
-3137.0
-2818.0
-2474.0
-2567.0
-3234.0
-3241.0
-3159.0
-2891.0
-2828.0
-4764.0
-2784.0
-3201.0
-2694.0
-3878.0
-3205.0
-2779.0
-4473.0
-3406.0
-3242.0
-2691.0
-3017.0
-3110.0
-3011.0
-2840.0
-2814.0
-2750.0
-2794.0
-2642.0
-2914.0
-2950.0
-2847.0
-2528.0
-2833.0
-2715.0
-2874.0
-3166.0
-2965.0
-2996.0
-3197.0
-2875.0
-2973.0
-4093.0
-4109.0
-2450.0
-2649.0
-2528.0
-3227.0
-1935.0
-3853.0
-3135.0
-3045.0
-3253.0
-1615.0
-3129.0
-3085.0
-3660.0
-3111.0
-2738.0
-2782.0
-3338.0
-2686.0
-2855.0
-2694.0
-2547.0
-3112.0
-3086.0
-3490.0
-2727.0
-2874.0
-2605.0
-2556.0
-2980.0
-3026.0
-2908.0
-1871.0
-2646.0
-2630.0
-2649.0
-2801.0
-3312.0
-2510.0
-2640.0
-2917.0
-2911.0
-2600.0
-2879.0
-3069.0
-2898.0
-3366.0
-2848.0
-2666.0
-2623.0
-3388.0
-2765.0
-2770.0
-2782.0
-2741.0
-2619.0
-2471.0
-2648.0
-3016.0
-2859.0
-2487.0
-1861.0
-3579.0
-2912.0
-3977.0
-3856.0
-2898.0
-3078.0
-2702.0
-2708.0
-2853.0
-3200.0
-3880.0
-4124.0
-3702.0
-3509.0
-3025.0
-3412.0
-3224.0
-2630.0
-2986.0
-2980.0
-2829.0
-4005.0
-2733.0
-2808.0
-2926.0
-3098.0
-1992.0
-3144.0
-3820.0
-3535.0
-2731.0
-3014.0
-3988.0
-2849.0
-3187.0
-2877.0
-2649.0
-2696.0
-4459.0
-2667.0
-2570.0
-2898.0
-2737.0
-2504.0
-2599.0
-2837.0
-3096.0
-3415.0
-2917.0
-2603.0
-3073.0
-3746.0
-2997.0
-2665.0
-2806.0
-2935.0
-2820.0
-2951.0
-3380.0
-2895.0
-3311.0
-2704.0
-3859.0
-3646.0
-3078.0
-2604.0
-2490.0
-2632.0
-2587.0
-2930.0
-4343.0
-3139.0
-2594.0
-2247.0
-3505.0
-2922.0
-2595.0
-2547.0
-2932.0
-2783.0
-2891.0
-4298.0
-2890.0
-3020.0
-3203.0
-2548.0
-2509.0
-2686.0
-4132.0
-2816.0
-2177.0
-3549.0
-2810.0
-4028.0
-2412.0
-2562.0
-2908.0
-2795.0
-2484.0
-3391.0
-2948.0
-4008.0
-3127.0
-2557.0
-2912.0
-2898.0
-2597.0
-2795.0
-2679.0
-2562.0
-4001.0
-2859.0
-3305.0
-2899.0
-2919.0
-2484.0
-2401.0
-2417.0
-2774.0
-2881.0
-2844.0
-2737.0
-3029.0
-1320.0
-2887.0
-2773.0
-2533.0
-2619.0
-2893.0
-2578.0
-2659.0
-2810.0
