-9984
-4070
-3752
-2594
510
-6945
-7461
-5381
1060
-6198
-3425
-2770
3262
-627
8
-5611
3118
1240
-1579
-6956
-5824
761
-4466
-3530
1857
933
-9353
6796
2808
-211
-2450
707
-3791
3391
-168
-6038
4528
872
442
-9088
-10037
-2819
-6990
-178
-1959
846
-11743
-307
3913
226
-3612
320
3199
6755
2124
-614
522
2013
2287
-91
-7193
1963
-5537
2914
4359
-3651
-9346
-1509
-2757
211
-4627
-2002
-4347
175
-2269
80
4053
3821
-207
-4938
-6767
2731
-6323
2547
369
1162
-7827
3054
1970
1947
-2419
5929
4155
-1844
2547
-4576
6516
575
-1447
-2817
-766
262
-2919
3617
4529
2392
-9681
1566
-842
1296
806
2031
-4342
-4955
651
-2443
1416
3896
1418
-8106
-8284
-3891
-5261
675
1895
-972
-4754
-346
8514
-229
-2573
5517
-1209
-1678
678
-4933
-523
-4947
679
-2083
-2158
-1142
-2452
3507
2041
-593
-639
-1261
5124
-973
-3662
1632
3401
3275
2696
-1145
7879
7025
-997
-1977
-8822
4538
-1701
2677
1572
-1144
-3328
2138
5088
-334
-4247
695
2215
506
3090
-1551
6942
6626
2827
-427
-5723
202
-5878
684
3892
2987
-6907
1082
5333
5325
-1897
3236
1703
2731
1043
-8415
4669
6568
-1171
-5198
-2262
3213
-2391
1648
3836
3090
-1132
-1807
6432
3840
-356
3191
3173
126
1416
-2154
3235
2671
4304
-5969
-3636
31
932
3051
8683
4708
-7693
4126
6737
4306
-2724
3525
7484
3492
-953
-2571
4306
-855
7845
132
-5248
133
-5447
5388
763
3881
-5200
4090
7679
1054
3032
3058
5440
4838
1821
784
4680
5493
56
1877
1310
5117
1029
3377
2942
2869
-6440
6201
8627
5358
4243
4210
4638
10535
2861
-158
9076
8033
7427
785
-3085
5310
-3182
6571
8472
6106
-4387
7827
8050
5439
5419
-1028
6351
8006
3161
-7084
10007
7478
1642
298
-1931
3047
2057
8465
2926
4205
-2457
3107
6559
7786
-866
1415
3845
8796
3335
-2802
5316
8460
4444
-4068
-6
6854
-2124
4900
3520
5337
-1155
7698
5989
1927
927
1311
4876
9113
2158
-434
8126
5911
-114
-4290
-669
6013
-4690
7572
9298
3490
-2237
5296
8057
3915
90
2701
3860
6885
3743
-69
5633
7279
2821
773
1744
1772
-2470
5796
5389
5315
648
7022
8832
3633
3556
6317
3509
5508
2830
562
8639
6585
-1712
3408
121
6414
-2210
6409
6315
4519
-1203
4154
6091
5708
2164
7441
6386
8588
2628
-2209
9067
5495
4241
1629
3962
3451
-226
6342
9021
4753
2450
5871
8284
6996
5905
10069
11179
5614
3262
131
9521
10062
2055
-2903
4993
5208
3391
8469
4441
3388
-229
3435
4661
4280
5035
9594
7191
4626
5562
6386
6509
11139
-2404
1770
5262
7311
-1513
6607
8487
9627
2015
7253
6295
9458
3621
7951
4747
3510
5008
1164
7870
8974
3611
-2047
3422
6524
-2300
6765
9915
8381
1438
8790
7903
7057
5102
8774
9254
9446
6902
-2981
9215
8908
6184
-1455
5179
9064
1491
10393
10921
6973
1580
9466
9077
6458
2178
8634
9160
8456
10370
-3256
9685
6430
5346
-394
7980
6510
-2289
6780
8197
6643
4165
2426
8427
7438
2579
10128
10304
5846
5717
-3774
10220
5490
4341
2379
879
2555
1575
8993
9040
7091
4762
6028
9908
9453
-32
10968
6984
8324
7999
435
8383
6926
1814
3218
7337
5014
1793
9035
8895
9743
-2128
9879
8608
9571
593
9530
7042
9918
8248
370
9293
7218
6866
-2725
3722
7282
-5451
8994
9666
5811
-3686
6591
6584
9047
5417
5847
6912
10818
6411
6819
9991
10108
4921
-1441
3409
6291
-2883
7477
9000
6088
3041
9893
9852
6763
4056
8921
9083
11349
8065
4486
8385
8545
6983
3503
5990
9833
5009
11161
6317
6689
945
7267
6326
8429
2020
9522
10763
9246
7949
-3016
9601
10732
4801
5363
7095
8462
1508
8491
8446
7295
4977
9908
7143
7381
-44
10125
8192
10085
6757
5968
9404
8397
7795
3964
5340
8320
2815
9661
9754
9348
4882
9109
8802
9193
5983
8252
9124
10676
5944
-2520
10469
8786
7650
-278
5492
7760
1197
9819
9442
6653
4018
9204
10075
7842
5944
9184
10146
7469
6066
8082
11309
9952
6489
5177
3334
6065
3861
8933
8470
9864
619
9627
7672
9760
4473
11406
10269
10231
9681
1610
10157
8579
7989
5515
9532
9831
1394
10063
9199
9751
1215
10155
8210
9931
7765
7887
9693
10445
6748
4835
9323
10615
9113
6926
7045
9411
2248
8740
11042
10415
4866
9238
11269
10645
8219
11256
10396
9641
9195
2814
10123
9408
8505
6717
7877
10872
4350
11135
11093
4429
6527
11250
10965
9018
8967
10128
8409
10965
9713
2841
9977
11994
6956
4090
7261
9607
2282
9324
9656
9207
6111
9578
11371
9886
4454
9272
9321
9179
10849
1420
10778
9612
4379
3918
8701
6521
4589
10210
10340
10670
7090
11059
10080
10179
6627
10820
11763
11436
8404
5633
11761
7488
7613
7506
6914
10458
3187
10108
11618
8939
5214
9807
11896
10134
2788
11053
9550
10143
7943
4341
11021
10991
8287
4418
8313
9927
7269
11092
11540
10005
7979
9283
11130
10762
6364
11689
12057
11867
8337
5700
12240
10774
8014
6353
7385
9075
1731
11221
9914
11964
5462
10154
11280
10939
8913
10249
11847
10806
8525
3837
11456
11468
8139
7118
7775
9605
6839
10869
11087
9604
4434
10758
9875
7737
5081
11119
11700
11429
9862
5228
12839
10929
10085
3765
6006
10406
-25
11586
11988
9067
7249
10331
11487
9106
3806
11912
11710
9612
9107
6834
12402
11232
1138
2514
7701
11890
2035
10943
12419
9909
4611
10339
11807
10955
8931
11192
11199
11409
10701
4388
11184
11537
9347
5115
9487
10765
6295
11753
11837
9853
6328
10895
12018
10680
6726
11024
11285
12248
9173
5548
12686
10990
10107
5111
8367
11771
6820
12150
10939
10963
4068
11951
12408
10607
6032
12755
9755
9070
11633
6279
12218
10612
8808
5601
9798
8728
5779
12251
12636
9853
3301
10295
11968
9140
6327
11696
9167
12270
10904
6882
11056
11537
8838
5528
6484
10238
5027
10944
11587
10231
7566
10274
12476
10488
7527
11576
12757
8956
10460
5287
11412
10837
8294
8708
8668
9363
4994
10314
11105
11070
9326
11560
11630
7760
9443
12790
12174
12358
9387
6605
12290
12292
10427
6915
7798
11021
3788
11381
11518
11056
7674
11238
11672
10958
8851
11692
12683
10708
10192
4786
11719
11699
8910
8410
9479
11326
5482
11526
12786
11249
5836
10444
12294
11846
11048
12398
11095
11898
8801
8369
11266
11345
8519
7134
9207
11019
6895
9172
12355
10945
6135
11599
11953
11522
6824
11971
12536
12811
10280
4793
12022
13088
10715
8194
6322
10875
8508
11871
11443
11561
7921
12455
10656
11280
9442
11709
11754
11938
10441
7822
12648
11600
10109
8117
10345
11808
2740
12372
11599
11147
10215
12160
11979
11681
8933
10606
11385
12994
11227
5133
12581
12469
9948
7822
10415
9109
6593
11443
11838
10437
6849
11527
12080
10683
10798
11901
12468
11813
11698
5101
13225
12853
9046
8702
10092
11117
5917
11723
11959
11374
9508
11511
12067
11141
9636
12044
10563
12178
11162
8565
12079
12388
11191
9333
8343
12384
4413
11911
12172
12133
6983
11260
12946
11989
10185
12233
12465
13066
11368
4645
12336
12410
8112
9780
8536
12049
4415
12173
13026
10194
8243
12522
12840
12345
7069
12013
11447
12859
8906
8001
13537
11635
8977
8733
9479
10629
6755
11875
12515
11632
4880
12038
13076
11129
8098
11948
11769
12156
9974
4593
11379
12958
8466
7456
7959
10870
8642
12923
12844
11763
8289
11237
13066
10890
10570
11663
12118
11480
10202
9702
11750
12638
10915
5386
10095
11426
7870
12209
12893
10779
8230
10163
12300
10206
9679
12645
10567
12827
8635
7630
12326
11610
10690
7296
10286
11260
6173
11314
12112
12279
8119
12179
12171
10964
10515
11746
12160
12577
11359
10812
12997
12178
11689
9177
11125
8985
10248
11898
12656
12268
8208
12192
12245
12602
10755
10527
12546
12413
9269
8165
13160
12884
11089
7646
10531
8553
8480
12624
12757
12088
8298
12056
12888
12219
8794
12411
12014
12288
10486
4932
11113
12512
9503
9715
9367
11970
8449
12410
10911
9307
9046
12396
12284
11429
9877
12406
12320
12685
11303
10068
12451
12222
10725
6210
10326
11426
6958
10220
12372
11945
9155
11075
12928
12978
11037
12964
13021
12664
11656
8533
13226
13097
9882
6939
8776
10567
7559
12125
12051
11015
6746
11035
12471
12637
9900
13095
12267
12925
11057
8224
12619
12965
10683
9605
10660
12082
7886
12428
13130
11502
7136
12220
12817
11088
9999
12773
13186
12464
9777
8594
12934
11982
11077
10033
10922
11738
9225
12326
10562
12426
9431
12757
12734
12038
10357
13033
12965
11923
11011
6984
13128
12777
10005
7853
9683
11182
2516
10885
12904
11394
9432
11688
12151
12435
10880
13129
12552
12706
9890
7239
12411
12085
8173
9077
11241
10681
5227
11176
11845
12009
8192
10916
12499
11369
11387
11724
12763
12942
10096
9165
13043
12597
9758
9599
10860
9910
7243
12259
13003
10687
9026
11950
11837
12274
10797
13120
10606
12843
10019
9298
13047
13178
11377
9287
11721
10965
8993
12102
13071
12018
6757
12597
12459
11671
10927
12199
12860
12833
11090
8085
12842
12253
11075
10318
9778
11106
7329
13247
12988
13097
9141
11181
13185
12112
9741
13085
12440
13440
9878
8263
12146
12499
11104
7978
7530
12392
7087
11048
13140
11856
8113
12164
12840
12673
10913
13202
12869
12739
11235
10210
13168
13094
11060
9148
8488
10882
7202
12282
13185
10769
8826
11945
12002
11290
9210
12472
12700
12257
11778
8113
12908
13039
11794
8856
10403
11803
9943
12196
12264
12385
7080
11276
13229
12793
10270
13117
13328
12545
12268
9418
13442
12127
9649
8903
8815
10844
7026
12085
12928
12489
4732
12833
12514
12126
11128
12446
12809
12521
11193
10068
13312
12670
10600
8960
11434
11349
9700
12882
12817
11671
8858
11677
13367
12994
11129
12702
13086
13458
11491
8929
13104
12453
10427
8683
8733
11785
10099
12375
12954
12853
9404
12733
12893
12197
10688
12747
13281
13368
10966
10098
12792
13234
11290
9356
11427
11756
8048
11835
13015
11620
9822
12461
12341
12631
10835
13388
12908
12947
11830
9798
12206
13234
10374
10305
8461
12105
8466
12089
13424
11877
10039
13297
13206
12134
10450
11242
13178
13045
9539
11090
12383
12811
10444
10248
10838
11312
6406
12574
12781
11213
7011
13153
13141
11913
12385
13130
12362
12288
9933
10039
13863
13329
8876
9381
8712
11934
8121
12095
13013
12439
8985
13048
12834
12418
11667
12056
13111
12623
11152
10512
12837
12981
11541
8552
10132
11260
9853
12748
13403
12749
10033
12088
12871
12624
10622
12435
13205
13020
11954
9555
13135
12620
10297
10315
10008
11570
9365
12775
12505
12954
9682
12092
13172
11959
10973
12825
13389
13313
11431
10345
13351
11707
11203
9235
10518
12085
9881
12674
12029
11993
9709
12941
12799
12949
11056
11138
13263
12631
10922
8892
12737
13068
10555
7731
11355
12112
7309
12766
13402
12675
9179
11411
12862
12323
9797
12820
13651
13305
10501
9014
12759
13442
10735
10041
10904
11446
7850
12919
13407
11781
9119
12717
13172
12760
9973
13215
13620
13566
10809
10797
13664
13680
10176
9531
10661
12596
8539
11986
13025
12466
9146
12816
13379
12875
10562
12588
13671
12167
10516
9850
12748
13231
8772
9675
9514
11427
9510
12870
12176
11666
10054
12925
13357
12221
10946
12800
12659
13564
10210
9570
13153
13058
10147
9588
9924
11682
9161
12647
12442
12455
8843
12310
13210
12817
10402
13025
13429
12934
11675
6487
13558
12959
11422
9836
11024
11644
10902
12222
13358
12442
9208
12273
12896
12314
10011
11415
11703
13096
11739
8487
12076
12515
12019
10445
11141
10629
10567
12915
12398
12374
8743
12055
13124
10662
10473
13104
13030
13077
10707
10063
13593
13014
12414
9045
10712
11934
8615
12566
12383
11677
10010
11677
13195
12459
11106
13394
13004
13339
11500
9024
12285
13226
10046
9978
10400
12613
9418
12426
13203
13429
10620
11369
13154
12934
12092
13192
13250
12912
10180
10349
13352
13286
10544
8755
11377
11722
9232
12598
13459
12758
9998
12761
13099
12516
10479
12910
12639
13219
11156
9741
13441
13095
10804
9706
12025
11682
8857
12346
13207
12572
9232
11458
13218
13160
10180
13462
12991
13258
11422
7600
13353
13411
9594
9831
9733
11957
8214
13297
12876
11666
9315
12395
12337
13283
10663
12659
13043
13779
8348
10792
13774
13783
11399
9939
11146
12452
8547
13166
13024
12053
7802
12384
12547
13143
10931
13474
13664
13613
11208
11336
13312
12601
11474
9798
10582
11612
7873
13076
12976
12380
9597
12672
13671
13314
11125
12410
13179
13185
10285
10165
13550
12082
11434
8787
11689
11136
9221
12752
12842
11571
10914
12572
13166
13149
10061
12700
13244
12193
10824
9904
13350
12830
10483
9951
11180
12868
9448
13183
12781
13186
7718
12206
13484
13400
10271
13377
13396
13657
11200
10746
13218
12954
10984
10557
11905
12083
10380
12988
13183
12142
8873
11992
13273
12335
11283
12692
12923
12419
11676
9907
13419
13592
11210
10619
11649
11810
9560
13136
12494
11397
9701
12372
12988
12577
11325
13098
12999
13503
11166
7929
13259
12582
9892
9747
10968
12411
9993
12701
13372
12036
10042
11473
12878
12566
10751
12915
12246
12890
12154
9665
13730
12794
10436
9513
10789
11819
10150
13124
13496
12904
9982
11856
13510
13232
11346
13378
13044
13570
12379
8180
13573
13930
11705
10098
10793
12541
9302
12882
12393
12472
9110
10714
13534
12209
10633
12577
13469
13143
11114
10679
13551
13028
12288
10400
10101
11950
10279
12724
12666
11527
9184
12892
12878
12313
9950
13204
13208
13140
12322
10309
12842
12505
10892
10355
9933
11909
9772
12650
12407
11406
9427
11910
13439
12933
11748
12490
13333
13342
11974
9968
13687
13671
8892
10299
10676
12437
7793
13206
13588
12896
9680
13121
12471
12749
10393
12751
12665
13496
11273
10259
13732
13677
11332
9870
11325
12164
9566
12287
13301
12397
7784
12295
13280
13435
11638
13299
12610
13297
11611
8504
13247
13391
10467
8226
10698
12033
9634
12396
12892
12197
9349
12655
13242
13320
10879
13609
13187
12276
9971
9932
12729
13557
10626
10907
11544
11646
9595
12533
13441
12215
10643
12854
12400
12402
12629
13035
13116
13313
10105
9767
13705
13247
11637
10084
11880
11071
10442
12024
12767
12196
9139
13254
13542
13157
11980
12624
13384
12504
10591
10586
13406
12895
11428
10109
10795
12096
9731
10747
12938
12128
9103
13228
12524
12998
11451
13558
12958
12353
10587
8664
12540
13115
11111
8880
10517
10927
8073
11820
12458
12636
10267
12799
12621
12628
11441
13307
13176
12557
12131
7246
13172
11829
12536
7867
10222
11248
8786
12779
12800
12640
9812
11741
13449
12331
11248
13167
12827
13329
10279
8340
13079
12802
9957
11323
10298
11363
9015
12159
13046
12857
7000
12600
13015
12821
11176
13255
13103
13150
12151
10886
13063
13657
11837
10976
10785
11008
10769
12799
13267
12751
9906
13167
12764
13218
11789
12566
13277
13348
12087
9925
13107
13151
12141
11139
11756
11125
8824
12758
12821
13135
10416
13027
13322
13131
11877
13520
13403
11943
11007
9304
12814
13744
11555
10401
10908
11746
10188
12575
12245
13384
10046
12801
12885
12754
12271
13277
13470
12561
12096
9785
12387
13746
11132
11638
11225
11061
9633
12876
12891
12480
9299
13122
12870
13377
11597
13018
12956
13286
11528
11071
12852
12801
11334
10413
11581
11853
9576
11890
13241
11493
9809
13137
13220
13337
11223
13195
12171
12581
12318
10948
13572
12785
12341
11085
11083
10283
10240
13427
13529
12518
10207
12656
13570
12924
11644
13165
13500
13436
11710
11215
13409
12934
10553
11403
11232
11888
9546
12708
13538
13043
9882
12983
13327
13194
12128
13700
13487
13725
11634
10506
13614
13626
11892
9064
12120
11767
11009
11938
13261
12469
8380
12436
12739
13226
12520
13236
13198
13627
12141
8630
13453
13598
11677
10780
11512
11937
11365
12650
13282
11571
9874
13302
13870
12808
11707
13698
13811
13602
11804
11448
12799
13873
11613
9741
11125
12409
10067
12828
13732
12696
9479
13453
13536
13423
11242
13552
13896
13147
11645
12064
13535
12567
12076
10537
11601
12598
11013
13399
13650
12932
9430
13256
13559
12910
11946
13181
13968
13822
11239
10707
13969
13552
11887
10268
11696
12313
10728
12820
13723
11961
10614
13030
13419
12644
10922
13570
13692
13600
12417
10614
13650
13125
10844
8741
11775
12031
10169
13431
13583
12949
9171
11951
13989
12925
11488
13408
13426
13562
12262
10648
13577
13698
12566
9316
11630
11947
9730
13363
12912
11430
8092
12891
13372
13249
10700
13248
13146
13856
12548
11585
13762
13375
11696
10337
11849
12968
10222
12903
12886
12865
10930
11801
13559
13462
11014
13272
13122
13399
10489
11016
13839
13525
11343
10335
12144
12921
9059
13144
12885
13095
9868
13209
13572
12733
10855
13541
13138
13805
12352
10964
13292
12757
10785
10078
11922
12687
10908
13490
13112
11982
8485
13242
13650
13426
10995
13435
13387
11290
11946
10082
13895
13376
10971
11175
10945
12824
9839
12877
13702
13462
8878
12791
13848
11411
12317
12959
13452
13754
12214
11619
12526
13942
10595
10752
12008
12792
9148
13631
13282
13232
10233
12561
13624
12374
12563
13253
13678
13324
10959
10866
13744
14077
11221
10647
11148
12299
10062
13391
13161
13523
9628
12526
13203
12458
12197
12755
13719
13775
11533
10644
13579
12722
12693
12117
10174
12324
10545
13434
13715
12335
8875
12421
13641
11932
12093
13153
12708
13583
11542
10962
13692
13372
12755
9629
11223
12474
10110
12561
13679
12434
9527
13076
13928
12711
10861
14007
12751
13312
11131
11430
13993
13359
12310
9573
10800
12434
10834
12973
13449
12969
9349
13233
13794
13061
12330
12563
13950
13381
10890
11420
13039
13699
12645
10577
10167
11108
11289
11927
13456
12826
9666
13007
13587
12440
10993
13723
12869
13952
11937
11695
13704
13427
12286
9482
10899
12637
10430
13334
13497
12272
10150
13434
13667
12949
10385
13503
13358
13668
12566
11845
13846
13793
12636
10118
11025
12839
11600
13403
13599
11740
10866
13166
13779
13165
11479
13556
13879
13557
12470
10530
13957
13817
11306
10500
12444
12152
9854
12619
13740
13393
10382
12734
13220
12687
12861
13723
13371
13367
10343
11289
13616
12702
11937
10500
11935
11527
11814
12498
13528
11859
10421
13395
13945
12240
12909
13310
12800
12964
12444
11529
13299
13699
12784
11711
9973
12651
11492
13051
13764
11821
10433
13377
13787
12275
11424
13699
13705
13817
12869
11919
13496
13659
12285
10963
12118
12161
10250
13232
13426
12712
10671
13047
13460
13518
12168
13502
13750
13686
11588
10267
13960
13631
12407
11161
12141
12979
9311
13352
13574
13040
10241
13745
13534
12839
11734
13861
13628
13852
12142
11251
13884
13630
11440
11348
12316
11951
8628
12587
13466
13081
11277
13724
13853
13477
12372
13279
13334
13627
11143
10615
13944
14063
11606
9411
12025
11100
9740
13073
13646
11870
11463
13406
13920
13248
11441
13472
13843
13710
11012
9735
13147
13845
12583
10807
11724
12488
9036
12837
12522
12099
10778
13337
13560
13417
12582
12587
12684
13752
11206
11370
13042
13610
12042
11010
11727
11921
10402
13420
13281
12732
10173
12569
13501
12952
11439
13658
12776
13589
11939
11843
13669
13944
11926
10915
12767
12152
10603
13359
13390
11499
8309
13121
13525
12378
12527
13170
13610
13492
12140
11256
13678
13639
12556
11843
11250
11906
9692
12344
13222
13169
10555
13074
13478
13099
11677
12542
12107
13857
10632
11678
13818
13320
11065
9217
11664
12852
10351
13424
13824
10963
9124
12833
13829
13385
11325
13212
13834
13359
10580
10419
13734
13680
12448
11340
11236
13071
9806
13184
13782
12543
9171
12684
13362
13153
12222
13584
13714
13751
11946
11785
13578
12967
11937
10659
12663
12019
11303
12837
12932
12500
10452
13390
13209
13226
11259
13236
12898
13619
11706
9894
13376
13488
12493
9340
11535
12295
10544
12955
13476
12597
10279
12461
13318
13242
11483
13683
12638
13564
12251
11389
13590
12934
12834
10139
11191
13045
9892
13254
13440
12947
9787
12086
13617
13749
11814
13373
13484
13096
12411
10405
13863
13779
11165
9400
11378
11713
10277
13524
13534
12454
10295
12901
13598
13290
11429
13634
12471
13494
12586
11342
13892
13521
11794
10999
10715
11309
10957
13223
13551
13356
10724
12570
13554
13192
12252
13583
13152
13704
12047
10323
13825
13850
12192
11371
11890
12976
10307
12205
12678
12135
9572
11915
13136
13469
11136
13048
13637
13055
11391
11010
13692
13847
11250
11011
11753
12794
10738
13379
13400
12331
9427
13171
13713
12887
11764
13302
13132
13088
11483
10047
13347
13916
12013
10592
12232
12457
9781
13185
13427
12998
10550
12704
13714
11621
11618
13698
12982
13650
12548
10930
13570
13287
12761
11983
11937
11927
10837
12371
13318
13237
9024
12879
13571
13426
12085
13447
13766
13743
12448
11626
13623
13826
12186
10462
10698
12672
10320
13492
13335
13221
9888
13325
13226
13794
11217
13779
13267
13779
12331
11279
13572
13583
12153
9855
12548
13035
11772
13187
13385
11283
11083
13186
13808
13656
12010
13682
13649
13666
11806
11642
14043
13629
12089
10133
11751
12434
10623
13515
13660
12383
9485
13496
13816
13529
11702
13629
13845
13698
12567
11294
13967
13678
12576
10332
12091
12263
10372
13122
13565
13653
11197
13324
14014
12656
12638
13647
13812
13552
11553
11157
13661
13802
13008
11806
11519
12385
11104
13678
13953
13171
9267
13220
13868
12948
12203
13785
13681
13828
12346
11420
13380
13298
12521
10556
11987
13322
10713
13314
13751
13070
9498
13531
13671
13432
11600
13317
13652
13487
11615
11698
13724
13756
12412
12053
11548
12982
11222
13129
13630
13484
10892
13451
13209
13386
11629
13541
13598
13822
12797
11218
13676
13754
12496
10209
11766
12937
11244
13102
13634
13289
11087
13570
13744
13458
12403
13658
13640
13858
12658
10451
13651
13632
12715
11387
12021
12732
10719
13685
13394
13235
10406
13351
13973
12915
12896
13840
13484
13341
12242
10586
14116
13556
11360
10898
11861
12869
11297
12863
13584
13641
10476
13604
13419
13614
10743
13432
13767
13665
12857
9379
12906
13703
12278
12084
12207
13020
10960
12794
13830
13711
9050
13177
13393
13349
12911
13845
14003
13584
11843
10754
13827
12297
11839
12193
12302
11865
11441
12894
13637
13651
10793
13122
14036
13496
12588
13574
13974
13523
11744
11761
13901
13932
12190
11277
11909
13141
11638
13333
13455
13613
9828
12898
13632
12977
12528
13588
13675
13792
12628
11517
13891
13829
11293
12037
12244
12841
11083
13453
13771
13314
11166
13151
13642
13424
11892
13527
14087
14026
11884
11499
14004
13957
13056
11508
11283
12931
10946
13077
13911
12912
10359
12963
12434
13835
12078
13442
13924
13546
11924
11442
13477
14088
11687
10524
11235
12646
10093
12835
13321
13142
10997
13440
13678
12546
12851
13491
13662
13625
12364
10607
13781
13745
12648
12180
11489
12351
10871
13333
13748
13661
10123
13616
13570
13517
12288
13784
13766
13566
12919
11126
14026
13631
12218
11911
12122
12708
10147
13243
13787
12660
11074
13497
13624
13938
11677
13567
14037
13996
12303
11654
13661
13595
12372
11740
12781
11978
11084
13502
13209
13039
7502
13619
13448
13291
10898
13286
13999
13574
12235
11334
13740
13645
12382
10951
12650
12949
11113
13328
13466
13322
11189
13567
13527
13597
12588
13701
13635
13946
12539
11377
13757
13886
12688
11690
12032
13069
11063
13362
13698
13626
10243
13020
13329
13490
12506
13905
13993
13713
12448
11957
13979
13646
12369
11804
12020
11835
10690
13416
13238
13368
10267
13500
13096
12417
11571
13554
13796
13746
11821
11207
13970
13845
11664
11838
12172
12291
10593
12172
13597
12635
10333
12823
13498
12772
12450
13698
13924
13504
11221
10885
13905
13826
12655
11611
12098
12037
10827
12580
12912
13286
9817
13860
13589
13282
11926
13627
13989
13384
12677
10312
13910
13157
11665
11218
10753
12635
9178
13212
13873
12885
11094
13455
13593
13371
12083
13667
13929
13951
12043
11054
13943
13806
12285
9987
11714
13052
11381
13120
13111
12933
10874
13639
13552
13408
11597
13820
13450
13189
12580
11659
13918
13853
13108
11371
11774
12811
10956
12935
13791
13356
11331
13630
13539
13048
12252
13281
13772
13903
12627
12222
13745
13728
12318
10759
12359
13159
10713
13448
13832
12827
8433
13639
13873
12823
12785
14132
13943
13911
12280
11343
13954
13794
12570
11250
12243
12679
11419
12921
13420
13577
10736
13596
13220
13397
11772
13762
13118
13983
11865
11407
14166
13884
12454
11878
11873
12611
8844
13543
13460
13416
11157
13271
13924
13642
12453
13971
13797
13975
12603
12105
13900
13850
12882
11645
12580
13228
10191
12774
13852
13439
11189
13095
13926
13634
11806
13600
13889
13929
12943
11094
14119
13911
12701
11171
11606
13147
11106
13582
13843
13778
11425
13136
13053
12968
12593
13828
13926
13962
12744
11521
13901
13706
12838
11382
12642
12924
11624
12851
13843
12941
10279
13133
13665
13380
12443
13533
13883
13815
12388
11006
13860
13448
11451
10204
12112
12632
10259
13375
13816
13035
11013
13468
13553
13874
11376
13967
13803
13697
11605
11467
13433
13682
12364
11623
12929
12649
10931
13075
13765
13272
11154
13156
13826
13677
11530
14024
13511
13519
12974
11436
13650
13911
12702
11457
11827
11992
10466
13170
13942
12685
10811
13329
13660
13856
12633
13673
14050
13372
11918
10911
13866
13115
13004
10829
12327
12701
10356
13314
13701
12709
11499
13336
13631
13527
11816
14007
13897
13684
12202
12009
14203
13975
12370
11870
12523
12872
11950
13616
13528
13484
10262
13190
13137
13552
12836
13586
13400
13313
12006
12324
13813
13928
12575
11899
11918
13001
10952
13657
14091
12788
9765
13502
13494
13606
11040
13344
13884
13928
12894
10950
13905
13951
12342
11456
12588
13224
10417
13482
13145
12802
9946
13393
13694
13871
12360
13830
13861
13719
12276
11660
13972
13988
13130
11985
12246
12792
11299
13780
13785
13668
10222
13489
13712
13775
12774
13891
13849
14014
12946
11644
13576
13808
12538
11099
12597
11712
10502
13404
13570
13518
10540
13432
14003
13504
12885
14007
13858
13448
12832
11454
13947
14113
12239
11802
12156
12433
11440
13606
13806
13393
9731
13527
14082
13572
12213
13527
13769
13767
12248
12177
14058
13995
12608
11226
12042
13069
11605
13606
13880
13343
9998
13593
13705
13669
12624
13717
13846
13843
12828
11949
14011
13889
12580
11920
11951
12668
11612
12916
13718
13434
10766
13617
13940
13503
12348
13571
13592
13666
12013
11859
13919
13582
12626
11297
11772
13096
10263
13140
13715
13672
10711
12960
13714
13530
11292
13892
13632
13817
12792
11502
13865
14090
12438
11614
11958
12989
10648
13450
13773
12945
10834
12674
13748
13574
12779
13727
13813
13862
12764
11967
14013
13939
12092
11725
12158
11905
10894
13010
13848
13417
10304
13229
13675
13408
12955
13364
13499
13837
12722
12395
14079
13988
12583
11999
11537
13346
11695
13418
13983
13126
10286
13667
14044
13241
12297
13142
13473
13929
12688
11736
13896
14036
13158
11746
12214
13220
11599
13525
13821
13282
11423
13843
13566
12929
12589
13968
13812
13469
12932
12142
13887
14063
12956
11778
12993
13326
10527
13571
13198
13723
10626
12894
13566
13781
12992
13696
13787
13891
12568
12168
13740
14123
13146
11949
12496
12264
10559
12778
13337
13798
11320
13379
13991
13211
12455
13844
13625
12608
11932
10965
13878
13871
12571
11264
12674
12670
11360
12209
13361
13320
11777
12533
13538
13078
12213
13644
13760
13679
11610
11805
14000
14116
12823
12108
12066
12696
10433
12255
13757
13723
10392
13537
13490
13597
12657
13769
13851
13674
12567
11201
13864
14150
12333
11756
12097
12932
10980
13281
13649
13852
10923
13265
13416
13372
12037
13740
13786
14016
12381
11372
13937
14150
12133
10772
12341
12170
10768
13457
13998
13651
11074
13324
13837
12826
12291
13202
13823
13334
11749
11308
13798
13833
12050
11195
12472
12868
11752
12740
13805
13273
11509
13400
14045
13058
12994
13669
13749
13781
12207
11696
13877
14120
12529
11895
12857
13353
11362
13297
13791
13684
11491
13502
13524
13835
12442
13912
13630
13780
12565
12137
13772
13874
12575
11689
12970
12926
10056
13399
13543
13500
11649
12887
13851
13616
12736
13871
13793
13910
11764
11457
14063
13890
12145
11277
12802
13016
10733
12974
13908
13270
11491
13519
13445
13684
12172
14040
14038
13217
12687
11910
13698
13807
12512
10846
11732
13382
11105
13605
13650
13562
9278
13662
13540
13593
11638
13399
13477
13917
12600
10655
13404
13863
12534
12086
12539
12811
11082
13252
13670
13499
11058
13300
13975
13721
13032
13656
14001
13671
12692
11758
13850
14075
11970
12140
11990
12820
11109
13196
13831
13524
11482
13155
13474
13287
12619
13507
13892
13981
12329
12332
14211
13965
12703
12139
12284
13020
11658
13292
13367
12861
11299
13548
13728
12587
12303
13762
13989
13462
12589
11228
13675
13505
12512
12059
12490
13219
10790
13093
14026
13778
11789
13710
13865
13898
11840
13736
14005
13777
12671
11801
14058
13478
12734
11613
12020
12847
11744
13741
13855
13204
11680
13130
13998
13554
12321
13947
13935
13889
12218
11711
13871
13253
12432
11257
12875
12007
11799
13784
13775
13704
11715
13766
13515
13681
12400
13680
13828
14090
11995
11944
13819
13821
12782
11015
11810
12987
11760
13283
13609
13215
11229
13104
13551
13629
12528
13640
13758
14082
11897
11705
14166
14093
12742
11529
12871
12867
11790
13520
13856
13220
11865
13571
13850
13680
12933
13511
14067
13804
12924
11336
13633
13821
12763
11651
13070
12869
11755
13616
13932
12741
11386
13508
13987
13538
12263
14029
13821
13790
12573
12143
14160
14049
12437
12124
12369
12507
11364
12931
13706
13118
11579
13499
13537
13555
12792
13950
13752
13353
12782
12307
14061
13709
12639
10916
13049
12532
10418
13894
14001
13611
11279
13147
13345
13318
12717
13697
13843
13874
12621
11737
13983
14150
12700
11165
11678
12931
10450
13656
13628
13813
11104
13148
13841
13747
12597
13859
13950
13792
12944
12252
13727
13888
12621
12019
12249
13162
11734
13466
13713
13484
11498
13412
13955
13499
12338
13879
13634
13836
12972
11536
14081
13902
12402
12327
12011
12931
11574
13585
12711
13358
9722
12926
13559
13832
12748
13395
13493
13876
13049
11775
14102
13446
12246
11090
13107
12713
11424
13360
13755
13430
10540
13588
13529
13867
12558
13781
13983
13545
12828
11726
13781
14051
12419
11537
12992
12878
10682
13587
12246
13452
11498
13276
13981
13678
12888
13935
13289
14126
13005
11515
13925
13739
12575
11392
12984
13107
10320
13706
13860
13662
11297
13567
13537
13661
12331
13966
13470
13768
12893
11904
13745
14055
12546
12008
12209
12513
9825
13694
13691
13587
10444
12917
13577
13174
12209
13745
13648
13738
12818
11091
14175
13974
12449
12010
12634
12308
11044
13495
13299
13395
10943
13822
13972
13336
12973
13921
13989
13251
12757
11465
13754
14017
12166
10905
12337
12191
10038
13586
13092
13579
10992
13604
13979
13712
12431
13722
13546
13595
12435
10860
13967
13946
12732
11701
