-18366.0
-17411.0
-36958.0
-13971.0
-16840.0
-23785.0
-29217.0
-26072.0
-13925.0
-13622.0
-23343.0
-8499.0
-13826.0
-13434.0
-14320.0
-19928.0
-15752.0
-19888.0
-21055.0
-25562.0
-34153.0
-18781.0
-15623.0
-25588.0
-27387.0
-22420.0
-21188.0
-18557.0
-17963.0
-14816.0
-26332.0
-16383.0
-17092.0
-17017.0
-18451.0
-20493.0
-17292.0
-28704.0
-24851.0
-29123.0
-17263.0
-15380.0
-31669.0
-22269.0
-13132.0
-18752.0
-20291.0
-22304.0
-17252.0
-11425.0
-17865.0
-19273.0
-19648.0
-16138.0
-11530.0
-21265.0
-14388.0
-14390.0
-11798.0
-10920.0
-26765.0
-20453.0
-13848.0
-11379.0
-17188.0
-18483.0
-14723.0
-12062.0
-20057.0
-19395.0
-26988.0
-11583.0
-16001.0
-20747.0
-14577.0
-18950.0
-21207.0
-21873.0
-17780.0
-13049.0
-26974.0
-21814.0
-16292.0
-16117.0
-18128.0
-11399.0
-20804.0
-15575.0
-12777.0
-10966.0
-21414.0
-19045.0
-19590.0
-12738.0
-10673.0
-23020.0
-10640.0
-16181.0
-12335.0
-14949.0
-15174.0
-11230.0
-26571.0
-18705.0
-11465.0
-16823.0
-21336.0
-9094.0
-9517.0
-16278.0
-14833.0
-8247.0
-16993.0
-19502.0
-14616.0
-18075.0
-13776.0
-7832.0
-12196.0
-23955.0
-23701.0
-11752.0
-17185.0
-16684.0
-12138.0
-19291.0
-16711.0
-13400.0
-18682.0
-15980.0
-13845.0
-15652.0
-19783.0
-8781.0
-9801.0
-10568.0
-16451.0
-13814.0
-12991.0
-15892.0
-9327.0
-8957.0
-13126.0
-28535.0
-10650.0
-13142.0
-21226.0
-14010.0
-11331.0
-13350.0
-14960.0
-22468.0
-20948.0
-17227.0
-12684.0
-11693.0
-18385.0
-17001.0
-11256.0
-11822.0
-10276.0
-11972.0
-9903.0
-10786.0
-20061.0
-14243.0
-15228.0
-13109.0
-16107.0
-18669.0
-17032.0
-18252.0
-15933.0
-19520.0
-10451.0
-15102.0
-13586.0
-6580.0
-16694.0
-18104.0
-11055.0
-11040.0
-18098.0
-12162.0
-8678.0
-9019.0
-14329.0
-15214.0
-10917.0
-14696.0
-11722.0
-10585.0
-16899.0
-14300.0
-7259.0
-14626.0
-16072.0
-16114.0
-11141.0
-19507.0
-8913.0
-14386.0
-24638.0
-12570.0
-14299.0
-11925.0
-12226.0
-10540.0
-8955.0
-13437.0
-13304.0
-9710.0
-11740.0
-13333.0
-15471.0
-25315.0
-6280.0
-16764.0
-12859.0
-17590.0
-22045.0
-4467.0
-7155.0
-11569.0
-10496.0
-13218.0
-20625.0
-11309.0
-10654.0
-11640.0
-10331.0
-17114.0
-15030.0
-13157.0
-6001.0
-11988.0
-14943.0
-10409.0
-9189.0
-8631.0
-4948.0
-7231.0
-9143.0
-20495.0
-7076.0
-8783.0
-14853.0
-11734.0
-7303.0
-12941.0
-7811.0
-11526.0
-16686.0
-4265.0
-9590.0
-6124.0
-8131.0
-8740.0
-12426.0
-7565.0
-9209.0
-5588.0
-4639.0
-8233.0
-13974.0
-16396.0
-6831.0
-7645.0
-9528.0
-5776.0
-14528.0
-8786.0
-13454.0
-10238.0
-5838.0
-9963.0
-12563.0
-5752.0
-18456.0
-7676.0
-11340.0
-9070.0
-13558.0
-6381.0
-5604.0
-4685.0
-6992.0
-8065.0
-5386.0
-9722.0
-8694.0
-9149.0
-8941.0
-10567.0
-7441.0
-11130.0
-9703.0
-10700.0
-4194.0
-12376.0
-7628.0
-10393.0
-19604.0
-8903.0
-13279.0
-3573.0
-10807.0
-13889.0
-7929.0
-2907.0
-13297.0
-6415.0
-9044.0
-7518.0
-8102.0
-10259.0
-4525.0
-5189.0
-19282.0
-12974.0
-9462.0
-8234.0
-10232.0
-7581.0
-5134.0
-5036.0
-8878.0
-5132.0
-14261.0
-11242.0
-7623.0
-12309.0
-15749.0
-11329.0
-8321.0
-4700.0
-7690.0
-5831.0
-4245.0
-4753.0
-3682.0
-2444.0
-8524.0
-10039.0
-3561.0
-3823.0
-8429.0
-6120.0
-3977.0
-4875.0
-7367.0
-7665.0
-16283.0
-4229.0
-2703.0
-2830.0
-4222.0
-10062.0
-3304.0
-2335.0
-11510.0
-2500.0
-3675.0
-2527.0
-5621.0
-13736.0
-2290.0
-1775.0
-6436.0
-7934.0
-4259.0
-1599.0
-5094.0
-8811.0
-4841.0
-2421.0
-6682.0
-3900.0
-6453.0
-9472.0
-5360.0
-7867.0
-8804.0
-6369.0
-1720.0
-6977.0
-9958.0
-6914.0
-4856.0
-5388.0
-2641.0
-4719.0
-6123.0
-17274.0
-2566.0
-4650.0
-7610.0
-7175.0
-3268.0
-10702.0
-2990.0
-6930.0
-8130.0
-2073.0
-2301.0
-4057.0
-8667.0
-3241.0
-365.0
-2491.0
-11150.0
-4824.0
-2567.0
-4633.0
-4350.0
-7524.0
-3807.0
-2744.0
-9281.0
-4896.0
-1269.0
-4472.0
-2834.0
-4707.0
-3393.0
-7004.0
-2693.0
-4142.0
-6231.0
-4531.0
-4104.0
-5163.0
-9037.0
-2578.0
-1477.0
-2202.0
-5668.0
-2189.0
-4765.0
-1900.0
-2916.0
-1334.0
-4563.0
-6354.0
-1901.0
-1557.0
-2876.0
-3918.0
-863.0
-2197.0
-3665.0
-3344.0
-7541.0
-2328.0
-3230.0
-952.0
-5339.0
-2277.0
-3661.0
-2639.0
-9418.0
-643.0
-3327.0
-4490.0
-4950.0
-6077.0
-3707.0
-1878.0
-5475.0
-3503.0
-2434.0
-4577.0
-1766.0
-3938.0
-5798.0
-4011.0
-3400.0
-993.0
-4929.0
-5525.0
-6397.0
-4630.0
-12962.0
-1006.0
-2209.0
-2493.0
-3093.0
-1184.0
-530.0
-3418.0
-2493.0
-140.0
-1607.0
-1720.0
-736.0
-5475.0
-2135.0
-1974.0
-719.0
-1887.0
-2604.0
-1567.0
-4507.0
-1767.0
-560.0
-1052.0
-4898.0
-4574.0
-2891.0
-1831.0
-1929.0
-1171.0
-1670.0
-2116.0
-2321.0
-8574.0
-751.0
-2062.0
-5625.0
-5713.0
-2525.0
-1379.0
-3907.0
-5077.0
-3898.0
-1887.0
-4208.0
-1557.0
-1120.0
-2217.0
-2145.0
-4509.0
-3309.0
-1350.0
-507.0
-1739.0
-2164.0
-1506.0
-1055.0
-2119.0
-70.0
-351.0
-2089.0
-3753.0
-1010.0
-1454.0
-4766.0
-2272.0
-577.0
-428.0
-1339.0
-1971.0
-6451.0
-1958.0
-462.0
-302.0
-1417.0
-603.0
-596.0
-968.0
-2583.0
-931.0
-186.0
-345.0
-946.0
-2520.0
-668.0
-213.0
-2964.0
-6759.0
-3484.0
-1200.0
-2007.0
-2381.0
-677.0
-3994.0
-1077.0
-1924.0
-2902.0
-846.0
-2224.0
-3899.0
-947.0
-882.0
-441.0
-585.0
-1595.0
-753.0
410.0
-233.0
-3746.0
-798.0
-1289.0
-823.0
-1157.0
-380.0
-1288.0
-1494.0
-1009.0
-1274.0
-3317.0
-427.0
-2362.0
-1822.0
210.0
-95.0
-2434.0
-209.0
391.0
-1299.0
-2362.0
11.0
85.0
-916.0
-3862.0
-1823.0
-1532.0
26.0
-3479.0
-735.0
-1851.0
-1618.0
-34.0
-880.0
-2289.0
-1310.0
-2583.0
-3434.0
-4323.0
-1142.0
-4449.0
-1774.0
-2521.0
-359.0
19.0
-207.0
-757.0
211.0
-424.0
-750.0
-1227.0
-572.0
-501.0
-1321.0
277.0
-524.0
-1478.0
-341.0
179.0
-539.0
-1443.0
-1280.0
-1544.0
-157.0
249.0
-272.0
-2511.0
-1803.0
-1128.0
-8.0
-3751.0
-1667.0
-631.0
-2183.0
-661.0
-2237.0
-1206.0
364.0
-1955.0
-1954.0
-1149.0
-984.0
219.0
-1364.0
-1057.0
-1030.0
-1051.0
-470.0
-1428.0
-710.0
-2085.0
-1036.0
-1898.0
97.0
-333.0
-397.0
-483.0
-216.0
-432.0
-1229.0
121.0
-1260.0
-423.0
-952.0
-806.0
-196.0
-2219.0
-3371.0
-466.0
-4257.0
-1268.0
-2337.0
-12950.0
-166.0
-1536.0
-396.0
-722.0
-1505.0
30.0
-148.0
-364.0
214.0
-896.0
-97.0
-616.0
-2218.0
118.0
-139.0
-921.0
-772.0
-1316.0
-456.0
96.0
-591.0
-387.0
-552.0
-2505.0
-635.0
-1508.0
-1074.0
-888.0
-2172.0
-288.0
-1311.0
365.0
-212.0
-1858.0
-278.0
282.0
-1035.0
-1065.0
-274.0
-1496.0
-1275.0
-31.0
-415.0
-2596.0
-1240.0
-653.0
-1949.0
-2804.0
-2006.0
-1948.0
-655.0
-473.0
-244.0
-2097.0
86.0
-1166.0
-435.0
-822.0
-337.0
-355.0
-870.0
-493.0
-1363.0
337.0
-815.0
-1727.0
-2391.0
-836.0
335.0
-685.0
-1880.0
-868.0
-2924.0
-1137.0
-1880.0
-719.0
-742.0
-1118.0
-1632.0
-4216.0
-1238.0
114.0
207.0
-753.0
18.0
-1252.0
135.0
-172.0
-343.0
-1237.0
-3215.0
99.0
568.0
-1607.0
-1066.0
-94.0
-1457.0
-833.0
-706.0
-2897.0
-232.0
-488.0
-224.0
-1315.0
380.0
510.0
-791.0
-690.0
-388.0
613.0
-609.0
-1361.0
-1205.0
248.0
272.0
-529.0
-1001.0
-1366.0
579.0
-792.0
-324.0
-441.0
-1297.0
-2067.0
282.0
-828.0
268.0
-1904.0
-1700.0
-1139.0
54.0
-861.0
539.0
-750.0
-2051.0
346.0
-942.0
358.0
530.0
-1479.0
-140.0
203.0
-241.0
-930.0
-1987.0
326.0
-755.0
-551.0
28.0
-1887.0
189.0
-6.0
232.0
-2522.0
-693.0
-559.0
-289.0
-1476.0
518.0
67.0
166.0
-493.0
-559.0
83.0
-491.0
-25.0
-727.0
-1611.0
-222.0
-638.0
-1316.0
169.0
-1611.0
126.0
408.0
-213.0
-356.0
-683.0
-2129.0
-1214.0
-76.0
511.0
-174.0
8.0
-246.0
-448.0
-840.0
490.0
298.0
-1662.0
-914.0
-100.0
-356.0
-702.0
-324.0
136.0
-249.0
-40.0
-326.0
-3417.0
-203.0
142.0
-254.0
-1617.0
-788.0
-727.0
-164.0
-1878.0
-117.0
547.0
-115.0
-712.0
-1507.0
420.0
-830.0
78.0
-1000.0
-1296.0
-737.0
175.0
-419.0
-223.0
254.0
-624.0
121.0
-987.0
-500.0
-1445.0
-346.0
-595.0
-1705.0
485.0
-49.0
-126.0
-454.0
440.0
96.0
79.0
4.0
-365.0
19.0
646.0
232.0
-2704.0
-1368.0
-594.0
-403.0
66.0
-308.0
-2249.0
-472.0
-502.0
364.0
-2443.0
-1017.0
251.0
-421.0
-1004.0
555.0
451.0
641.0
-76.0
-2124.0
599.0
-122.0
-280.0
-321.0
-1026.0
-344.0
145.0
-222.0
-1673.0
-993.0
-648.0
183.0
-1928.0
-281.0
-1219.0
-667.0
-699.0
-925.0
522.0
447.0
-507.0
-14.0
155.0
-1014.0
-289.0
-35.0
300.0
-1145.0
183.0
184.0
-762.0
-912.0
386.0
-328.0
-2189.0
-285.0
-1591.0
-478.0
-300.0
-170.0
-800.0
-384.0
199.0
463.0
-567.0
267.0
-81.0
170.0
-242.0
-355.0
223.0
447.0
-275.0
-190.0
-624.0
233.0
126.0
-782.0
484.0
-462.0
-601.0
142.0
-10.0
-111.0
-1570.0
-775.0
-51.0
443.0
619.0
491.0
-738.0
-221.0
237.0
320.0
-85.0
392.0
-802.0
83.0
670.0
675.0
31.0
467.0
656.0
-210.0
-809.0
495.0
-1221.0
520.0
603.0
-141.0
-2198.0
409.0
513.0
362.0
-268.0
598.0
521.0
258.0
-285.0
-1141.0
657.0
579.0
264.0
-507.0
-359.0
-685.0
88.0
-2561.0
295.0
-153.0
113.0
342.0
-153.0
236.0
-381.0
-144.0
238.0
239.0
428.0
147.0
-674.0
160.0
-765.0
321.0
20.0
267.0
-438.0
-680.0
-30.0
400.0
-1081.0
85.0
657.0
431.0
-43.0
217.0
-396.0
-117.0
-60.0
360.0
-468.0
-1052.0
159.0
161.0
-525.0
54.0
421.0
488.0
-673.0
-792.0
725.0
570.0
-20.0
-432.0
-307.0
381.0
370.0
-980.0
235.0
-277.0
179.0
323.0
-727.0
276.0
-852.0
-315.0
128.0
-153.0
-595.0
555.0
-2054.0
256.0
520.0
393.0
251.0
670.0
-360.0
-430.0
627.0
264.0
-1073.0
-61.0
450.0
208.0
-102.0
-280.0
-269.0
135.0
383.0
166.0
-1590.0
15.0
528.0
258.0
-414.0
-564.0
358.0
-45.0
-580.0
-160.0
359.0
220.0
-536.0
-394.0
-37.0
216.0
121.0
-142.0
332.0
391.0
-148.0
360.0
-277.0
61.0
-308.0
-620.0
250.0
519.0
39.0
380.0
-144.0
100.0
576.0
492.0
421.0
712.0
152.0
-1350.0
624.0
131.0
328.0
189.0
561.0
345.0
-574.0
-382.0
-731.0
179.0
320.0
171.0
-790.0
251.0
199.0
579.0
-12.0
-221.0
43.0
-1169.0
252.0
-857.0
718.0
368.0
-371.0
6.0
-377.0
500.0
-139.0
-488.0
194.0
236.0
-474.0
365.0
-28.0
369.0
-785.0
-92.0
-244.0
534.0
299.0
295.0
53.0
-84.0
252.0
515.0
364.0
667.0
161.0
-367.0
696.0
305.0
265.0
260.0
451.0
157.0
-703.0
-1.0
-1449.0
367.0
455.0
614.0
-1093.0
201.0
564.0
93.0
358.0
504.0
490.0
522.0
203.0
-571.0
699.0
569.0
3.0
-1340.0
-444.0
174.0
17.0
-189.0
359.0
165.0
-432.0
392.0
-220.0
503.0
-694.0
-710.0
-156.0
172.0
682.0
557.0
154.0
259.0
574.0
372.0
484.0
639.0
-157.0
333.0
613.0
642.0
408.0
388.0
98.0
-84.0
281.0
110.0
-229.0
605.0
643.0
401.0
-379.0
294.0
655.0
512.0
-108.0
600.0
131.0
468.0
204.0
-258.0
381.0
670.0
340.0
-190.0
-98.0
620.0
414.0
-99.0
141.0
-1195.0
-246.0
344.0
106.0
316.0
-1340.0
-242.0
-354.0
613.0
723.0
-641.0
-168.0
275.0
422.0
571.0
617.0
484.0
255.0
179.0
503.0
-218.0
48.0
-334.0
549.0
539.0
-1070.0
329.0
-172.0
117.0
432.0
405.0
-728.0
73.0
667.0
274.0
285.0
596.0
697.0
505.0
-166.0
-376.0
553.0
530.0
219.0
-286.0
-220.0
195.0
338.0
-874.0
162.0
-411.0
253.0
536.0
40.0
125.0
-678.0
-865.0
159.0
-194.0
668.0
663.0
-199.0
301.0
402.0
508.0
589.0
259.0
263.0
306.0
680.0
691.0
-194.0
-38.0
596.0
79.0
85.0
102.0
-657.0
183.0
666.0
538.0
-338.0
521.0
340.0
454.0
187.0
634.0
708.0
655.0
288.0
-433.0
663.0
690.0
55.0
-242.0
-496.0
680.0
231.0
100.0
17.0
-154.0
36.0
512.0
-252.0
-1677.0
-564.0
-756.0
-62.0
522.0
-582.0
443.0
92.0
-481.0
362.0
-460.0
183.0
701.0
127.0
-292.0
128.0
698.0
163.0
57.0
592.0
-1860.0
9.0
48.0
-223.0
582.0
591.0
560.0
-499.0
471.0
666.0
440.0
73.0
487.0
606.0
608.0
-137.0
-792.0
90.0
31.0
-111.0
-324.0
-132.0
663.0
-212.0
-158.0
516.0
116.0
-818.0
456.0
100.0
372.0
-1044.0
-341.0
498.0
566.0
506.0
504.0
189.0
325.0
296.0
550.0
576.0
614.0
62.0
113.0
623.0
649.0
-351.0
106.0
107.0
452.0
-420.0
369.0
-3.0
608.0
675.0
252.0
-1887.0
508.0
641.0
-108.0
31.0
545.0
705.0
708.0
-101.0
-939.0
636.0
699.0
-256.0
-81.0
-20.0
291.0
445.0
1.0
-1.0
-197.0
-363.0
400.0
46.0
446.0
-925.0
-45.0
237.0
512.0
650.0
654.0
228.0
27.0
648.0
490.0
438.0
529.0
437.0
387.0
683.0
687.0
387.0
472.0
653.0
384.0
331.0
293.0
-224.0
614.0
611.0
374.0
-267.0
546.0
536.0
-121.0
65.0
644.0
645.0
582.0
311.0
-90.0
456.0
44.0
139.0
-174.0
-284.0
423.0
516.0
-1226.0
469.0
157.0
-120.0
273.0
-22.0
417.0
-926.0
-375.0
519.0
500.0
669.0
622.0
-61.0
334.0
296.0
525.0
452.0
698.0
312.0
418.0
434.0
543.0
433.0
95.0
668.0
403.0
-95.0
227.0
-804.0
527.0
661.0
496.0
-994.0
370.0
652.0
452.0
153.0
559.0
711.0
701.0
384.0
-141.0
436.0
698.0
366.0
62.0
-57.0
298.0
183.0
-48.0
359.0
175.0
200.0
563.0
-272.0
339.0
-643.0
-161.0
144.0
407.0
726.0
663.0
160.0
392.0
593.0
615.0
581.0
710.0
-173.0
275.0
710.0
722.0
292.0
359.0
573.0
-269.0
354.0
390.0
-98.0
417.0
659.0
234.0
-332.0
175.0
685.0
636.0
289.0
684.0
-9.0
604.0
8.0
-927.0
509.0
563.0
209.0
78.0
0.0
534.0
-290.0
27.0
62.0
400.0
278.0
612.0
-683.0
371.0
-326.0
10.0
424.0
521.0
669.0
639.0
-146.0
-178.0
475.0
620.0
428.0
208.0
20.0
361.0
432.0
656.0
188.0
66.0
697.0
500.0
-837.0
510.0
-51.0
559.0
523.0
566.0
-780.0
-114.0
561.0
380.0
349.0
576.0
664.0
478.0
218.0
-590.0
596.0
681.0
133.0
55.0
31.0
516.0
266.0
182.0
265.0
-637.0
72.0
499.0
-23.0
522.0
-359.0
93.0
344.0
626.0
695.0
651.0
288.0
400.0
580.0
548.0
516.0
738.0
417.0
131.0
650.0
687.0
41.0
476.0
503.0
395.0
390.0
402.0
-339.0
-212.0
447.0
595.0
-1135.0
503.0
439.0
556.0
234.0
458.0
18.0
646.0
-27.0
-435.0
637.0
647.0
407.0
66.0
214.0
476.0
478.0
385.0
394.0
143.0
14.0
269.0
-542.0
522.0
-500.0
-687.0
-232.0
472.0
551.0
682.0
311.0
104.0
555.0
657.0
647.0
639.0
434.0
-246.0
647.0
527.0
481.0
342.0
526.0
-20.0
165.0
320.0
-498.0
-495.0
446.0
566.0
-427.0
250.0
583.0
10.0
411.0
198.0
631.0
516.0
126.0
-403.0
583.0
518.0
172.0
58.0
85.0
592.0
395.0
-840.0
504.0
-82.0
-308.0
385.0
-113.0
387.0
-323.0
49.0
119.0
415.0
492.0
654.0
-35.0
436.0
507.0
642.0
618.0
689.0
309.0
376.0
697.0
626.0
492.0
412.0
657.0
-23.0
366.0
352.0
-70.0
403.0
661.0
471.0
-8.0
402.0
628.0
593.0
409.0
603.0
692.0
678.0
267.0
-192.0
689.0
671.0
106.0
-50.0
-888.0
634.0
392.0
-220.0
317.0
243.0
-407.0
538.0
-69.0
280.0
-583.0
107.0
410.0
489.0
739.0
306.0
407.0
198.0
569.0
625.0
608.0
736.0
161.0
331.0
728.0
277.0
231.0
164.0
452.0
569.0
0.0
-182.0
-804.0
500.0
623.0
462.0
-492.0
296.0
-427.0
559.0
304.0
600.0
694.0
653.0
334.0
-1200.0
290.0
685.0
333.0
218.0
-68.0
516.0
363.0
119.0
287.0
111.0
229.0
475.0
32.0
506.0
-680.0
159.0
36.0
506.0
709.0
718.0
249.0
344.0
543.0
586.0
621.0
647.0
525.0
-838.0
601.0
675.0
357.0
236.0
680.0
304.0
303.0
318.0
-118.0
628.0
526.0
605.0
-896.0
526.0
593.0
562.0
113.0
276.0
548.0
419.0
143.0
-411.0
610.0
654.0
-205.0
-37.0
-68.0
490.0
428.0
113.0
90.0
-97.0
-264.0
537.0
-263.0
473.0
-688.0
376.0
425.0
111.0
625.0
565.0
-153.0
217.0
543.0
660.0
604.0
674.0
294.0
421.0
672.0
703.0
375.0
431.0
662.0
401.0
315.0
424.0
-112.0
600.0
619.0
548.0
-936.0
576.0
697.0
472.0
185.0
517.0
652.0
688.0
302.0
46.0
707.0
731.0
310.0
-17.0
-88.0
520.0
628.0
285.0
275.0
38.0
56.0
374.0
116.0
471.0
-183.0
-1.0
-45.0
551.0
675.0
152.0
-158.0
30.0
-108.0
248.0
630.0
681.0
476.0
290.0
584.0
617.0
463.0
210.0
618.0
415.0
47.0
538.0
-324.0
588.0
660.0
562.0
-306.0
668.0
588.0
549.0
373.0
606.0
689.0
670.0
308.0
-95.0
703.0
730.0
202.0
148.0
-79.0
362.0
602.0
334.0
275.0
19.0
-94.0
465.0
218.0
367.0
-430.0
-122.0
430.0
587.0
578.0
348.0
341.0
357.0
234.0
589.0
72.0
544.0
20.0
288.0
612.0
405.0
163.0
315.0
643.0
299.0
163.0
527.0
-374.0
637.0
631.0
104.0
-397.0
571.0
704.0
578.0
402.0
423.0
688.0
649.0
-7.0
-75.0
610.0
610.0
112.0
91.0
0.0
545.0
573.0
243.0
404.0
257.0
231.0
576.0
128.0
449.0
-448.0
-116.0
56.0
486.0
704.0
-494.0
227.0
350.0
608.0
562.0
661.0
718.0
299.0
179.0
729.0
678.0
277.0
141.0
395.0
404.0
369.0
473.0
-454.0
616.0
562.0
248.0
-775.0
504.0
671.0
542.0
1.0
218.0
383.0
700.0
275.0
48.0
462.0
701.0
246.0
-51.0
136.0
604.0
588.0
-8.0
401.0
260.0
69.0
588.0
213.0
398.0
-357.0
392.0
145.0
303.0
458.0
688.0
250.0
252.0
497.0
692.0
512.0
676.0
199.0
413.0
625.0
700.0
572.0
247.0
674.0
460.0
164.0
493.0
27.0
595.0
689.0
558.0
-423.0
506.0
730.0
538.0
573.0
578.0
688.0
702.0
214.0
-342.0
695.0
386.0
437.0
-16.0
124.0
547.0
-18.0
-420.0
-56.0
137.0
218.0
573.0
-346.0
-367.0
-760.0
392.0
79.0
463.0
695.0
652.0
219.0
399.0
562.0
710.0
537.0
610.0
356.0
390.0
735.0
155.0
421.0
363.0
672.0
481.0
439.0
438.0
-169.0
421.0
646.0
552.0
-394.0
484.0
-133.0
565.0
374.0
668.0
553.0
680.0
419.0
-229.0
715.0
410.0
288.0
-548.0
-159.0
560.0
587.0
33.0
233.0
351.0
-369.0
442.0
157.0
294.0
-308.0
260.0
325.0
288.0
690.0
660.0
234.0
388.0
552.0
457.0
430.0
729.0
192.0
236.0
720.0
698.0
414.0
102.0
642.0
103.0
420.0
310.0
-193.0
536.0
648.0
533.0
-574.0
575.0
480.0
151.0
-33.0
541.0
691.0
595.0
383.0
-397.0
642.0
739.0
140.0
79.0
-45.0
477.0
468.0
-331.0
337.0
316.0
35.0
555.0
-227.0
48.0
-410.0
-449.0
472.0
447.0
702.0
-221.0
-375.0
-188.0
-337.0
642.0
657.0
678.0
165.0
485.0
692.0
699.0
387.0
31.0
704.0
358.0
200.0
-187.0
-428.0
139.0
669.0
609.0
-340.0
550.0
707.0
523.0
329.0
711.0
613.0
622.0
516.0
-1172.0
684.0
632.0
277.0
-286.0
-163.0
490.0
105.0
-335.0
318.0
357.0
197.0
575.0
171.0
510.0
-403.0
-686.0
368.0
594.0
692.0
703.0
359.0
373.0
594.0
628.0
491.0
715.0
139.0
231.0
550.0
636.0
292.0
165.0
681.0
539.0
-553.0
435.0
-715.0
589.0
728.0
593.0
-587.0
387.0
643.0
382.0
417.0
649.0
680.0
488.0
165.0
-149.0
703.0
517.0
4.0
115.0
-132.0
681.0
513.0
192.0
89.0
209.0
140.0
505.0
133.0
491.0
37.0
-670.0
425.0
592.0
708.0
563.0
390.0
398.0
605.0
622.0
608.0
661.0
173.0
333.0
699.0
627.0
160.0
325.0
505.0
424.0
372.0
586.0
60.0
463.0
504.0
559.0
-364.0
356.0
571.0
625.0
394.0
649.0
585.0
709.0
-185.0
-714.0
737.0
688.0
348.0
160.0
-23.0
621.0
571.0
324.0
452.0
381.0
286.0
648.0
193.0
555.0
-579.0
266.0
341.0
605.0
739.0
668.0
421.0
342.0
635.0
610.0
641.0
713.0
343.0
484.0
613.0
600.0
391.0
419.0
380.0
115.0
398.0
-59.0
-49.0
594.0
651.0
574.0
-261.0
637.0
666.0
438.0
427.0
722.0
679.0
713.0
358.0
-221.0
546.0
704.0
325.0
-131.0
206.0
405.0
497.0
44.0
356.0
33.0
139.0
551.0
197.0
456.0
-356.0
141.0
381.0
476.0
682.0
697.0
185.0
228.0
595.0
603.0
548.0
690.0
339.0
527.0
694.0
695.0
431.0
407.0
592.0
296.0
407.0
169.0
42.0
628.0
576.0
367.0
-284.0
501.0
692.0
581.0
445.0
647.0
655.0
644.0
219.0
90.0
666.0
614.0
252.0
129.0
-483.0
517.0
375.0
-313.0
41.0
331.0
-424.0
625.0
347.0
407.0
-302.0
124.0
375.0
455.0
664.0
361.0
206.0
14.0
605.0
296.0
632.0
699.0
129.0
277.0
714.0
710.0
337.0
265.0
706.0
478.0
18.0
324.0
177.0
556.0
-471.0
646.0
-264.0
533.0
686.0
552.0
299.0
627.0
663.0
709.0
-5.0
-421.0
644.0
556.0
166.0
200.0
15.0
570.0
573.0
-269.0
431.0
-1618.0
328.0
601.0
34.0
529.0
-1169.0
-324.0
166.0
437.0
719.0
674.0
-24.0
374.0
655.0
650.0
573.0
658.0
312.0
453.0
658.0
707.0
159.0
445.0
457.0
153.0
-29.0
36.0
-338.0
488.0
678.0
158.0
-1160.0
454.0
657.0
639.0
12.0
390.0
576.0
584.0
191.0
-308.0
648.0
694.0
199.0
-848.0
204.0
593.0
560.0
-1131.0
-20.0
257.0
254.0
641.0
-166.0
-94.0
-1171.0
-828.0
107.0
316.0
667.0
692.0
350.0
-537.0
584.0
-140.0
-797.0
712.0
350.0
-65.0
236.0
-56.0
445.0
474.0
517.0
276.0
-561.0
267.0
-102.0
475.0
693.0
215.0
-771.0
516.0
5.0
421.0
433.0
-1905.0
631.0
619.0
179.0
-292.0
413.0
646.0
429.0
337.0
-206.0
428.0
523.0
-106.0
299.0
-174.0
60.0
655.0
-44.0
287.0
-1197.0
332.0
353.0
516.0
719.0
133.0
189.0
154.0
448.0
613.0
593.0
720.0
291.0
313.0
716.0
702.0
476.0
263.0
609.0
477.0
-915.0
176.0
-324.0
641.0
608.0
649.0
-585.0
585.0
710.0
552.0
465.0
680.0
571.0
652.0
229.0
-288.0
703.0
713.0
185.0
-256.0
-170.0
582.0
632.0
85.0
-255.0
-143.0
277.0
650.0
31.0
209.0
-737.0
376.0
443.0
536.0
406.0
140.0
40.0
278.0
437.0
519.0
470.0
718.0
316.0
-548.0
307.0
201.0
-48.0
-754.0
267.0
345.0
-264.0
325.0
-585.0
178.0
59.0
-549.0
-1610.0
250.0
665.0
273.0
-530.0
281.0
678.0
259.0
130.0
-486.0
686.0
714.0
-236.0
-192.0
158.0
422.0
209.0
-681.0
393.0
15.0
193.0
584.0
75.0
498.0
-146.0
301.0
290.0
503.0
691.0
662.0
317.0
43.0
440.0
542.0
575.0
693.0
-285.0
108.0
593.0
542.0
196.0
-476.0
726.0
475.0
405.0
371.0
-21.0
603.0
518.0
520.0
-801.0
340.0
610.0
485.0
429.0
652.0
641.0
702.0
78.0
-97.0
723.0
698.0
315.0
74.0
-10.0
623.0
616.0
-15.0
89.0
425.0
279.0
622.0
-97.0
423.0
-273.0
449.0
487.0
507.0
603.0
644.0
421.0
445.0
553.0
672.0
538.0
664.0
261.0
472.0
695.0
286.0
-407.0
353.0
688.0
-114.0
-624.0
258.0
121.0
592.0
645.0
493.0
-158.0
538.0
395.0
464.0
425.0
625.0
720.0
545.0
320.0
90.0
704.0
529.0
294.0
181.0
55.0
591.0
-54.0
-429.0
-163.0
110.0
-233.0
266.0
164.0
535.0
-962.0
-217.0
-1513.0
557.0
736.0
597.0
-251.0
309.0
548.0
591.0
587.0
716.0
499.0
558.0
709.0
722.0
35.0
-86.0
644.0
422.0
418.0
535.0
-121.0
565.0
600.0
585.0
-1028.0
574.0
662.0
535.0
466.0
668.0
478.0
724.0
307.0
11.0
714.0
715.0
522.0
-94.0
-251.0
553.0
314.0
-324.0
475.0
170.0
101.0
603.0
-438.0
148.0
-931.0
123.0
127.0
405.0
524.0
646.0
85.0
298.0
567.0
612.0
200.0
698.0
251.0
520.0
730.0
656.0
325.0
309.0
618.0
494.0
421.0
363.0
-192.0
527.0
597.0
364.0
-729.0
292.0
671.0
547.0
456.0
647.0
685.0
662.0
125.0
-171.0
731.0
629.0
239.0
10.0
105.0
570.0
532.0
283.0
-115.0
472.0
209.0
501.0
1.0
424.0
-545.0
-306.0
384.0
407.0
629.0
628.0
580.0
338.0
642.0
495.0
544.0
695.0
84.0
367.0
639.0
714.0
398.0
482.0
692.0
267.0
338.0
519.0
-58.0
494.0
435.0
488.0
-796.0
588.0
702.0
580.0
479.0
632.0
646.0
681.0
239.0
-39.0
421.0
681.0
436.0
-105.0
134.0
597.0
501.0
139.0
273.0
348.0
0.0
572.0
-133.0
319.0
-263.0
37.0
467.0
455.0
608.0
307.0
158.0
367.0
480.0
656.0
142.0
730.0
57.0
-351.0
705.0
440.0
98.0
548.0
590.0
498.0
369.0
462.0
57.0
575.0
707.0
487.0
-466.0
597.0
682.0
554.0
382.0
535.0
676.0
528.0
311.0
7.0
734.0
680.0
229.0
34.0
143.0
539.0
171.0
-1611.0
391.0
269.0
98.0
510.0
-243.0
-46.0
-385.0
-5.0
380.0
385.0
590.0
640.0
571.0
355.0
568.0
681.0
581.0
728.0
205.0
506.0
692.0
701.0
419.0
390.0
630.0
317.0
381.0
261.0
-197.0
306.0
661.0
534.0
-288.0
587.0
744.0
659.0
524.0
548.0
674.0
712.0
323.0
23.0
717.0
661.0
380.0
229.0
17.0
519.0
542.0
194.0
396.0
345.0
345.0
624.0
-167.0
531.0
-202.0
9.0
444.0
549.0
649.0
372.0
438.0
233.0
564.0
-8.0
155.0
720.0
355.0
480.0
475.0
676.0
424.0
404.0
697.0
405.0
-62.0
484.0
192.0
568.0
578.0
368.0
-620.0
565.0
473.0
498.0
221.0
-299.0
358.0
717.0
-93.0
-100.0
387.0
712.0
273.0
97.0
-198.0
576.0
614.0
-9.0
403.0
357.0
286.0
529.0
-148.0
522.0
-8.0
275.0
431.0
566.0
720.0
694.0
376.0
372.0
633.0
579.0
378.0
421.0
507.0
112.0
681.0
713.0
558.0
436.0
619.0
399.0
302.0
485.0
214.0
568.0
641.0
415.0
-275.0
578.0
661.0
581.0
466.0
649.0
660.0
646.0
349.0
-34.0
675.0
684.0
412.0
91.0
0.0
554.0
526.0
-417.0
320.0
355.0
-43.0
573.0
172.0
459.0
-394.0
165.0
436.0
495.0
688.0
599.0
396.0
466.0
543.0
655.0
685.0
694.0
267.0
255.0
648.0
720.0
463.0
524.0
586.0
518.0
371.0
523.0
51.0
603.0
243.0
585.0
37.0
542.0
712.0
496.0
372.0
623.0
656.0
720.0
432.0
-158.0
700.0
688.0
405.0
83.0
-117.0
638.0
581.0
-157.0
426.0
254.0
-28.0
554.0
160.0
445.0
-275.0
222.0
292.0
368.0
539.0
620.0
286.0
380.0
555.0
651.0
541.0
611.0
420.0
426.0
719.0
699.0
561.0
352.0
725.0
571.0
240.0
455.0
-25.0
602.0
624.0
642.0
-258.0
630.0
580.0
508.0
408.0
632.0
662.0
646.0
430.0
370.0
710.0
691.0
337.0
149.0
-23.0
623.0
593.0
37.0
420.0
432.0
86.0
586.0
154.0
512.0
-77.0
342.0
304.0
534.0
618.0
650.0
358.0
377.0
519.0
617.0
547.0
697.0
473.0
438.0
703.0
712.0
486.0
384.0
708.0
501.0
-55.0
359.0
-67.0
624.0
689.0
537.0
-349.0
600.0
743.0
398.0
483.0
601.0
628.0
-1118.0
9.0
-74.0
691.0
735.0
61.0
211.0
-11.0
272.0
193.0
124.0
494.0
436.0
383.0
576.0
-71.0
198.0
-938.0
-244.0
8.0
582.0
683.0
627.0
371.0
142.0
597.0
632.0
525.0
710.0
398.0
349.0
639.0
738.0
-131.0
512.0
666.0
495.0
149.0
497.0
282.0
568.0
666.0
584.0
-27.0
501.0
700.0
610.0
509.0
655.0
723.0
633.0
256.0
107.0
720.0
718.0
142.0
-31.0
166.0
533.0
423.0
329.0
499.0
269.0
333.0
391.0
88.0
503.0
-101.0
11.0
159.0
579.0
724.0
710.0
84.0
-261.0
641.0
474.0
539.0
339.0
-3.0
182.0
651.0
710.0
440.0
-305.0
642.0
450.0
443.0
529.0
-118.0
-1060.0
648.0
359.0
-330.0
157.0
244.0
450.0
-246.0
644.0
622.0
526.0
381.0
-12.0
741.0
694.0
185.0
-220.0
192.0
561.0
591.0
146.0
345.0
327.0
339.0
527.0
-434.0
465.0
-25.0
167.0
136.0
433.0
681.0
717.0
396.0
363.0
644.0
644.0
703.0
717.0
201.0
465.0
736.0
540.0
-242.0
-429.0
600.0
-547.0
-490.0
38.0
-301.0
564.0
667.0
451.0
-618.0
685.0
419.0
399.0
467.0
717.0
703.0
559.0
395.0
147.0
602.0
697.0
350.0
57.0
202.0
588.0
405.0
308.0
467.0
-122.0
-217.0
535.0
115.0
524.0
55.0
391.0
347.0
474.0
702.0
678.0
233.0
465.0
312.0
648.0
630.0
715.0
243.0
332.0
719.0
635.0
542.0
203.0
671.0
404.0
477.0
148.0
-229.0
496.0
333.0
619.0
-146.0
537.0
688.0
627.0
398.0
644.0
668.0
650.0
240.0
-93.0
690.0
734.0
371.0
250.0
43.0
628.0
381.0
152.0
265.0
179.0
392.0
376.0
-236.0
555.0
-305.0
4.0
270.0
410.0
446.0
478.0
34.0
429.0
467.0
565.0
521.0
725.0
380.0
443.0
737.0
683.0
555.0
515.0
304.0
385.0
361.0
416.0
77.0
568.0
644.0
585.0
-420.0
623.0
700.0
321.0
474.0
641.0
693.0
503.0
139.0
124.0
742.0
697.0
142.0
154.0
131.0
550.0
588.0
249.0
547.0
271.0
391.0
420.0
354.0
411.0
-179.0
452.0
6.0
610.0
694.0
670.0
240.0
497.0
645.0
536.0
659.0
710.0
498.0
502.0
710.0
667.0
473.0
419.0
708.0
465.0
463.0
401.0
87.0
463.0
420.0
593.0
-82.0
424.0
659.0
645.0
462.0
700.0
678.0
650.0
349.0
-322.0
709.0
719.0
59.0
86.0
-549.0
637.0
551.0
-214.0
432.0
407.0
277.0
582.0
-39.0
556.0
-571.0
246.0
402.0
501.0
731.0
657.0
173.0
281.0
606.0
541.0
585.0
722.0
382.0
532.0
604.0
722.0
411.0
421.0
687.0
547.0
382.0
506.0
-29.0
627.0
639.0
577.0
-494.0
605.0
664.0
587.0
503.0
441.0
705.0
695.0
391.0
39.0
692.0
726.0
312.0
250.0
-85.0
491.0
511.0
247.0
347.0
486.0
109.0
631.0
17.0
446.0
-314.0
329.0
479.0
563.0
659.0
675.0
390.0
378.0
534.0
631.0
642.0
742.0
380.0
543.0
688.0
465.0
486.0
399.0
512.0
508.0
383.0
442.0
-106.0
586.0
661.0
536.0
-83.0
463.0
705.0
465.0
424.0
-14.0
277.0
612.0
-578.0
-110.0
654.0
727.0
422.0
264.0
210.0
590.0
431.0
-148.0
598.0
439.0
-67.0
583.0
-2.0
526.0
-690.0
311.0
496.0
398.0
559.0
713.0
331.0
334.0
573.0
612.0
658.0
729.0
354.0
401.0
730.0
742.0
502.0
489.0
592.0
-28.0
319.0
412.0
39.0
577.0
368.0
371.0
-427.0
529.0
712.0
555.0
309.0
690.0
682.0
398.0
112.0
319.0
728.0
720.0
425.0
11.0
29.0
589.0
616.0
303.0
155.0
302.0
129.0
566.0
5.0
547.0
-922.0
373.0
577.0
451.0
657.0
586.0
522.0
375.0
611.0
651.0
509.0
742.0
289.0
232.0
740.0
693.0
470.0
114.0
663.0
572.0
235.0
461.0
107.0
609.0
681.0
523.0
-289.0
643.0
703.0
650.0
378.0
647.0
640.0
706.0
294.0
55.0
612.0
647.0
340.0
133.0
226.0
586.0
474.0
18.0
472.0
282.0
169.0
606.0
137.0
525.0
-292.0
453.0
339.0
631.0
701.0
605.0
250.0
356.0
611.0
585.0
562.0
690.0
364.0
522.0
697.0
730.0
406.0
208.0
670.0
483.0
442.0
505.0
120.0
541.0
589.0
547.0
-116.0
445.0
594.0
648.0
513.0
695.0
666.0
712.0
180.0
-64.0
744.0
710.0
284.0
322.0
254.0
648.0
541.0
55.0
428.0
579.0
118.0
588.0
-106.0
485.0
-103.0
170.0
429.0
572.0
681.0
634.0
225.0
469.0
579.0
642.0
671.0
714.0
296.0
471.0
694.0
0.0
362.0
298.0
681.0
391.0
408.0
373.0
218.0
598.0
573.0
-191.0
-271.0
609.0
639.0
335.0
405.0
504.0
679.0
631.0
34.0
237.0
662.0
718.0
103.0
117.0
72.0
609.0
513.0
256.0
529.0
356.0
346.0
625.0
180.0
507.0
-189.0
345.0
447.0
574.0
675.0
715.0
317.0
395.0
564.0
592.0
575.0
720.0
297.0
351.0
660.0
664.0
365.0
519.0
642.0
429.0
255.0
408.0
-292.0
516.0
701.0
470.0
-83.0
581.0
697.0
589.0
419.0
669.0
683.0
378.0
321.0
-15.0
673.0
658.0
454.0
-100.0
73.0
348.0
127.0
99.0
518.0
-194.0
181.0
638.0
113.0
210.0
-291.0
46.0
342.0
375.0
664.0
656.0
340.0
242.0
595.0
521.0
496.0
708.0
436.0
511.0
671.0
728.0
438.0
438.0
655.0
496.0
254.0
246.0
-115.0
531.0
225.0
585.0
34.0
575.0
517.0
464.0
400.0
593.0
692.0
720.0
-86.0
-14.0
519.0
725.0
-66.0
-139.0
-49.0
561.0
511.0
159.0
399.0
253.0
115.0
336.0
-33.0
-1174.0
-1409.0
-141.0
279.0
499.0
684.0
548.0
-501.0
409.0
587.0
456.0
612.0
117.0
179.0
370.0
223.0
565.0
382.0
300.0
640.0
459.0
286.0
402.0
-263.0
99.0
365.0
563.0
-110.0
469.0
596.0
535.0
419.0
168.0
697.0
554.0
173.0
136.0
716.0
589.0
304.0
163.0
109.0
634.0
515.0
47.0
414.0
316.0
107.0
541.0
193.0
483.0
-246.0
117.0
425.0
469.0
714.0
680.0
303.0
460.0
583.0
609.0
636.0
726.0
402.0
324.0
706.0
677.0
411.0
72.0
638.0
523.0
461.0
626.0
-179.0
572.0
574.0
438.0
14.0
503.0
702.0
626.0
475.0
686.0
672.0
612.0
298.0
-351.0
738.0
701.0
374.0
52.0
255.0
582.0
501.0
-17.0
350.0
-1548.0
45.0
631.0
109.0
314.0
-209.0
-258.0
300.0
180.0
-1643.0
373.0
516.0
479.0
597.0
607.0
485.0
720.0
229.0
483.0
679.0
673.0
191.0
490.0
686.0
526.0
411.0
564.0
-314.0
569.0
724.0
562.0
-404.0
598.0
681.0
651.0
575.0
623.0
714.0
-118.0
14.0
102.0
748.0
702.0
394.0
202.0
111.0
409.0
332.0
443.0
362.0
-62.0
262.0
556.0
145.0
503.0
-144.0
238.0
503.0
582.0
697.0
637.0
449.0
334.0
600.0
694.0
579.0
717.0
440.0
548.0
729.0
655.0
593.0
465.0
661.0
594.0
436.0
407.0
198.0
524.0
703.0
477.0
-148.0
596.0
671.0
527.0
372.0
673.0
692.0
590.0
313.0
36.0
648.0
684.0
191.0
275.0
-101.0
661.0
514.0
231.0
360.0
477.0
326.0
627.0
122.0
457.0
-255.0
216.0
419.0
495.0
621.0
671.0
545.0
262.0
475.0
639.0
586.0
737.0
361.0
458.0
718.0
677.0
565.0
454.0
622.0
403.0
290.0
539.0
-173.0
564.0
515.0
622.0
-176.0
481.0
520.0
655.0
422.0
627.0
684.0
583.0
279.0
186.0
682.0
699.0
185.0
158.0
252.0
647.0
422.0
422.0
345.0
181.0
171.0
633.0
155.0
482.0
-546.0
372.0
285.0
480.0
738.0
634.0
475.0
394.0
650.0
620.0
659.0
728.0
435.0
152.0
689.0
646.0
-831.0
497.0
490.0
-275.0
-164.0
-419.0
-196.0
214.0
699.0
576.0
-459.0
541.0
388.0
-189.0
269.0
377.0
135.0
702.0
89.0
-76.0
679.0
727.0
1.0
181.0
-324.0
573.0
-1039.0
-59.0
249.0
197.0
214.0
613.0
230.0
368.0
-765.0
276.0
468.0
467.0
601.0
495.0
503.0
112.0
645.0
547.0
647.0
652.0
277.0
438.0
664.0
741.0
335.0
242.0
619.0
550.0
278.0
503.0
145.0
579.0
712.0
552.0
-253.0
451.0
601.0
401.0
459.0
663.0
737.0
680.0
435.0
50.0
678.0
515.0
371.0
144.0
224.0
509.0
523.0
170.0
256.0
-168.0
194.0
529.0
7.0
442.0
-154.0
43.0
441.0
460.0
685.0
642.0
405.0
396.0
596.0
542.0
527.0
738.0
417.0
118.0
668.0
586.0
446.0
541.0
672.0
402.0
12.0
488.0
206.0
609.0
687.0
504.0
70.0
464.0
581.0
560.0
365.0
338.0
615.0
666.0
445.0
185.0
709.0
679.0
180.0
23.0
177.0
570.0
565.0
391.0
387.0
406.0
60.0
625.0
242.0
498.0
-513.0
304.0
511.0
487.0
722.0
663.0
201.0
456.0
617.0
681.0
539.0
703.0
364.0
394.0
694.0
710.0
299.0
407.0
645.0
452.0
363.0
506.0
11.0
659.0
661.0
516.0
-208.0
437.0
595.0
614.0
340.0
646.0
681.0
623.0
457.0
72.0
724.0
709.0
215.0
-7.0
231.0
630.0
506.0
259.0
453.0
382.0
55.0
613.0
314.0
359.0
-126.0
133.0
328.0
499.0
719.0
663.0
179.0
429.0
660.0
520.0
658.0
676.0
250.0
343.0
670.0
682.0
502.0
422.0
672.0
484.0
263.0
358.0
11.0
288.0
674.0
639.0
-516.0
555.0
669.0
567.0
459.0
583.0
453.0
737.0
418.0
-196.0
606.0
145.0
240.0
65.0
85.0
602.0
-111.0
208.0
378.0
493.0
-14.0
648.0
108.0
458.0
-52.0
72.0
440.0
539.0
661.0
644.0
430.0
417.0
581.0
560.0
614.0
713.0
395.0
451.0
727.0
367.0
519.0
373.0
653.0
538.0
433.0
437.0
123.0
572.0
588.0
599.0
146.0
505.0
651.0
647.0
325.0
671.0
620.0
499.0
234.0
-481.0
698.0
619.0
277.0
39.0
368.0
525.0
585.0
365.0
484.0
358.0
337.0
611.0
171.0
454.0
-85.0
410.0
-160.0
549.0
675.0
719.0
348.0
297.0
398.0
629.0
448.0
573.0
69.0
-43.0
355.0
697.0
370.0
382.0
682.0
519.0
234.0
449.0
182.0
451.0
657.0
582.0
-397.0
490.0
673.0
656.0
336.0
323.0
635.0
703.0
356.0
69.0
662.0
703.0
469.0
242.0
79.0
550.0
588.0
262.0
483.0
531.0
184.0
629.0
18.0
460.0
-106.0
222.0
318.0
524.0
585.0
455.0
496.0
401.0
627.0
490.0
354.0
727.0
274.0
476.0
738.0
609.0
401.0
223.0
671.0
537.0
335.0
504.0
-215.0
255.0
642.0
614.0
-648.0
463.0
702.0
632.0
375.0
659.0
488.0
559.0
406.0
-235.0
719.0
692.0
412.0
195.0
224.0
641.0
503.0
475.0
555.0
301.0
397.0
622.0
-402.0
477.0
43.0
390.0
424.0
628.0
644.0
693.0
354.0
279.0
576.0
-218.0
578.0
714.0
373.0
344.0
712.0
639.0
524.0
-96.0
647.0
430.0
336.0
485.0
43.0
627.0
639.0
490.0
-120.0
602.0
620.0
661.0
398.0
502.0
693.0
650.0
323.0
120.0
690.0
675.0
273.0
190.0
122.0
663.0
522.0
338.0
485.0
365.0
166.0
630.0
196.0
528.0
-221.0
-262.0
437.0
434.0
688.0
632.0
489.0
233.0
619.0
667.0
509.0
713.0
423.0
435.0
604.0
715.0
573.0
21.0
350.0
556.0
150.0
457.0
-107.0
616.0
670.0
544.0
-257.0
529.0
692.0
564.0
298.0
594.0
679.0
677.0
192.0
275.0
685.0
726.0
305.0
310.0
12.0
630.0
535.0
256.0
473.0
359.0
79.0
641.0
272.0
441.0
-35.0
126.0
478.0
482.0
700.0
653.0
382.0
402.0
616.0
610.0
595.0
738.0
394.0
427.0
682.0
731.0
450.0
492.0
669.0
469.0
269.0
560.0
202.0
590.0
603.0
357.0
-408.0
405.0
704.0
-86.0
514.0
596.0
482.0
602.0
345.0
39.0
686.0
668.0
511.0
-278.0
119.0
628.0
664.0
41.0
532.0
275.0
314.0
585.0
270.0
556.0
-356.0
187.0
68.0
337.0
688.0
685.0
395.0
-1855.0
646.0
590.0
477.0
604.0
338.0
-222.0
546.0
698.0
121.0
325.0
481.0
455.0
-134.0
436.0
-196.0
439.0
-181.0
329.0
-239.0
561.0
681.0
490.0
411.0
442.0
673.0
716.0
330.0
149.0
639.0
656.0
158.0
205.0
-203.0
596.0
184.0
329.0
318.0
239.0
178.0
577.0
40.0
472.0
-24.0
13.0
458.0
501.0
596.0
584.0
-174.0
433.0
518.0
564.0
467.0
699.0
411.0
383.0
635.0
679.0
422.0
546.0
688.0
487.0
