-4262
4187
-2049
4196
1809
-880
-5975
-2329
2543
4928
-4109
3351
3619
1884
-1890
-8142
871
604
-373
-8938
-360
1886
-7272
-1809
-157
-2077
-2225
762
-3616
3712
-6250
515
114
4931
-2056
-8605
-2002
-3027
-2574
-8193
-4687
3104
-6586
-875
-920
216
-4843
3735
-345
-1431
-8436
2295
111
1854
2653
-635
4894
2489
-2240
-5994
-4477
-25
-3739
2608
-1072
-950
-6849
-1991
2897
2459
-2040
1007
2708
7856
-2805
-256
7985
-3491
1192
-3396
-5998
3554
-3884
-625
5825
794
-2631
91
2233
845
-2992
-3256
6437
7644
1105
-6437
285
5715
-5626
-4886
-4269
-2272
-9183
4020
2543
2872
-5257
689
-2787
2366
-236
517
8987
6174
-1966
-9417
5879
3487
-3859
-3326
-7526
1730
-2775
271
6429
4700
-10852
4734
3572
968
740
1431
3611
7903
-3142
1215
6182
-1289
3963
-1119
-7434
-2198
-7159
3623
4694
6103
-4710
1510
155
4147
989
3369
5276
6219
-2384
-417
5352
2866
400
-603
-5412
2306
-2006
2218
2344
1349
-2244
4918
4523
-1082
-3697
2423
4851
8020
4406
-172
6358
3579
-2474
-3629
-2537
-753
-3183
3064
4601
7317
-6456
46
2586
4403
1535
2821
4998
6690
-4120
-3462
2145
6662
3276
-6534
-5657
3780
-3392
5600
6277
1732
-1302
5567
-2117
4440
1074
1782
8468
1810
-3816
-2647
2014
6044
3670
-3216
-4538
967
-7687
5541
5058
485
-6603
3379
8052
6431
-1586
1150
3155
4851
5043
-5046
6588
2213
411
-2538
702
5827
-4274
7275
5935
4554
-2824
-216
4330
5658
108
1802
-207
-4590
-3106
-3311
719
5005
-188
-1814
-3225
85
-3475
-349
4318
5078
-4105
6666
5586
1589
3250
4931
3881
3505
-2853
-2700
6794
3564
5466
193
310
4173
-2400
4956
5910
2755
-4203
7564
6312
2993
-4102
5337
5081
8896
433
3586
6489
5158
5353
912
-961
1189
-1121
5207
6247
5900
-9278
1010
6366
4395
-1023
4899
7713
7533
1756
3355
2621
5422
1150
661
1363
1062
-1416
5557
6784
6729
-96
-2533
2896
7974
1565
5499
976
427
3456
2884
7327
5728
-529
509
192
1840
1783
3705
4438
3526
-2681
2660
532
5584
2704
6291
5124
2217
943
2367
10006
2677
4320
-5821
-1802
2350
-881
7663
7270
6174
-750
5175
3852
3607
3931
-733
4444
938
3648
-4036
4918
2815
-502
-2472
-5337
4454
-6605
1765
5936
3863
-4283
4221
6697
6812
71
8277
-2026
6055
1773
-2023
4520
5644
-1753
-4530
-1754
5727
2341
4101
3971
5627
-3022
8605
6149
2555
3307
4114
6429
4582
3722
1163
2893
7871
2801
-3840
5430
3180
-1829
2722
4557
5875
-1692
4692
2316
4007
3686
6510
6685
6193
2920
-175
2434
3348
3710
1081
-3027
5983
-1080
7548
4453
2800
-2421
2700
7091
4253
2842
4059
4030
6382
4652
-3610
8087
7212
6070
727
-3628
3302
-2658
5168
-372
5615
146
882
6120
2722
4156
5453
4359
710
-1641
541
3989
6421
2085
-2685
1642
3314
-4623
7253
5248
8698
-6008
2860
5840
7086
1181
6669
6800
5288
2061
3754
6617
6192
3816
-4973
-3578
341
-4554
1530
2773
3561
1040
1783
6579
1940
3061
7533
3863
4412
3471
-926
5302
8103
4781
-4125
3307
875
4890
5567
8581
-1847
-176
6459
5178
8430
-1037
8682
9415
3872
5894
4303
6608
8120
2603
-2304
6773
-269
-1764
5479
5869
2515
3641
8896
7815
5695
2812
8569
7351
6423
7201
-687
4867
10411
5486
119
6056
5363
-1687
7589
11479
6108
-3367
2053
4160
6333
1664
7201
6335
8989
4539
5503
9683
10877
3976
-3407
5443
2867
-1706
3282
3729
3893
1976
4174
6308
8414
4708
6581
9028
9427
5926
910
10551
10106
4602
678
3955
3182
-2160
7455
4310
3319
3912
6003
7200
7447
1094
9670
3430
11050
6508
930
5461
11207
472
537
962
6033
1200
7901
6429
8378
2194
5297
6796
9060
4654
6620
8446
6016
5184
2572
9529
4619
6500
3636
5709
3628
-250
5923
9367
4378
5768
5205
7386
5609
-514
8565
10356
8427
7035
3263
9433
6539
4023
3363
2034
1820
942
1309
7125
6046
715
5918
5181
10333
6094
6189
10543
8914
5351
-804
10083
10365
6308
4072
4251
2073
1678
8572
5735
8402
3241
8525
4941
9647
7288
10758
5583
7777
5059
1785
9101
10743
3828
1525
3028
2922
-4578
8209
6382
8465
4578
2307
5650
9351
6112
6335
10395
10482
7475
4399
7762
6103
2318
2415
-2859
4325
3030
7684
8730
7003
1495
3437
7733
4926
5946
7208
9236
7383
3201
-5691
9505
7780
4176
-1746
3945
5152
2693
8475
6051
8707
3647
5382
7705
8838
2261
9308
5508
7445
3257
1405
7775
7920
3499
9
4692
-1517
-3589
7586
4205
6457
-225
4866
8479
3565
3618
5154
10474
4690
2049
2653
9591
10594
5628
4283
8524
3791
2803
8196
9221
6693
1964
8476
6923
10087
7380
10024
8935
7256
9173
344
9514
10091
5121
3584
3868
6872
242
7245
8382
8883
3166
7150
8811
9685
4756
2632
9756
8816
6547
1840
10300
10406
2421
3874
8389
6185
5822
8045
5832
6828
2725
2073
6696
8243
5469
9238
10938
7292
8546
-2264
10236
9207
6058
2487
6038
6035
1803
7338
9344
7062
30
8280
6799
9511
3980
10633
9734
5420
4033
-147
6263
10476
4547
184
6453
7537
-1140
7594
5925
6593
1694
2816
9738
9567
3408
9516
4251
7850
8007
1343
10860
12106
2381
149
3250
4725
501
8546
7464
8945
2302
4366
9710
9882
2399
10802
8956
8897
8552
3750
9919
9878
3078
4361
3409
8941
6537
8269
7728
9248
1833
5513
8444
9474
3825
8892
8619
8929
6605
2893
10816
10384
6148
5834
4167
10085
67
9496
8389
9308
4883
7868
9707
8358
1781
8603
8101
8520
5527
4580
8058
10482
9155
4456
5003
7669
-2917
7096
7468
9931
1037
10465
6388
8588
6379
10257
4803
8345
6198
6283
11423
9189
4465
5065
6571
8726
-1355
9034
5612
8663
770
7363
10526
5803
4028
8700
9621
4301
4429
2947
9289
9244
2535
1870
6202
2484
-2498
4439
6967
4525
1241
4123
5973
8539
4798
9717
2673
7862
5172
-163
10836
12433
5168
5061
4789
2870
-1250
9444
4713
9172
5705
9458
8235
9250
5766
8773
10347
11024
5350
7536
9236
11989
6639
67
3311
7049
4011
8945
9425
10177
4044
7975
7963
9952
8060
10169
10414
5905
10591
633
9860
11075
4079
3707
5243
5339
4093
7555
8134
9474
4891
8382
10903
8393
2574
8167
6925
8156
3027
5650
9840
10064
5266
5327
5632
9192
1289
9209
9456
8179
4295
5263
9983
9165
6668
9115
9995
4708
7489
5999
5370
9206
7358
910
6238
1195
4000
7230
10864
9742
3662
10785
10205
10031
7495
10149
9029
8901
7965
2950
8021
7361
2249
1480
3927
8532
2204
8708
10654
6841
1157
8809
10031
10419
3946
9368
9059
9285
5998
5132
10167
10590
5885
1979
1661
8005
4777
9674
9108
5406
3774
7249
7174
7769
1984
7015
9433
10912
7744
4122
12222
10861
6072
6063
7807
8631
4719
9235
9667
9383
1914
9368
6382
9985
2314
8982
8460
11504
7637
2852
10718
9667
4949
-414
1705
8765
-91
10585
7304
9220
209
9064
6450
8628
3104
7139
9686
9142
7009
2285
10613
9898
6978
6580
3191
7080
2489
8599
5517
7320
3842
8436
6210
8778
8292
10597
10118
6798
5790
2629
10217
10070
4057
3008
5037
7191
-2301
10460
6551
9944
3929
7541
8438
10032
4106
8510
8330
8960
9475
527
11145
11543
6124
1734
6566
8383
6256
8531
8443
8489
3764
8449
10636
9088
4405
10353
9260
9270
8601
4949
8395
11419
5191
-1476
-35
5108
1195
8943
6488
9692
-783
8047
6898
8997
-1197
10402
11327
7960
7760
5314
10377
9233
8669
3077
5656
8042
528
10730
8673
9078
2857
8504
10872
10107
4021
9713
10440
10118
8518
6623
7732
10357
7176
911
8968
8083
2697
8032
9829
7949
2207
8482
8191
7512
3044
9383
8661
9013
8288
6795
8436
10027
7873
2854
6509
8753
4678
8694
11535
9124
-979
8840
10573
10446
4879
10892
6346
7251
7194
3258
10363
9774
8260
3342
6173
7605
6272
7184
7282
9936
6217
9143
9303
10625
7424
10555
11502
8237
7339
6660
10013
10108
8266
6296
7209
7222
6204
10277
8723
8057
1466
7407
9317
7401
6718
10487
8587
10918
7359
5819
8657
11036
7891
2153
5354
6016
5509
8746
8776
8146
4938
7650
8504
10253
4283
8775
7354
10462
7319
3158
10452
8736
6602
1867
-346
8855
3688
8800
7717
7080
875
9645
9824
9961
6818
11268
8383
9884
7913
6044
11182
10334
9078
3866
8681
11514
3587
10565
8830
6275
4599
9558
10083
9464
3471
10749
10391
9942
8411
4479
9038
10121
6770
6305
4753
8007
7417
10734
10152
11523
-1378
8298
8708
7707
5089
8934
10388
11077
8989
1700
9148
8290
9368
5124
6261
8695
3395
11542
7005
8908
5731
9760
12703
8688
4784
9984
10436
11814
8685
4129
10954
10995
3070
8459
2490
8339
2798
7263
8963
9927
4536
10634
10641
7649
5277
10915
10387
11295
5034
3142
12293
11436
7191
1333
6400
6921
3137
10257
10299
5628
5332
11012
10984
8558
4608
9864
8116
10358
8367
7056
10055
9706
7123
4084
5763
9253
2782
9811
10056
6985
5898
9808
8615
8723
2429
10048
10642
10384
10161
4983
10579
11099
6393
2035
5711
9197
2913
8118
9858
7307
4868
7607
6894
11047
5226
11266
9636
9161
8336
1036
10208
10638
7659
6099
6529
10187
2155
9308
11013
7211
-1778
10610
9938
5444
6354
8011
10093
10276
7896
4124
11017
10875
6950
4613
6165
7304
5487
10434
10330
9043
4191
7613
11716
11032
7094
12031
7795
10506
7313
5319
11453
9051
9614
4515
7284
8571
8677
10014
11138
7814
4317
8882
11306
6672
7823
9296
11322
11523
8715
5955
12014
12330
7901
7394
7074
8836
6477
10579
10564
5920
1973
9562
9294
9423
7317
10947
9916
10519
9606
6476
9476
11102
7006
5332
4372
9738
1808
9248
11465
10117
2287
8971
10108
8381
7092
10992
9575
10680
6144
6958
10053
9901
7115
5017
3759
10251
2725
10228
6462
7922
1809
8274
9983
9674
3297
9647
11659
10321
7621
2493
11458
8217
8104
6316
3702
9277
5135
8708
9405
8767
1788
9141
11476
9514
5660
11987
10692
9963
9087
6199
9384
11667
7840
4931
6289
7478
6421
9356
10970
8594
2986
9258
4814
9894
4880
11022
10602
4785
7224
4184
10996
10385
7101
6019
5757
7617
6137
11360
11919
8061
5119
8817
8363
10743
5254
9066
11113
9682
9680
4535
10696
10222
8742
2027
3037
8699
7791
8986
10324
9418
2991
10275
8632
9913
5736
11158
10181
7915
5910
3057
9201
11177
7091
5231
6081
5980
4867
8637
9542
5944
4222
9851
9215
9448
4939
10681
8644
9703
9831
5188
10456
8946
8781
5593
3452
7718
1421
9082
8868
7951
4943
10419
11078
9347
8291
10880
10569
10299
6213
5076
9716
8388
8489
5908
4496
7793
4532
7770
7349
8978
3677
9631
11879
10863
5302
8517
10919
8355
5704
6049
9842
11390
9439
5652
5732
7498
4512
7672
10942
8657
6564
10162
10144
9575
5123
9310
9304
10726
8654
7393
11615
9522
8281
3785
6929
5351
7370
10648
9455
6420
6035
9299
9566
9794
4668
12213
10970
10271
8209
5486
11110
10846
3878
3297
4478
6877
676
8336
8951
10351
3738
9505
9379
8245
7194
11438
11423
9074
6435
6476
10925
10674
8300
4352
6426
8707
3266
8329
9201
11927
5501
8219
12023
7483
4334
5798
11331
9110
6474
7289
10961
11778
6710
9040
6619
9585
7010
5770
9974
6854
5270
9054
9435
9245
6879
9679
10632
9404
7910
6203
11068
9449
4330
8443
4553
6666
7525
8986
9046
9479
2193
10576
7723
9698
7583
10020
11276
10473
9538
5950
10271
11218
8404
5988
7267
8666
5292
9687
11771
10427
7489
7797
10723
9603
5233
10446
11269
9240
8578
3353
8882
11240
7037
5633
7515
9661
6396
9492
9992
10288
7763
9763
7827
10229
7208
10863
10287
12037
8867
4951
10577
10591
4925
6076
9460
11239
4753
7287
7579
11318
4957
8676
11416
9101
9082
10319
11193
10220
8264
6221
10422
11384
7027
5995
1968
9369
338
9119
10181
10375
6724
9990
11854
9113
9756
11730
10125
11593
6215
6984
9103
10675
9148
6528
6686
9900
5731
8268
9897
8566
5804
9542
11890
5477
3779
8984
8729
11609
8771
6413
10706
9005
8388
5103
4347
7448
5602
7974
9813
11283
3443
9047
11935
10680
3057
9699
10975
10403
7381
8117
11181
10638
9693
1337
7584
8451
7417
11229
9597
9412
3299
10066
7741
8560
8678
10849
10165
9867
8266
7968
11731
11917
9905
6416
3748
8188
7002
10032
10731
7145
5139
8243
8059
10804
8956
9464
8134
12645
8271
7110
8554
11619
7337
4297
6990
9580
5447
8699
9473
9167
7082
9880
11395
6296
6543
10130
12737
7529
6885
6265
11687
9260
11046
8808
3833
6339
4962
10877
7654
10210
5475
9658
10695
9368
6804
10886
10750
10382
9165
5868
11884
11119
6233
6134
6279
7850
2987
11260
11563
9581
4083
6862
9353
7915
7707
9021
9842
11671
8237
6214
11390
10373
7005
5079
5607
10615
4586
8448
9930
10385
4894
9720
10255
9854
7190
11273
9771
10692
6235
7372
10900
9925
8349
1655
6578
8072
7833
9096
10466
7069
2299
8707
9259
11028
4800
9999
11084
9743
7243
6866
10547
12127
7379
8405
2926
7648
6443
10309
9424
8481
6019
9921
9645
9788
6932
11265
8283
9932
8346
5848
11341
9891
9387
6077
4915
9146
4519
7850
10988
10769
3433
8670
11048
10827
8474
9708
10705
10169
9184
5917
10515
9672
9287
6391
4509
10988
2225
12026
7225
8983
5726
10025
10429
10177
8274
8728
9382
11138
7668
7374
9004
10904
7472
7562
1571
7790
6043
9181
10851
10577
1198
9523
9065
11539
6725
10867
8955
10372
3160
6425
11454
12259
7253
3888
5125
6673
724
9046
9495
10378
4628
7689
10661
9955
5732
10946
9366
11391
7613
6931
11224
7676
9329
6634
6413
5604
7869
10448
11556
8699
4616
10533
10228
10557
7475
11505
11152
10987
10463
8212
10285
11682
8192
3092
7008
9880
4661
9014
8939
7645
1574
10735
8204
10882
4691
10636
9196
9604
9245
6636
10921
10195
8763
4871
3997
9103
5469
10116
9437
10016
1680
9802
9812
8625
4086
10637
9045
10475
9357
9060
11190
10683
10402
6057
2468
8894
8973
9508
10913
10392
6735
8577
11312
8430
7817
10239
9887
10928
8720
7025
11743
10145
9010
4702
7676
9256
3971
10968
10318
10388
6919
8512
7296
8694
8545
11323
10689
9853
7427
2649
10524
9966
8874
7104
6590
11135
7367
9934
11524
10045
5758
10567
9821
8991
9685
11833
8981
10197
7922
7331
10791
11413
9131
7478
7567
8586
7904
9390
10045
10086
7692
11580
10454
10108
6215
9782
10238
11347
9793
7315
10704
11905
10704
5924
7004
9372
8460
11700
10613
8912
6269
9638
10199
10923
7999
10290
11040
10957
7484
6667
10547
10169
10442
3424
4669
9847
3728
8907
9983
9371
6952
10542
9360
7860
4639
9855
11439
10353
6062
7087
10328
12032
7189
2306
8501
6140
4403
8831
11332
9984
5881
10082
9889
10950
9713
10870
11677
10194
8216
4299
9854
10462
7471
4266
6980
6125
4933
9297
9310
9232
5992
10522
10606
10139
8447
9562
11374
9333
4319
779
11854
10004
8423
7945
3723
9512
5197
9404
11148
11456
7636
8281
9874
8341
8343
11254
12349
11054
8346
4303
8920
8353
8807
5402
6396
8111
5466
9085
9802
11293
3059
7324
11157
9687
6992
7049
10709
10524
8330
6972
10018
11094
8822
8169
7410
10135
8421
9795
9860
8329
5572
10418
9239
8822
8548
12501
11460
9908
8308
8903
10490
11324
11354
3154
7556
10979
5753
11660
11353
10393
3040
7972
10120
11044
6873
10432
9601
10554
8786
5737
9568
11807
5826
5626
9223
9275
5949
8867
9351
7285
5913
9957
10994
9340
10258
9402
10517
10421
9616
6673
9696
11399
7806
3617
7474
10123
3499
9267
10783
10350
5744
7585
11097
10793
6627
12171
6884
11801
6759
4859
11296
8402
9569
4218
6713
9411
4324
11648
9795
11170
5497
8059
10792
9813
7754
9522
10947
8680
5374
3835
11071
10083
9530
3292
8445
9070
5477
9826
6824
10101
6635
6850
11013
10784
7942
10662
11952
10968
7171
7562
10930
9797
8453
5718
6780
8702
4200
10697
10094
10882
6424
8890
11128
9976
10099
11226
9132
12507
8609
5348
12364
10599
6695
1665
7447
7883
5360
9889
10002
10515
487
8084
9941
10468
7427
10377
11474
10941
4282
5450
8313
11685
7973
7247
5297
10247
6439
9174
10895
10529
5066
8619
9862
9439
8280
10533
11896
12348
5521
5649
11052
12278
5605
4718
5852
9126
4266
9055
10338
10086
7248
10263
10563
10456
3586
10203
8010
10837
9462
3554
10190
12361
9669
6013
7924
9892
1384
6944
9940
8428
3059
7008
8942
9944
7546
9734
10263
9672
5359
4053
7218
10546
7948
6542
2833
5810
5061
10798
9786
10925
7019
9757
9599
11600
10134
9524
10783
7526
6270
538
11934
11878
9456
6253
4649
9769
7157
9936
10265
10005
8312
10932
10476
10767
9887
10872
10996
10001
6458
5942
10171
9303
7220
8106
7389
9985
5212
9663
9438
10925
5638
9107
11150
10757
9558
8771
9486
9027
5575
6786
9329
10625
8389
6865
6556
9695
6756
10877
11610
10215
4091
9704
9104
10483
8839
10411
8210
10106
5859
6691
11505
10871
7985
6856
5671
10221
3921
11611
8760
11264
4699
9987
10719
10920
6833
10023
9958
9432
10113
9214
11817
9962
9165
6101
9448
10285
8659
7038
7666
8925
3475
9246
11047
10702
7579
10914
11287
11272
9222
6765
10314
11540
3345
8140
8315
7819
6297
9793
11566
11316
3660
7278
11371
9802
7644
10041
10320
11583
8657
6577
11283
11124
10096
6469
4252
8051
2300
9620
7517
7074
7696
9211
10706
9953
9368
10571
10531
10033
9854
8180
11154
10791
8410
2937
5356
9173
4427
7645
9973
8224
3956
10654
11244
10493
7160
10590
8887
10862
8787
-326
10384
11247
6866
6901
3718
6873
1561
8992
8733
11540
5931
10061
11671
11629
8290
11303
12105
7668
7689
6918
11725
10348
7368
5111
6292
9117
3607
10708
11050
10632
5254
10717
10615
10100
6159
11189
11550
9305
8633
5620
10476
10951
6945
4266
4922
8709
6442
11079
10805
8951
7699
10584
10465
9170
7798
9705
10765
8391
4766
8023
11558
8433
7244
5954
7025
10759
3631
10300
9750
9571
6281
10610
9859
8062
7498
10850
10219
9533
4662
4867
10417
10169
9924
7491
6345
8596
5981
10650
10515
7628
3761
11524
11946
9300
4221
8970
11034
11671
6879
10167
12258
10547
9343
5254
6092
8732
6085
9526
9245
10033
7421
11247
11373
9431
6574
11480
9563
10589
10056
7711
10796
10678
7912
6617
6886
9513
6149
9938
11404
11008
6759
10615
11055
9415
8892
10370
10454
9692
6691
8056
10180
10595
8057
4851
8571
9521
6387
7869
10358
11391
6069
10308
9748
8125
5763
9970
11338
11180
6559
5698
10119
10786
9871
3382
6619
8766
8218
9199
9055
10480
3071
9445
11062
6739
8242
8770
7000
11009
8357
7724
11979
10883
7903
5424
3048
9248
4148
11577
9125
9245
4371
10039
11133
10682
8273
10386
10667
10784
8729
7467
10483
10147
7480
8098
1903
6140
8633
8808
11249
7754
8000
10217
12158
10420
7936
10779
11477
10420
3918
8568
12122
10773
8042
5991
7568
11566
8494
10277
11280
10372
4827
8277
10098
8950
5762
11388
11538
9663
8348
7508
11032
9556
8802
5649
7426
8740
5927
10458
10445
6141
4823
9327
10230
8899
8848
10125
11854
10494
8039
8852
10064
11124
8590
6660
5350
9704
8574
10656
11731
9737
4479
9119
10526
8096
3873
10073
11382
10636
8793
8287
9826
9321
9359
3240
6311
7554
5943
11126
9056
10376
5659
9201
11030
10322
4714
10659
9954
11308
9829
9306
10833
10726
10643
6725
10367
10339
6589
10290
8920
8671
6490
9877
10355
10142
9263
11582
10723
11526
10189
6042
11549
9684
9625
7286
8643
7257
6978
12359
11489
10200
2443
8741
10267
10565
8640
9966
11042
9191
6797
7162
11628
11105
8177
4754
8351
9746
7716
10906
10342
10679
5644
9938
10489
11118
8013
11274
11317
9426
10703
7743
11129
11726
10916
7114
8997
9817
6020
10219
11056
10497
3607
10111
8899
11006
6696
10586
10731
9606
6126
6357
9155
11077
9659
2697
7389
6508
4275
9055
7878
8531
2633
10552
9356
9291
7486
10510
9672
10804
9301
7132
9445
9124
6959
3424
3813
8704
5669
9420
10218
10967
3517
9948
11207
10092
9400
11270
11829
10822
9167
6834
11860
10772
8111
7640
6441
9174
6529
10556
11667
10662
7141
10859
10568
10037
7122
11004
10410
11406
9455
8952
10680
10603
9341
6051
5980
10041
7695
8947
10664
11548
6671
9046
10915
12600
6001
11237
10425
9394
8730
5307
11826
11236
8462
6858
6172
9232
5272
10769
10808
11200
2735
9319
5057
11010
5303
9933
9895
11125
7313
4645
8490
12095
9733
1811
8677
10003
6390
6553
9114
11919
5260
7115
9845
8332
7901
9817
11882
10941
8163
6297
11014
10926
6982
48
8005
7502
2511
9991
11347
10499
5811
6133
10728
8941
8844
11815
10268
8974
7070
7235
9841
11206
7536
6720
8571
9568
6910
10448
11466
9190
5177
10007
10875
9703
8510
10549
6930
9917
8182
8982
11817
10639
2473
6020
9725
11242
5462
10681
9148
9209
6779
8168
12029
10723
7602
10926
8079
11415
9875
7834
12205
11363
9692
1055
7750
11631
5383
10612
11481
10390
4157
9461
10329
9257
8532
10931
11432
10224
9184
4005
10454
11299
7710
3626
6586
10654
6592
10959
10744
10988
5837
10017
10975
10891
8538
8943
11298
11851
10727
5277
9935
8937
8522
5319
7907
7748
5511
10248
11932
10608
5713
9238
11954
10741
7587
10005
11410
10618
8278
7008
9503
9440
10066
3938
8114
10880
6841
10939
9731
9774
7157
10068
9211
9361
8431
10763
11726
12522
10061
7561
7880
9752
9346
4061
7265
10278
5531
11767
11135
11199
5717
8111
11178
11663
7117
11258
9313
10870
8623
7353
11306
12053
8513
7579
8552
9617
6464
9377
11239
9191
7141
10699
8815
11600
8169
10264
7805
9573
7576
4272
12006
9851
7040
8044
6585
10078
7108
9359
9966
9153
6754
9685
10455
8503
7620
9870
11605
9903
9654
6151
10473
9972
5843
7512
4747
8506
6738
6777
10189
9551
3526
10041
11766
10715
7848
8414
11191
11645
8778
7825
11885
9307
9662
4663
6009
8437
7189
10274
10765
6385
4506
7809
8221
7885
5452
10083
10583
11018
8122
5354
9702
11641
8081
7849
7284
8699
7387
9415
10237
9979
5506
10032
11775
9871
8620
11130
11184
11095
8579
8441
11851
12033
9016
6216
4087
8184
4691
11375
9719
6243
2572
7294
10280
10381
6908
11436
10815
8826
8206
5876
10843
10289
6422
5082
9626
8014
4769
11062
10100
10072
3477
9384
9155
10166
7827
9420
11780
11077
6986
7358
9552
8856
9435
6257
7781
6815
5593
9004
10898
8449
831
10602
9499
4819
9632
9391
10583
11733
8316
8744
9878
9298
10307
6168
5096
5948
4005
10860
10902
7316
4800
10601
11370
9765
9088
10503
11450
9765
9517
8122
10758
9354
9530
4166
8318
9360
7686
11037
9995
8814
7363
8312
11177
7276
8552
11014
10207
10737
9717
8412
11708
10526
9393
3884
4950
9386
7942
9905
10587
8166
2294
10150
11252
10296
6979
11032
10293
9208
6078
8494
8317
8864
7475
5475
6487
7859
5515
10738
11335
9005
6374
8666
9433
10305
5021
8582
10039
11490
8477
8655
8239
10633
7724
8166
-1422
5840
4084
10263
10250
9158
6597
10126
10098
11287
9294
11806
11461
10830
8943
8066
11445
11448
10791
9328
8401
10063
7204
10279
11302
9680
2708
10943
11026
10278
7956
10490
9783
10448
6606
7442
10766
10370
8405
3173
8320
10438
7125
11133
9704
7895
3546
8927
10327
8717
7419
8609
11109
10349
6769
6883
11684
10362
7984
5661
6618
9867
8620
11432
10572
9422
5880
8986
11078
11372
6245
11625
11426
10391
8961
7093
10546
11259
6290
3844
7857
9650
5499
10042
11408
9076
-752
9076
11270
10295
2014
9587
7162
9528
9678
6389
10595
9756
8896
5055
5599
8433
7303
9536
10560
6953
3005
10146
11156
8742
6299
6807
8504
10583
9427
5187
11034
10217
8826
5932
7520
9067
8643
9755
10645
9438
4661
9793
8939
11708
8660
10525
11406
11207
9217
6239
10211
7571
7295
7574
7992
6393
8279
7241
10730
8769
5059
10705
10108
11007
8095
10517
10716
9714
4197
5151
10328
11459
8702
2145
4756
9025
4805
6335
11326
5482
2875
9115
11106
8095
6215
10020
10725
9687
5099
5366
9340
11998
9892
339
7173
8826
5270
10287
10552
6810
5827
10813
5819
6572
6976
9886
9868
9835
6802
4916
9420
11224
8376
6793
6854
9070
7840
9075
10030
8693
5152
10715
10944
9645
7056
10966
11407
10616
8655
5698
10038
11949
8707
5888
7211
7488
6061
10183
10548
9963
6125
8748
9294
10672
7956
10743
10688
7744
7990
8056
9425
11490
9447
8138
3806
9661
6639
10446
11471
7706
3547
11627
11401
11537
9889
9650
8609
9585
4692
6005
9380
8690
8200
7214
8499
9116
7231
9135
10851
8125
1701
9887
10503
7837
4268
9112
8715
9810
8628
5418
9867
12693
10106
4980
4900
10881
5837
8495
10876
7051
7169
10028
10774
8208
4981
10056
11019
8426
7493
7667
9386
10878
10186
3552
8402
7330
4851
11669
9109
6613
7692
10100
9876
10270
4193
10770
9659
5362
8142
7945
11664
9724
5443
2047
4291
11506
6354
9460
11596
8277
6489
10591
10088
9594
5275
10132
10027
10148
5606
7434
9748
11547
10595
-1354
6147
10258
4899
9519
10510
9441
3041
8416
9573
9437
7654
9419
10180
9290
8610
9132
10489
11037
10154
685
6146
10606
7220
9679
9186
7939
3637
8791
9648
9450
7030
9900
10980
11958
8332
5060
11566
10693
8786
3119
6420
7936
7612
8961
10443
9407
3444
10573
8123
9409
7166
9916
10582
10284
7280
6036
9401
10746
7679
6420
6539
7579
5119
10199
10793
8910
-251
10413
10794
10218
9606
10483
10904
10953
6389
8870
10809
8936
9339
5871
3606
8775
8458
9147
11406
8283
7541
9405
11035
9570
6234
7236
8347
10429
8969
8815
10231
10541
9426
1933
6592
8811
6285
11362
10970
8328
7486
10992
9049
11193
5944
10261
10214
8496
5939
5197
10116
9901
10158
1482
5315
3605
8570
7721
10401
9803
4332
9313
9614
9596
7179
10819
8841
9776
4967
4966
9896
10048
5908
3863
5174
7664
5049
9465
9428
11265
6537
9430
9587
10935
8780
8893
11743
10374
4041
6384
9840
10551
9734
8739
6011
10616
6110
11302
7916
9754
5331
9119
10871
8551
2055
11143
10370
9514
8208
6693
11026
7955
9753
1637
8164
4795
4977
9882
8613
10456
4628
8310
9661
8997
6407
11304
6445
11447
6254
7187
9724
10023
9915
4353
7342
11441
4375
8302
9659
9250
7142
9649
11049
10029
7668
10513
8816
9819
7845
5806
9470
10576
9425
6850
7230
6394
5596
10459
11178
9635
6973
9951
11969
9192
7491
9112
11311
8085
9303
5415
11652
11717
9614
2848
8318
10338
7624
10447
9546
10158
7806
7280
10710
11248
8197
10581
10044
10568
8974
7773
10820
9673
8946
4844
8399
9211
8142
10000
10722
9325
6977
9253
9114
9984
5745
11029
9035
10435
5264
8368
10171
11675
8626
6662
8258
7429
4601
10987
9588
9152
8144
9612
9060
9962
3242
11517
9614
10490
8842
6508
9114
8962
8602
-2476
1137
7081
5874
8536
9048
7948
2657
8123
9281
7300
6543
8745
9531
9291
7765
6128
9957
10050
8756
2612
5710
9612
4292
9638
9610
10403
3418
5343
9556
10773
7541
7994
10656
10179
4685
8773
11551
11624
3352
4910
9948
7810
5113
10384
10141
10429
4855
9664
11913
6508
4898
9667
9850
9894
7355
8587
12577
10851
9105
5461
8479
7031
7957
10187
10742
10884
5581
9218
11486
10643
5458
10308
9631
8307
7680
5591
11526
11387
7540
2648
5661
7600
6663
9278
10938
8956
1121
8462
10620
9774
8354
11191
10888
10418
7379
7776
10736
10660
7626
758
9529
10227
6540
10885
10169
10687
1181
9768
10812
9831
9042
11196
9293
10796
8142
6441
9737
9670
10797
6880
6779
9194
4227
10490
11255
10148
7701
9674
11616
11247
8172
11802
10289
10371
9198
8230
10655
11107
10076
7597
8180
10326
5892
9119
11283
9045
2617
8950
12071
10010
6349
10062
11207
8775
7135
6828
10322
9963
9466
4393
6813
6790
5172
8911
9441
11322
4760
10136
10677
9604
6678
8571
10630
11233
2772
8018
9297
12193
8914
7789
7108
8976
7984
9340
11083
8846
1341
8671
10583
9408
6507
10595
11147
11562
7792
9085
11294
9995
10208
3988
5078
9567
5934
9499
9846
6551
1466
8684
10585
10757
7780
9033
10825
11321
6266
6422
11464
9798
7186
5233
6076
7527
4947
8648
9895
8611
4162
9914
8344
9734
7197
9296
9281
11180
7839
8358
10550
11234
8150
7347
5460
9414
8555
9969
10880
9257
6757
9899
11437
9022
5506
11413
9930
10658
8628
7587
11855
10752
10191
46
8093
9535
7861
10520
10215
9157
6048
7067
11616
10141
4739
11346
11225
10688
8727
7544
11219
11172
7532
5239
6834
9933
7098
10016
10630
8370
4377
10156
11348
11536
429
11331
11431
9869
10746
5941
9908
11500
9317
6067
7215
8681
2649
9190
11433
9478
6495
8241
9822
11259
4497
9815
11175
12142
10044
6360
5831
11290
8762
2371
6589
10158
6023
9902
10307
8404
4039
9686
10832
7334
2001
8534
9223
11201
9267
9509
12097
8518
9312
4359
6706
9565
6352
10173
8772
8113
5892
6199
8775
9072
7527
11416
10069
9732
3555
8523
12526
10547
8349
5283
9038
4849
732
10328
10317
8160
2129
7480
10262
9537
476
10944
9196
8413
6537
6966
9653
10972
8752
4420
5882
4723
3895
9538
10215
9967
4272
10038
9206
9723
7744
9722
8708
9568
6121
8176
10728
11949
9248
6615
9280
9330
7680
7528
10967
6608
5610
10185
10311
9913
8080
11665
9648
9499
6734
6561
8766
10488
8367
5350
5337
9787
3193
8889
11088
8608
5857
9694
9450
10405
8326
11055
10626
10202
9114
8270
10030
7988
9884
8394
7173
9206
6709
9457
10757
10712
4862
9488
10589
10635
4098
10854
10530
12441
9218
8948
11341
10145
10722
8909
9192
10364
8097
9786
9066
9626
4761
10131
10609
9027
4898
11818
9140
12002
8361
6894
9991
11282
8071
6005
5353
11271
7229
10284
10400
8308
3842
10096
10661
10395
6011
10413
10697
10407
7793
8462
10067
9827
8924
6902
7265
10569
6622
10469
9556
9254
7605
8069
11110
5446
4360
10459
9821
11356
8559
6707
11234
11375
10074
3920
