-33317.0
-26341.0
-24165.0
-23857.0
-18912.0
-24367.0
-30330.0
-25380.0
-16335.0
-17793.0
-30667.0
-19860.0
-19099.0
-17459.0
-17981.0
-21877.0
-12260.0
-16295.0
-19102.0
-16117.0
-29483.0
-14054.0
-23515.0
-17972.0
-12329.0
-22012.0
-15760.0
-20696.0
-19208.0
-17195.0
-17578.0
-29890.0
-23995.0
-14584.0
-13377.0
-13456.0
-23048.0
-18383.0
-11858.0
-16837.0
-7618.0
-11461.0
-18826.0
-20467.0
-17251.0
-10414.0
-18036.0
-11322.0
-14420.0
-18832.0
-12109.0
-15039.0
-19323.0
-11666.0
-10150.0
-15624.0
-18837.0
-9777.0
-9192.0
-7163.0
-16529.0
-9152.0
-6416.0
-18807.0
-16507.0
-15057.0
-8505.0
-18535.0
-19618.0
-27561.0
-11992.0
-16029.0
-11520.0
-17194.0
-16781.0
-21355.0
-14568.0
-16460.0
-23967.0
-8978.0
-21460.0
-19069.0
-16919.0
-12354.0
-9215.0
-9654.0
-19397.0
-11060.0
-9348.0
-9240.0
-7241.0
-13484.0
-13253.0
-17550.0
-11576.0
-14005.0
-24851.0
-12898.0
-10303.0
-13601.0
-10860.0
-14687.0
-15135.0
-9705.0
-12042.0
-9851.0
-20116.0
-18419.0
-10946.0
-7910.0
-17054.0
-6067.0
-10013.0
-9701.0
-17249.0
-19692.0
-10966.0
-14510.0
-16185.0
-23486.0
-26649.0
-14875.0
-11823.0
-20035.0
-15135.0
-15026.0
-22171.0
-10387.0
-16029.0
-10572.0
-14736.0
-13168.0
-21576.0
-13565.0
-10963.0
-14116.0
-10407.0
-8938.0
-6009.0
-7179.0
-10488.0
-4159.0
-16744.0
-21367.0
-9417.0
-5294.0
-10081.0
-13580.0
-3778.0
-14899.0
-9639.0
-9512.0
-18957.0
-8544.0
-8794.0
-5024.0
-17554.0
-12559.0
-10540.0
-9916.0
-13077.0
-9027.0
-12006.0
-8260.0
-9034.0
-17095.0
-3406.0
-4931.0
-9195.0
-12688.0
-10476.0
-7418.0
-14722.0
-12240.0
-6984.0
-10676.0
-11542.0
-10889.0
-14730.0
-9280.0
-9245.0
-9999.0
-13668.0
-5152.0
-4392.0
-5038.0
-12430.0
-5588.0
-9432.0
-6860.0
-7428.0
-10429.0
-11074.0
-13223.0
-4806.0
-7457.0
-11376.0
-7656.0
-5601.0
-14618.0
-12772.0
-7950.0
-10822.0
-11033.0
-8007.0
-5944.0
-11928.0
-6192.0
-7901.0
-6689.0
-8229.0
-7914.0
-4437.0
-8729.0
-10881.0
-11145.0
-5150.0
-4540.0
-6169.0
-9171.0
-16182.0
-6628.0
-6235.0
-10989.0
-10433.0
-10646.0
-7331.0
-8341.0
-11504.0
-8726.0
-9544.0
-11059.0
-19040.0
-6140.0
-3975.0
-5669.0
-7297.0
-9483.0
-3635.0
-7932.0
-8634.0
-5509.0
-4051.0
-8564.0
-3537.0
-9092.0
-17120.0
-9521.0
-5935.0
-9166.0
-8258.0
-7443.0
-9425.0
-7726.0
-4933.0
-3749.0
-7565.0
-8259.0
-6468.0
-4793.0
-6333.0
-2405.0
-5395.0
-5715.0
-7740.0
-9866.0
-2440.0
-3184.0
-6167.0
-11479.0
-6297.0
-6708.0
-5072.0
-11746.0
-6776.0
-5932.0
-6038.0
-3695.0
-5035.0
-6725.0
-5120.0
-9262.0
-13026.0
-4661.0
-1197.0
-5454.0
-9326.0
-3463.0
-6886.0
-8927.0
-3776.0
-4955.0
-9503.0
-10873.0
-5663.0
-7195.0
-4452.0
-6706.0
-5791.0
-5606.0
-9844.0
-7671.0
-7425.0
-5187.0
-2464.0
-6831.0
-6038.0
-3630.0
-5891.0
-2691.0
-3884.0
-3041.0
-3335.0
-6393.0
-3984.0
-13183.0
-3171.0
-5381.0
-5415.0
-4072.0
-6437.0
-4466.0
-6641.0
-3509.0
-5836.0
-5469.0
-9827.0
-5370.0
-6437.0
-6957.0
-6219.0
-11705.0
-5802.0
-5412.0
-1615.0
-3567.0
-5313.0
-3702.0
-4936.0
-2541.0
-2354.0
-522.0
-3311.0
-8180.0
-3509.0
-2278.0
-6801.0
-4452.0
-4075.0
-3260.0
-6370.0
-4069.0
-9030.0
-4850.0
-1274.0
-1625.0
-4091.0
-4067.0
-2850.0
-2061.0
-3859.0
-3845.0
-1931.0
-4873.0
-5463.0
-9758.0
-1539.0
-2274.0
-3379.0
-3021.0
-5777.0
-5431.0
-7959.0
-5836.0
-4078.0
-5304.0
-4537.0
-3395.0
-5442.0
-3494.0
-4902.0
-2517.0
-3230.0
-6808.0
-3498.0
-3790.0
-8823.0
-2099.0
-3929.0
-7261.0
-4077.0
-5425.0
-4004.0
-2510.0
-4515.0
-700.0
-1915.0
-2705.0
-1852.0
-2893.0
-6796.0
-3277.0
-5107.0
-2113.0
-2925.0
-3639.0
-3651.0
-3124.0
-2554.0
-3835.0
-5670.0
-3690.0
-3888.0
-2566.0
-6066.0
-4157.0
-2217.0
-3378.0
-3925.0
-8308.0
-3979.0
-1873.0
-6211.0
-5822.0
-2646.0
-3480.0
-2535.0
-2033.0
-5608.0
-4899.0
-2786.0
-4434.0
-1745.0
-11131.0
-3771.0
-4471.0
-1536.0
-3655.0
-3549.0
-948.0
-3468.0
-2433.0
-3846.0
-5379.0
-2224.0
-2477.0
-1275.0
-1874.0
-1604.0
-2823.0
-5756.0
-1201.0
-6269.0
-4321.0
-2619.0
163.0
-5197.0
-543.0
-392.0
-3845.0
-5786.0
-4535.0
-1853.0
-1319.0
-2753.0
-2911.0
-1506.0
-1726.0
-3075.0
-5652.0
-4982.0
-1269.0
-2360.0
613.0
-950.0
-1038.0
-1503.0
-1568.0
-3500.0
-5799.0
-2624.0
-5424.0
-3282.0
-1865.0
1186.0
-1605.0
-2825.0
-1774.0
-413.0
-2588.0
-4429.0
1264.0
-627.0
-2728.0
-855.0
-348.0
-1674.0
-2088.0
-2226.0
-5024.0
-2050.0
-3640.0
-3818.0
-1644.0
-3669.0
-1246.0
-2141.0
-2563.0
-2815.0
-2056.0
-1809.0
-2522.0
-370.0
-2581.0
-545.0
-833.0
-240.0
8.0
-1302.0
-524.0
-3242.0
-790.0
-1769.0
363.0
-1912.0
-1069.0
-685.0
-1616.0
-5320.0
-1218.0
-1704.0
-3828.0
-2611.0
140.0
-530.0
-2917.0
-1866.0
-2004.0
48.0
431.0
568.0
1132.0
-141.0
-1604.0
855.0
-1378.0
-2690.0
-502.0
-33.0
-177.0
-1349.0
-858.0
-2458.0
-1150.0
-263.0
-793.0
-4243.0
-497.0
559.0
403.0
-431.0
-522.0
244.0
-40.0
-1389.0
-495.0
459.0
-2332.0
-531.0
-2070.0
-815.0
-894.0
-105.0
-2616.0
-3816.0
-761.0
-543.0
274.0
-1189.0
9.0
-2591.0
-820.0
147.0
-844.0
-306.0
-2431.0
-2212.0
-1625.0
708.0
-354.0
-3229.0
825.0
-388.0
-2537.0
-167.0
-3617.0
-309.0
-843.0
-156.0
-1162.0
-727.0
307.0
-1477.0
-246.0
1744.0
-482.0
-2938.0
-2355.0
606.0
-713.0
-5901.0
-481.0
1297.0
93.0
-2272.0
-940.0
1662.0
712.0
-1965.0
-1619.0
-894.0
-1359.0
-774.0
-1136.0
-783.0
-622.0
-4826.0
-984.0
-1102.0
-1335.0
-1630.0
-2695.0
-760.0
-636.0
-958.0
-250.0
-1597.0
-1738.0
-234.0
-413.0
695.0
77.0
-820.0
-323.0
1907.0
831.0
362.0
-2573.0
-462.0
-754.0
-355.0
-1688.0
-3266.0
-1580.0
-3429.0
-821.0
-3397.0
-2596.0
-1858.0
-3428.0
-3756.0
-1173.0
1068.0
-293.0
1069.0
-1952.0
-3139.0
1408.0
538.0
-2060.0
-1667.0
1280.0
-384.0
-651.0
-884.0
-2241.0
-4167.0
-722.0
-2377.0
-2239.0
-1832.0
12.0
311.0
-651.0
-805.0
357.0
-3030.0
-545.0
-509.0
785.0
723.0
814.0
-221.0
-1012.0
-1067.0
427.0
234.0
851.0
1530.0
-689.0
51.0
-959.0
-793.0
-3130.0
1058.0
25.0
-2711.0
-915.0
11.0
-278.0
-1118.0
-181.0
892.0
614.0
330.0
-1600.0
2064.0
-368.0
638.0
-3487.0
-107.0
58.0
234.0
154.0
-3142.0
-1141.0
910.0
-46.0
-1873.0
-2737.0
-2876.0
-3211.0
894.0
-316.0
-1299.0
-850.0
1299.0
-594.0
-2366.0
220.0
253.0
945.0
-3480.0
-1101.0
1141.0
939.0
-516.0
-2213.0
1286.0
-733.0
-227.0
165.0
-2601.0
-2694.0
-603.0
-515.0
-1967.0
-529.0
1712.0
1581.0
-677.0
-94.0
1765.0
-70.0
-720.0
160.0
978.0
1464.0
-53.0
-2086.0
95.0
501.0
504.0
-217.0
140.0
-879.0
-128.0
-934.0
471.0
181.0
-1106.0
431.0
-53.0
180.0
262.0
392.0
-632.0
126.0
557.0
1747.0
1422.0
1500.0
-240.0
-84.0
927.0
1641.0
-128.0
1108.0
-1698.0
-3221.0
-1690.0
-3336.0
-3433.0
993.0
-2124.0
-1581.0
-1513.0
347.0
10.0
929.0
-412.0
1717.0
-739.0
-518.0
-171.0
-1265.0
791.0
430.0
1134.0
-3217.0
-418.0
1784.0
-220.0
474.0
280.0
-74.0
-2436.0
5.0
-140.0
-92.0
-500.0
1128.0
-226.0
74.0
1742.0
470.0
191.0
-223.0
-381.0
49.0
844.0
1977.0
-2554.0
-1.0
656.0
1512.0
-434.0
-426.0
1782.0
373.0
-301.0
-258.0
-459.0
829.0
706.0
297.0
-2042.0
342.0
52.0
1889.0
-318.0
1289.0
1254.0
1624.0
9.0
655.0
777.0
1384.0
-506.0
-210.0
-1534.0
-105.0
546.0
285.0
882.0
-381.0
-819.0
671.0
-511.0
1094.0
-102.0
105.0
75.0
53.0
1797.0
2063.0
1342.0
362.0
115.0
930.0
771.0
2033.0
-70.0
581.0
1677.0
1947.0
-500.0
-267.0
1539.0
252.0
-1357.0
325.0
-810.0
737.0
2032.0
893.0
-618.0
505.0
1297.0
1673.0
-352.0
1270.0
1709.0
2113.0
-318.0
204.0
739.0
700.0
158.0
-381.0
-853.0
1671.0
460.0
-1253.0
74.0
330.0
219.0
892.0
-140.0
-43.0
-1013.0
458.0
419.0
-739.0
86.0
1828.0
-3399.0
-547.0
-1291.0
1410.0
-2434.0
1705.0
263.0
-1314.0
-3048.0
-4681.0
-2341.0
611.0
-5717.0
-2535.0
-3109.0
-2825.0
-4489.0
-2928.0
-6113.0
-3402.0
-5211.0
-596.0
-2299.0
-2083.0
-2463.0
-1762.0
-2186.0
-1020.0
-3262.0
-1007.0
-2219.0
-2345.0
-1949.0
-4208.0
-4143.0
-165.0
-1667.0
-2146.0
-2304.0
-634.0
-627.0
-966.0
-1766.0
-548.0
-1752.0
-1219.0
-899.0
-774.0
41.0
-2304.0
617.0
-729.0
-1531.0
-156.0
-1449.0
763.0
1241.0
-2205.0
116.0
113.0
-10.0
67.0
1215.0
-1558.0
-384.0
141.0
352.0
55.0
-421.0
-402.0
-2083.0
-4.0
173.0
148.0
-267.0
-307.0
757.0
905.0
20.0
-1086.0
-1015.0
477.0
946.0
-952.0
-1748.0
20.0
-313.0
-1547.0
1258.0
-953.0
745.0
-649.0
-426.0
-346.0
-970.0
-1204.0
-816.0
1103.0
1492.0
939.0
-994.0
-667.0
338.0
1238.0
-23.0
2090.0
-987.0
730.0
183.0
649.0
259.0
-1430.0
604.0
-1134.0
-1015.0
-1742.0
-514.0
-329.0
89.0
-1159.0
-4173.0
-653.0
112.0
-1176.0
-1420.0
693.0
-366.0
1789.0
-1222.0
-1493.0
-324.0
1229.0
-1159.0
-1897.0
-2117.0
-325.0
-623.0
-18.0
-813.0
77.0
-652.0
-1465.0
-1382.0
466.0
-1407.0
-187.0
-274.0
592.0
1120.0
2166.0
-1116.0
-834.0
240.0
-504.0
1548.0
-257.0
-61.0
-291.0
-628.0
-425.0
-631.0
1034.0
2111.0
247.0
184.0
-2480.0
-360.0
-1226.0
1312.0
-137.0
-3433.0
841.0
-221.0
-417.0
-134.0
899.0
242.0
1693.0
190.0
-11.0
2118.0
1368.0
628.0
-194.0
277.0
1596.0
697.0
-155.0
490.0
638.0
-222.0
1351.0
180.0
-1841.0
-217.0
178.0
277.0
489.0
1952.0
603.0
-258.0
365.0
1645.0
51.0
692.0
1924.0
-369.0
196.0
1941.0
2153.0
-255.0
195.0
-202.0
-508.0
332.0
233.0
-153.0
459.0
2004.0
-110.0
-3858.0
517.0
1880.0
959.0
275.0
293.0
916.0
1227.0
-301.0
-23.0
1558.0
-15.0
-1161.0
-180.0
-3166.0
1694.0
244.0
-2570.0
-1935.0
-2908.0
383.0
-3962.0
-1807.0
172.0
-2079.0
-792.0
-106.0
-155.0
1651.0
1840.0
-760.0
347.0
734.0
516.0
567.0
766.0
174.0
-174.0
1458.0
1818.0
341.0
1893.0
2148.0
26.0
606.0
693.0
323.0
1192.0
829.0
931.0
-1142.0
385.0
709.0
647.0
-257.0
-48.0
1702.0
1007.0
-50.0
-761.0
788.0
1016.0
522.0
-2748.0
-129.0
791.0
514.0
411.0
734.0
396.0
974.0
848.0
298.0
260.0
340.0
277.0
76.0
788.0
1864.0
1898.0
414.0
-571.0
462.0
251.0
980.0
1399.0
279.0
466.0
327.0
900.0
784.0
650.0
925.0
811.0
560.0
699.0
103.0
730.0
577.0
705.0
-967.0
2073.0
1957.0
1024.0
-324.0
1292.0
2198.0
739.0
512.0
700.0
868.0
2124.0
586.0
356.0
105.0
371.0
655.0
419.0
1564.0
507.0
381.0
756.0
-274.0
599.0
604.0
-781.0
347.0
524.0
979.0
1901.0
693.0
20.0
1509.0
710.0
1678.0
736.0
580.0
-163.0
1949.0
1517.0
555.0
1481.0
414.0
744.0
512.0
477.0
509.0
749.0
890.0
998.0
-1390.0
503.0
241.0
1168.0
-352.0
1309.0
839.0
229.0
338.0
-1500.0
647.0
896.0
-1666.0
-1444.0
-521.0
1732.0
-529.0
-522.0
734.0
627.0
-90.0
621.0
287.0
-392.0
-402.0
285.0
338.0
1093.0
948.0
992.0
1184.0
306.0
704.0
765.0
1861.0
2149.0
361.0
331.0
966.0
1031.0
696.0
812.0
956.0
522.0
301.0
783.0
-185.0
906.0
1980.0
989.0
-2220.0
954.0
804.0
1438.0
117.0
970.0
1203.0
2263.0
588.0
255.0
698.0
1078.0
753.0
-617.0
127.0
1282.0
872.0
373.0
737.0
205.0
-42.0
-29.0
-612.0
-303.0
-1809.0
-77.0
108.0
875.0
-726.0
1957.0
-241.0
151.0
622.0
995.0
1950.0
2283.0
261.0
640.0
841.0
1308.0
425.0
608.0
159.0
867.0
496.0
944.0
672.0
925.0
970.0
930.0
-1679.0
939.0
950.0
1312.0
-124.0
2100.0
881.0
1569.0
826.0
-381.0
1523.0
2140.0
311.0
-1628.0
-1172.0
235.0
508.0
143.0
-511.0
346.0
54.0
2020.0
-16.0
252.0
333.0
593.0
-301.0
583.0
1642.0
993.0
644.0
312.0
1441.0
1143.0
909.0
2152.0
358.0
532.0
2006.0
1947.0
571.0
407.0
2141.0
735.0
660.0
947.0
139.0
1116.0
1329.0
724.0
-167.0
1634.0
1666.0
771.0
-157.0
168.0
1419.0
1914.0
690.0
819.0
2190.0
1102.0
579.0
276.0
-1677.0
-262.0
1448.0
363.0
305.0
516.0
-79.0
373.0
-58.0
-575.0
610.0
748.0
1955.0
741.0
870.0
1417.0
358.0
83.0
13.0
2029.0
-475.0
1889.0
-929.0
442.0
271.0
2233.0
-502.0
1827.0
2043.0
1181.0
-819.0
-3013.0
-1586.0
-1757.0
1551.0
1779.0
-2007.0
1548.0
397.0
1625.0
353.0
1313.0
1633.0
1312.0
632.0
-985.0
1464.0
759.0
1263.0
-661.0
-578.0
-929.0
-543.0
244.0
-322.0
-461.0
200.0
1684.0
690.0
210.0
-1072.0
904.0
-632.0
610.0
200.0
1937.0
1262.0
476.0
1632.0
683.0
1570.0
420.0
-922.0
105.0
2089.0
1268.0
197.0
762.0
1951.0
185.0
501.0
761.0
362.0
1375.0
1096.0
256.0
-2015.0
353.0
1944.0
1797.0
-726.0
1545.0
-159.0
1661.0
322.0
849.0
2131.0
275.0
37.0
1094.0
166.0
469.0
-551.0
-385.0
282.0
906.0
-363.0
2040.0
-2043.0
-687.0
-1216.0
-2405.0
-1617.0
-624.0
1967.0
1972.0
1553.0
1105.0
915.0
-1466.0
1950.0
2022.0
-2757.0
-3527.0
2033.0
-297.0
-1365.0
-437.0
1225.0
-3066.0
1507.0
-332.0
-1195.0
1690.0
-831.0
-1461.0
-1808.0
-2140.0
-853.0
-733.0
-1421.0
1991.0
-2639.0
-2248.0
-448.0
-1504.0
2181.0
2130.0
-612.0
-1435.0
-401.0
1548.0
-118.0
1070.0
1251.0
1119.0
1288.0
1530.0
-1640.0
-639.0
-586.0
-502.0
478.0
522.0
1805.0
452.0
1170.0
-705.0
476.0
693.0
1770.0
725.0
230.0
-301.0
2081.0
390.0
-292.0
298.0
670.0
-15.0
501.0
787.0
-528.0
369.0
829.0
607.0
-555.0
482.0
1253.0
-621.0
505.0
144.0
1286.0
327.0
-177.0
-732.0
1010.0
1444.0
358.0
-207.0
-247.0
1414.0
-113.0
395.0
345.0
1318.0
666.0
1479.0
528.0
832.0
661.0
362.0
556.0
1324.0
1694.0
1979.0
218.0
583.0
1657.0
551.0
1385.0
2231.0
696.0
37.0
1498.0
1607.0
84.0
694.0
1419.0
-545.0
678.0
490.0
-881.0
1540.0
-550.0
815.0
608.0
1405.0
1997.0
1281.0
-1089.0
1387.0
1680.0
1754.0
1239.0
152.0
2307.0
1658.0
1259.0
302.0
-693.0
1929.0
1871.0
622.0
390.0
164.0
45.0
305.0
-912.0
302.0
-241.0
596.0
1465.0
671.0
1578.0
1217.0
738.0
568.0
471.0
2092.0
898.0
2101.0
-603.0
214.0
2083.0
2350.0
90.0
1661.0
2104.0
612.0
249.0
569.0
604.0
1033.0
1972.0
1616.0
-1660.0
1131.0
1854.0
503.0
-1270.0
903.0
1867.0
1840.0
-322.0
-684.0
1521.0
1870.0
1207.0
171.0
-557.0
949.0
2017.0
262.0
554.0
482.0
-467.0
489.0
-1619.0
-1423.0
0.0
-1003.0
230.0
-371.0
1595.0
1129.0
1068.0
-143.0
1521.0
2063.0
930.0
2223.0
-1070.0
462.0
1835.0
1151.0
920.0
1103.0
652.0
1635.0
562.0
867.0
370.0
482.0
1055.0
896.0
-1417.0
1018.0
1990.0
1193.0
-541.0
492.0
1227.0
1615.0
591.0
461.0
2180.0
2184.0
1287.0
-541.0
178.0
212.0
1939.0
596.0
410.0
405.0
442.0
2042.0
-199.0
207.0
-119.0
422.0
757.0
643.0
2315.0
1656.0
609.0
389.0
866.0
302.0
2061.0
1327.0
60.0
303.0
2249.0
1415.0
638.0
1816.0
827.0
376.0
698.0
589.0
-646.0
712.0
795.0
1022.0
-659.0
881.0
2049.0
1159.0
570.0
2072.0
1072.0
895.0
377.0
500.0
1983.0
1096.0
-207.0
565.0
137.0
1664.0
533.0
680.0
841.0
602.0
764.0
841.0
-46.0
404.0
-36.0
616.0
-153.0
328.0
1983.0
903.0
-154.0
729.0
911.0
218.0
1812.0
2222.0
222.0
-718.0
1690.0
1005.0
937.0
1563.0
1075.0
610.0
1721.0
758.0
-113.0
733.0
2020.0
806.0
-310.0
784.0
737.0
1890.0
-1117.0
2123.0
1677.0
1099.0
367.0
171.0
1386.0
2076.0
746.0
-1732.0
552.0
847.0
1221.0
658.0
1001.0
762.0
752.0
931.0
-332.0
-420.0
41.0
785.0
154.0
920.0
1218.0
1045.0
489.0
650.0
888.0
979.0
1056.0
1143.0
451.0
51.0
2172.0
1487.0
660.0
1901.0
836.0
171.0
1127.0
895.0
460.0
1464.0
1122.0
1151.0
-1730.0
1675.0
856.0
508.0
-1101.0
1766.0
1395.0
906.0
734.0
792.0
1684.0
1132.0
-235.0
51.0
-63.0
1486.0
913.0
187.0
1990.0
1145.0
818.0
1128.0
63.0
385.0
-563.0
544.0
685.0
113.0
2179.0
596.0
1367.0
948.0
984.0
903.0
2006.0
1557.0
132.0
-199.0
2265.0
711.0
779.0
328.0
1097.0
594.0
1759.0
770.0
318.0
1196.0
-934.0
-741.0
-1881.0
843.0
804.0
2087.0
166.0
1797.0
718.0
1666.0
381.0
-487.0
2211.0
701.0
411.0
319.0
-174.0
1050.0
1155.0
346.0
-949.0
-494.0
-806.0
-1236.0
-809.0
-427.0
-768.0
310.0
1663.0
552.0
1034.0
952.0
-103.0
525.0
581.0
530.0
999.0
762.0
271.0
225.0
910.0
1158.0
464.0
492.0
776.0
1895.0
481.0
900.0
-659.0
995.0
2097.0
629.0
-562.0
916.0
1985.0
969.0
564.0
1754.0
1573.0
966.0
716.0
310.0
1350.0
1967.0
959.0
252.0
-445.0
1213.0
967.0
605.0
677.0
810.0
640.0
-12.0
160.0
400.0
105.0
635.0
726.0
937.0
2380.0
1053.0
387.0
242.0
730.0
1030.0
1520.0
1911.0
151.0
662.0
1827.0
1897.0
677.0
-29.0
1043.0
518.0
623.0
121.0
797.0
1230.0
1510.0
409.0
-416.0
1728.0
661.0
1835.0
-2390.0
1559.0
818.0
2034.0
-390.0
864.0
2225.0
75.0
1303.0
-733.0
-1198.0
-233.0
-725.0
20.0
-1163.0
-942.0
20.0
601.0
-301.0
703.0
-78.0
630.0
-159.0
-325.0
337.0
316.0
384.0
39.0
399.0
1443.0
915.0
-132.0
489.0
-710.0
810.0
1899.0
316.0
-464.0
-265.0
1248.0
65.0
531.0
-190.0
-578.0
2048.0
-623.0
-432.0
169.0
2069.0
494.0
531.0
259.0
1988.0
2123.0
968.0
-205.0
1978.0
313.0
507.0
-962.0
-194.0
2018.0
783.0
-108.0
-209.0
1018.0
2.0
287.0
-323.0
148.0
-491.0
1184.0
1267.0
-890.0
2323.0
1960.0
1446.0
495.0
168.0
1658.0
2035.0
882.0
-467.0
1253.0
170.0
1075.0
735.0
-1.0
798.0
-64.0
645.0
790.0
379.0
630.0
1279.0
712.0
-1505.0
1425.0
2231.0
1970.0
215.0
1800.0
974.0
2038.0
1093.0
1446.0
2126.0
92.0
-1904.0
-584.0
-648.0
1457.0
563.0
-370.0
88.0
167.0
7.0
553.0
-1930.0
494.0
-195.0
1194.0
1130.0
814.0
-1672.0
829.0
852.0
568.0
477.0
896.0
778.0
552.0
694.0
106.0
2092.0
714.0
1155.0
667.0
691.0
677.0
700.0
434.0
-183.0
511.0
995.0
1003.0
272.0
56.0
1100.0
1450.0
410.0
1211.0
2070.0
991.0
535.0
1360.0
2199.0
-2828.0
-2630.0
70.0
336.0
949.0
536.0
536.0
198.0
1759.0
250.0
901.0
592.0
51.0
490.0
859.0
319.0
174.0
-101.0
1033.0
1441.0
1039.0
913.0
1011.0
1632.0
2182.0
-869.0
739.0
1169.0
1019.0
549.0
1960.0
1057.0
1136.0
889.0
605.0
115.0
1351.0
758.0
1292.0
-1151.0
1696.0
1979.0
587.0
-187.0
2071.0
951.0
895.0
-139.0
536.0
2158.0
1245.0
527.0
260.0
129.0
1021.0
-1202.0
-2711.0
592.0
-2257.0
-1392.0
1673.0
-2423.0
-1295.0
-2935.0
-1906.0
-1183.0
-1020.0
-663.0
-786.0
1260.0
-2095.0
1473.0
1839.0
-3454.0
2213.0
-2481.0
-997.0
1888.0
-455.0
-2035.0
-498.0
-3508.0
1975.0
-2154.0
1702.0
0.0
1649.0
2064.0
-470.0
-4065.0
-324.0
-115.0
-299.0
-1663.0
237.0
20.0
2102.0
1792.0
1317.0
-1564.0
377.0
1378.0
-509.0
-2752.0
190.0
279.0
-1258.0
202.0
-117.0
-5040.0
445.0
-1373.0
658.0
-181.0
1064.0
-353.0
43.0
248.0
939.0
1756.0
-219.0
753.0
1202.0
296.0
876.0
-464.0
747.0
955.0
2106.0
1545.0
360.0
228.0
1556.0
1771.0
1223.0
92.0
628.0
2022.0
762.0
-706.0
1545.0
1659.0
1691.0
508.0
2051.0
566.0
1480.0
865.0
535.0
550.0
1071.0
1083.0
-50.0
-162.0
1766.0
779.0
28.0
370.0
1079.0
135.0
699.0
-180.0
720.0
-15.0
519.0
967.0
1251.0
847.0
1791.0
705.0
751.0
1833.0
2035.0
1422.0
2146.0
727.0
1839.0
1961.0
2118.0
1953.0
825.0
2070.0
1181.0
-47.0
472.0
107.0
1990.0
927.0
1016.0
-194.0
782.0
926.0
2125.0
1950.0
658.0
2149.0
570.0
706.0
-440.0
2039.0
808.0
188.0
550.0
160.0
598.0
614.0
-44.0
1801.0
883.0
588.0
836.0
352.0
732.0
-211.0
839.0
-8.0
856.0
964.0
1828.0
919.0
669.0
913.0
938.0
2080.0
2146.0
740.0
579.0
1116.0
1081.0
743.0
949.0
995.0
913.0
461.0
996.0
612.0
1021.0
1003.0
1066.0
-211.0
1203.0
2050.0
972.0
1679.0
2111.0
2206.0
925.0
757.0
475.0
1143.0
1083.0
1222.0
737.0
-441.0
1189.0
673.0
42.0
914.0
463.0
447.0
406.0
234.0
506.0
799.0
1237.0
575.0
897.0
1102.0
2145.0
1140.0
135.0
951.0
1023.0
1014.0
2226.0
67.0
486.0
1083.0
1904.0
823.0
1250.0
813.0
695.0
674.0
700.0
534.0
596.0
2149.0
799.0
-1497.0
1451.0
1996.0
1216.0
154.0
1297.0
883.0
1962.0
712.0
-235.0
220.0
2034.0
517.0
288.0
234.0
1023.0
2057.0
587.0
271.0
108.0
-386.0
835.0
-235.0
626.0
-1371.0
30.0
116.0
380.0
1020.0
-568.0
888.0
580.0
934.0
638.0
1339.0
824.0
305.0
1877.0
1070.0
1929.0
433.0
935.0
1100.0
53.0
698.0
869.0
590.0
1078.0
1046.0
879.0
-174.0
994.0
994.0
1724.0
-225.0
1119.0
2115.0
1085.0
249.0
612.0
1735.0
1923.0
706.0
-558.0
134.0
915.0
1151.0
-117.0
-1509.0
853.0
691.0
425.0
40.0
312.0
1217.0
-426.0
-444.0
212.0
214.0
1771.0
697.0
-291.0
324.0
142.0
2019.0
2363.0
-5.0
-13.0
2314.0
1686.0
1241.0
-311.0
390.0
1243.0
1869.0
-269.0
1134.0
1361.0
1513.0
-373.0
-2158.0
-927.0
2119.0
2018.0
-720.0
2109.0
-107.0
2148.0
1295.0
-706.0
2282.0
525.0
1006.0
-1529.0
-642.0
1761.0
-1752.0
-298.0
-72.0
-818.0
-450.0
-657.0
-1177.0
-100.0
-492.0
290.0
-110.0
1348.0
473.0
713.0
477.0
164.0
623.0
1028.0
2019.0
2309.0
570.0
1349.0
2152.0
2126.0
289.0
85.0
916.0
176.0
201.0
404.0
441.0
1342.0
777.0
737.0
-2224.0
754.0
1693.0
2050.0
238.0
1433.0
737.0
1991.0
692.0
1107.0
2234.0
142.0
175.0
-2626.0
-1520.0
1573.0
1590.0
-742.0
-1668.0
1435.0
103.0
1296.0
795.0
-1014.0
-460.0
498.0
864.0
533.0
1844.0
760.0
453.0
682.0
1730.0
1354.0
1964.0
2098.0
185.0
1218.0
2233.0
681.0
1895.0
1864.0
-231.0
1494.0
325.0
203.0
132.0
1257.0
1156.0
501.0
-1099.0
-459.0
1885.0
2068.0
133.0
2076.0
1773.0
1708.0
408.0
46.0
-780.0
1644.0
1435.0
-420.0
-449.0
1742.0
54.0
125.0
540.0
-15.0
645.0
-782.0
-407.0
1017.0
1269.0
645.0
-780.0
-18.0
1833.0
1672.0
-37.0
456.0
-114.0
830.0
2055.0
942.0
-124.0
701.0
1862.0
1906.0
-2092.0
1750.0
751.0
706.0
701.0
530.0
58.0
744.0
1002.0
919.0
-492.0
467.0
753.0
1985.0
253.0
1555.0
2100.0
1020.0
815.0
-121.0
1983.0
1087.0
343.0
727.0
798.0
46.0
689.0
651.0
1885.0
616.0
829.0
-319.0
137.0
882.0
647.0
651.0
14.0
700.0
2087.0
1046.0
800.0
619.0
909.0
818.0
1148.0
1343.0
243.0
473.0
462.0
621.0
849.0
719.0
1601.0
1005.0
835.0
826.0
634.0
727.0
852.0
954.0
-996.0
337.0
983.0
1078.0
673.0
1995.0
1851.0
1251.0
909.0
-287.0
2289.0
2188.0
380.0
-1490.0
-704.0
1729.0
-475.0
-2614.0
-1470.0
-1634.0
-24.0
-2706.0
1181.0
493.0
328.0
1257.0
423.0
462.0
882.0
968.0
786.0
1191.0
1174.0
1164.0
882.0
2098.0
440.0
1067.0
2188.0
852.0
438.0
928.0
1769.0
1532.0
-182.0
291.0
260.0
622.0
1779.0
462.0
-972.0
190.0
1851.0
683.0
-54.0
481.0
921.0
1472.0
-146.0
891.0
1571.0
2087.0
1117.0
419.0
381.0
1242.0
1308.0
392.0
529.0
781.0
453.0
587.0
992.0
2005.0
939.0
763.0
697.0
887.0
1758.0
2124.0
688.0
580.0
780.0
1216.0
1941.0
2320.0
684.0
754.0
1968.0
967.0
421.0
713.0
1324.0
717.0
716.0
843.0
86.0
837.0
1031.0
848.0
-425.0
855.0
537.0
1181.0
-675.0
2160.0
1719.0
726.0
53.0
376.0
844.0
2088.0
865.0
615.0
176.0
2058.0
227.0
-78.0
686.0
695.0
561.0
939.0
519.0
348.0
1442.0
655.0
531.0
2120.0
2209.0
1639.0
831.0
903.0
865.0
966.0
1414.0
2374.0
507.0
415.0
2246.0
2247.0
879.0
1846.0
1331.0
809.0
344.0
580.0
106.0
780.0
1542.0
916.0
593.0
1130.0
1965.0
1224.0
-309.0
1231.0
1272.0
954.0
521.0
191.0
1258.0
2179.0
526.0
195.0
302.0
1036.0
1218.0
256.0
836.0
1089.0
598.0
1680.0
989.0
966.0
1316.0
1001.0
735.0
841.0
1487.0
1301.0
482.0
635.0
917.0
916.0
1685.0
2202.0
663.0
522.0
1421.0
1217.0
962.0
869.0
938.0
1197.0
662.0
298.0
478.0
909.0
1760.0
-1818.0
-796.0
991.0
1477.0
1534.0
327.0
2088.0
2039.0
815.0
1356.0
1318.0
1570.0
370.0
1240.0
55.0
-238.0
1593.0
647.0
96.0
418.0
1158.0
283.0
711.0
1122.0
452.0
262.0
962.0
-596.0
1681.0
1011.0
765.0
1521.0
-150.0
779.0
1716.0
1817.0
2415.0
-98.0
980.0
2091.0
2108.0
1437.0
975.0
1032.0
1161.0
770.0
920.0
315.0
115.0
1344.0
846.0
-122.0
2048.0
1351.0
1670.0
670.0
1342.0
1452.0
1608.0
745.0
575.0
1231.0
2072.0
395.0
190.0
49.0
980.0
775.0
566.0
762.0
579.0
440.0
891.0
506.0
539.0
1099.0
850.0
200.0
929.0
1270.0
1663.0
931.0
657.0
991.0
987.0
1103.0
2404.0
504.0
728.0
2102.0
1248.0
1229.0
1280.0
566.0
1227.0
812.0
244.0
-798.0
638.0
1032.0
1164.0
-1247.0
706.0
1541.0
1009.0
-283.0
1976.0
2051.0
2042.0
952.0
892.0
2286.0
937.0
1159.0
416.0
303.0
1360.0
802.0
-207.0
667.0
596.0
-75.0
709.0
5.0
33.0
72.0
273.0
-513.0
644.0
1900.0
1818.0
1831.0
1195.0
-494.0
915.0
1726.0
2353.0
188.0
716.0
1450.0
1072.0
908.0
1467.0
1535.0
763.0
564.0
328.0
109.0
643.0
721.0
1374.0
-74.0
1232.0
2063.0
1123.0
476.0
1579.0
2254.0
1163.0
985.0
100.0
1525.0
2100.0
752.0
-37.0
1034.0
466.0
1055.0
70.0
321.0
1206.0
749.0
1972.0
481.0
307.0
723.0
1192.0
504.0
1318.0
2247.0
1552.0
1223.0
770.0
1496.0
1398.0
1453.0
2325.0
529.0
373.0
1708.0
2015.0
1354.0
936.0
737.0
1045.0
1035.0
1014.0
-188.0
1145.0
1040.0
-661.0
-366.0
1167.0
2065.0
973.0
191.0
1252.0
1061.0
1497.0
674.0
2.0
840.0
981.0
1151.0
183.0
-39.0
1003.0
505.0
4.0
853.0
1853.0
572.0
507.0
190.0
1893.0
946.0
590.0
350.0
-92.0
1602.0
1839.0
271.0
540.0
324.0
1286.0
1033.0
993.0
477.0
456.0
1043.0
984.0
844.0
739.0
1436.0
845.0
623.0
672.0
-448.0
871.0
954.0
927.0
654.0
920.0
1044.0
1069.0
729.0
2140.0
1033.0
1089.0
682.0
565.0
2120.0
2050.0
705.0
305.0
662.0
922.0
700.0
1939.0
2000.0
947.0
534.0
880.0
-260.0
786.0
450.0
654.0
745.0
954.0
1043.0
1070.0
900.0
636.0
1004.0
2007.0
1005.0
2141.0
538.0
1523.0
1434.0
2127.0
908.0
1620.0
2204.0
618.0
866.0
322.0
-588.0
863.0
1543.0
902.0
-680.0
1437.0
2062.0
1000.0
250.0
1055.0
985.0
2206.0
635.0
-37.0
1083.0
2220.0
923.0
443.0
488.0
965.0
786.0
746.0
1406.0
744.0
644.0
1009.0
263.0
800.0
350.0
995.0
875.0
792.0
1033.0
1091.0
1615.0
849.0
1217.0
1023.0
1234.0
1912.0
627.0
519.0
1364.0
1001.0
949.0
1560.0
1092.0
870.0
762.0
828.0
177.0
730.0
2110.0
990.0
-1307.0
731.0
1048.0
1632.0
728.0
1342.0
1031.0
1454.0
720.0
560.0
2290.0
1033.0
371.0
310.0
24.0
1698.0
1524.0
653.0
865.0
926.0
536.0
2018.0
13.0
-120.0
1519.0
-1022.0
385.0
1352.0
2039.0
877.0
538.0
1230.0
243.0
193.0
2066.0
2197.0
322.0
1093.0
1576.0
1019.0
739.0
1019.0
870.0
583.0
590.0
691.0
218.0
393.0
2143.0
2009.0
-81.0
2011.0
422.0
1626.0
163.0
1503.0
1828.0
835.0
191.0
182.0
2287.0
2250.0
-2221.0
-147.0
-1756.0
43.0
28.0
-200.0
910.0
144.0
878.0
-593.0
364.0
1904.0
70.0
491.0
0.0
933.0
865.0
1762.0
557.0
-96.0
1863.0
957.0
930.0
2081.0
-685.0
-61.0
225.0
1500.0
638.0
694.0
-306.0
1311.0
565.0
269.0
223.0
25.0
1278.0
-39.0
-1196.0
1870.0
1633.0
1602.0
-101.0
2108.0
2176.0
1020.0
40.0
-275.0
2223.0
1305.0
166.0
187.0
927.0
705.0
814.0
1273.0
285.0
869.0
428.0
184.0
-722.0
608.0
-449.0
1119.0
111.0
164.0
856.0
1853.0
1270.0
360.0
2032.0
1089.0
2114.0
605.0
1241.0
1295.0
359.0
856.0
388.0
-157.0
2065.0
1392.0
966.0
894.0
-848.0
1236.0
1341.0
1623.0
-1503.0
1974.0
1385.0
2076.0
-682.0
1807.0
1894.0
1655.0
1000.0
-191.0
1567.0
1936.0
1298.0
87.0
980.0
1468.0
1244.0
1160.0
1399.0
1051.0
10.0
1626.0
775.0
37.0
949.0
-253.0
-549.0
164.0
1952.0
-122.0
1361.0
-199.0
489.0
1666.0
2122.0
2186.0
-982.0
610.0
2260.0
1890.0
1440.0
1254.0
-1039.0
-149.0
1208.0
925.0
-952.0
828.0
1793.0
497.0
836.0
1374.0
1896.0
2060.0
239.0
2250.0
2102.0
1824.0
322.0
111.0
2210.0
542.0
405.0
-782.0
425.0
1648.0
1663.0
-422.0
800.0
815.0
746.0
329.0
450.0
-1039.0
1216.0
753.0
834.0
1928.0
786.0
1980.0
739.0
788.0
1985.0
1352.0
2117.0
716.0
731.0
752.0
2159.0
1677.0
1451.0
764.0
2167.0
1015.0
387.0
857.0
-13.0
660.0
688.0
903.0
238.0
848.0
240.0
1769.0
502.0
2237.0
267.0
1613.0
1278.0
-424.0
1790.0
1626.0
1130.0
333.0
-418.0
1115.0
1553.0
3.0
-1105.0
342.0
344.0
1618.0
135.0
220.0
976.0
-272.0
1511.0
0.0
343.0
941.0
558.0
-361.0
-162.0
839.0
1996.0
2151.0
710.0
657.0
1620.0
1425.0
1657.0
1092.0
582.0
-194.0
1505.0
1016.0
222.0
1485.0
1160.0
1566.0
46.0
1323.0
1717.0
1455.0
1253.0
1749.0
1902.0
1464.0
1971.0
273.0
2371.0
-199.0
798.0
-134.0
1293.0
1335.0
1769.0
549.0
619.0
1184.0
226.0
677.0
-511.0
601.0
756.0
955.0
267.0
346.0
1969.0
1956.0
465.0
56.0
793.0
-91.0
1342.0
2416.0
312.0
1811.0
954.0
2182.0
930.0
768.0
848.0
648.0
788.0
1084.0
199.0
1227.0
1462.0
527.0
-176.0
672.0
843.0
2036.0
-643.0
1964.0
740.0
1360.0
905.0
686.0
1503.0
101.0
1078.0
-190.0
967.0
1906.0
1147.0
596.0
639.0
894.0
179.0
1245.0
846.0
716.0
208.0
507.0
-471.0
556.0
2010.0
640.0
1080.0
1379.0
796.0
1202.0
1769.0
2227.0
580.0
1356.0
1724.0
1292.0
1578.0
539.0
958.0
1415.0
1149.0
1134.0
759.0
1411.0
672.0
-102.0
-537.0
833.0
369.0
1763.0
-112.0
1746.0
1054.0
1007.0
634.0
649.0
2221.0
2363.0
626.0
3.0
282.0
1499.0
1502.0
606.0
720.0
745.0
515.0
654.0
-567.0
748.0
1267.0
982.0
1302.0
1521.0
512.0
2168.0
682.0
1558.0
2004.0
1019.0
1649.0
1389.0
336.0
592.0
1967.0
1229.0
1393.0
803.0
1873.0
1565.0
1156.0
1370.0
485.0
1388.0
1533.0
892.0
-1028.0
1474.0
1788.0
1882.0
-489.0
331.0
1960.0
1536.0
1496.0
611.0
1363.0
613.0
1350.0
-519.0
-564.0
1348.0
759.0
563.0
456.0
571.0
587.0
1604.0
729.0
722.0
-58.0
307.0
603.0
148.0
975.0
677.0
1535.0
418.0
937.0
2055.0
1903.0
632.0
652.0
708.0
1856.0
1756.0
-822.0
620.0
105.0
501.0
870.0
1301.0
169.0
1596.0
187.0
433.0
597.0
1317.0
821.0
2070.0
532.0
1879.0
2210.0
1970.0
1391.0
467.0
1460.0
1109.0
973.0
346.0
1198.0
1115.0
659.0
716.0
709.0
782.0
1180.0
1669.0
521.0
428.0
365.0
1177.0
853.0
1233.0
2298.0
1609.0
1283.0
1253.0
2132.0
1466.0
1835.0
1049.0
396.0
520.0
1915.0
1635.0
844.0
473.0
732.0
1203.0
-424.0
1112.0
502.0
1123.0
1760.0
724.0
-773.0
-212.0
2339.0
1991.0
1439.0
2083.0
2316.0
1376.0
-380.0
671.0
2030.0
1911.0
349.0
582.0
1010.0
1093.0
774.0
1449.0
514.0
732.0
655.0
2032.0
597.0
866.0
588.0
840.0
820.0
728.0
1983.0
907.0
1097.0
1558.0
614.0
-1713.0
744.0
1723.0
-358.0
-1.0
2052.0
727.0
40.0
866.0
2133.0
634.0
648.0
977.0
388.0
801.0
913.0
852.0
-25.0
960.0
1543.0
1047.0
872.0
1091.0
2133.0
1010.0
681.0
712.0
2168.0
2160.0
690.0
315.0
491.0
928.0
842.0
218.0
2063.0
717.0
880.0
828.0
221.0
719.0
1314.0
737.0
807.0
874.0
2196.0
1805.0
530.0
656.0
959.0
890.0
1438.0
1953.0
664.0
603.0
1261.0
1005.0
1733.0
844.0
1823.0
2008.0
628.0
942.0
327.0
971.0
677.0
1280.0
859.0
775.0
358.0
1695.0
648.0
1594.0
2175.0
2220.0
939.0
836.0
997.0
1270.0
1119.0
979.0
1087.0
352.0
-229.0
750.0
448.0
932.0
526.0
1305.0
742.0
897.0
195.0
1215.0
-48.0
1601.0
2157.0
969.0
487.0
1287.0
2093.0
1503.0
1818.0
2230.0
758.0
708.0
1680.0
1455.0
1216.0
1028.0
1701.0
644.0
931.0
1604.0
-256.0
1691.0
1782.0
817.0
10.0
1633.0
1285.0
313.0
192.0
1651.0
1869.0
1634.0
1348.0
-140.0
1513.0
-302.0
208.0
-33.0
-1785.0
1628.0
1215.0
-350.0
1741.0
263.0
-1109.0
187.0
-385.0
-685.0
1582.0
-41.0
-699.0
-847.0
2247.0
1906.0
405.0
-1637.0
-394.0
-281.0
2113.0
1487.0
-228.0
-712.0
2357.0
618.0
-201.0
738.0
688.0
707.0
328.0
784.0
281.0
631.0
814.0
795.0
-247.0
1420.0
981.0
489.0
537.0
2000.0
704.0
1097.0
487.0
-529.0
1963.0
2205.0
316.0
120.0
84.0
1458.0
1350.0
327.0
-217.0
1532.0
238.0
586.0
-1609.0
523.0
538.0
1444.0
187.0
759.0
1909.0
1767.0
1134.0
651.0
980.0
1611.0
1842.0
994.0
697.0
1242.0
1050.0
1341.0
1201.0
909.0
1895.0
93.0
635.0
1355.0
274.0
830.0
1673.0
808.0
-791.0
1533.0
2084.0
2156.0
419.0
1751.0
1073.0
1598.0
1211.0
38.0
1712.0
1032.0
1175.0
-163.0
-877.0
1777.0
-231.0
22.0
683.0
599.0
716.0
-367.0
1070.0
39.0
543.0
1522.0
8.0
706.0
673.0
371.0
523.0
1473.0
1508.0
118.0
1803.0
1767.0
-1970.0
1012.0
1807.0
1325.0
1677.0
1391.0
1741.0
1528.0
-669.0
1177.0
-203.0
1661.0
116.0
310.0
937.0
1591.0
1689.0
1603.0
-690.0
2042.0
2315.0
1507.0
1349.0
-386.0
2166.0
2425.0
-462.0
-951.0
-221.0
1976.0
-56.0
-188.0
200.0
1690.0
293.0
2054.0
744.0
-789.0
1366.0
619.0
1359.0
817.0
989.0
2025.0
1203.0
446.0
760.0
259.0
2126.0
1882.0
400.0
727.0
1665.0
2109.0
1322.0
303.0
808.0
527.0
477.0
1428.0
612.0
2168.0
1496.0
838.0
-179.0
856.0
2102.0
2056.0
89.0
1959.0
880.0
1817.0
1283.0
795.0
855.0
2248.0
758.0
560.0
301.0
1036.0
570.0
343.0
806.0
1313.0
348.0
1329.0
263.0
564.0
1311.0
746.0
1315.0
674.0
2336.0
1945.0
1283.0
308.0
1255.0
2069.0
1385.0
2181.0
663.0
1536.0
888.0
1299.0
967.0
863.0
768.0
1510.0
1143.0
10.0
82.0
1499.0
1669.0
1785.0
-1701.0
1448.0
1745.0
1885.0
295.0
1925.0
819.0
1809.0
1010.0
1326.0
1766.0
226.0
367.0
-256.0
-686.0
1768.0
1454.0
-750.0
10.0
218.0
653.0
276.0
1074.0
777.0
317.0
1675.0
645.0
1624.0
2319.0
2174.0
1138.0
530.0
645.0
1689.0
1640.0
2302.0
375.0
1700.0
910.0
2087.0
1599.0
585.0
936.0
634.0
988.0
1486.0
249.0
854.0
724.0
673.0
-965.0
687.0
977.0
2116.0
252.0
1784.0
212.0
687.0
1275.0
413.0
2169.0
1633.0
725.0
-1723.0
-154.0
2033.0
1850.0
526.0
759.0
1802.0
786.0
447.0
400.0
1727.0
630.0
844.0
740.0
1596.0
981.0
41.0
87.0
592.0
250.0
2169.0
1936.0
2256.0
-404.0
874.0
715.0
2183.0
1444.0
587.0
1929.0
1656.0
521.0
1317.0
525.0
944.0
2099.0
1672.0
-61.0
966.0
733.0
1583.0
706.0
1477.0
1774.0
1457.0
710.0
97.0
1127.0
2176.0
386.0
444.0
275.0
943.0
828.0
648.0
762.0
2028.0
719.0
845.0
874.0
612.0
643.0
638.0
547.0
1035.0
1090.0
1058.0
871.0
842.0
861.0
945.0
1677.0
2199.0
665.0
359.0
1112.0
903.0
1878.0
1881.0
1828.0
814.0
866.0
814.0
503.0
820.0
1008.0
745.0
368.0
933.0
1058.0
1014.0
804.0
1077.0
872.0
933.0
932.0
471.0
2238.0
1993.0
804.0
-506.0
675.0
897.0
887.0
409.0
1655.0
577.0
485.0
904.0
395.0
705.0
585.0
667.0
706.0
797.0
1800.0
1056.0
857.0
775.0
801.0
935.0
971.0
2354.0
53.0
682.0
1613.0
2138.0
887.0
655.0
1079.0
747.0
766.0
1010.0
-90.0
2146.0
997.0
559.0
1194.0
936.0
968.0
2135.0
686.0
486.0
986.0
609.0
691.0
-156.0
990.0
2184.0
236.0
-1710.0
533.0
1016.0
987.0
474.0
1860.0
343.0
620.0
1288.0
-232.0
594.0
1420.0
1380.0
437.0
751.0
1843.0
1016.0
513.0
516.0
382.0
707.0
2073.0
2218.0
171.0
1018.0
756.0
36.0
1398.0
739.0
578.0
92.0
422.0
920.0
-453.0
1101.0
1038.0
855.0
-526.0
884.0
1737.0
848.0
1838.0
543.0
577.0
-376.0
618.0
132.0
560.0
29.0
-579.0
622.0
274.0
2060.0
590.0
-36.0
-16.0
730.0
694.0
-166.0
-45.0
997.0
266.0
958.0
730.0
1097.0
2174.0
1737.0
913.0
480.0
869.0
870.0
968.0
2349.0
404.0
763.0
1054.0
529.0
1936.0
343.0
213.0
1253.0
-99.0
697.0
419.0
138.0
796.0
901.0
-728.0
628.0
2112.0
785.0
597.0
-580.0
-1965.0
826.0
664.0
413.0
794.0
741.0
195.0
230.0
257.0
1532.0
680.0
162.0
716.0
241.0
668.0
758.0
192.0
653.0
212.0
1273.0
1446.0
844.0
1030.0
2000.0
850.0
697.0
812.0
1288.0
1819.0
1601.0
640.0
1448.0
1588.0
2068.0
1128.0
889.0
1056.0
824.0
555.0
1099.0
582.0
1179.0
1942.0
1594.0
-67.0
950.0
939.0
2030.0
693.0
1748.0
1949.0
549.0
1126.0
427.0
67.0
478.0
-301.0
95.0
164.0
849.0
530.0
390.0
-37.0
1869.0
680.0
797.0
1030.0
723.0
332.0
1384.0
1375.0
133.0
576.0
96.0
237.0
-219.0
-303.0
1781.0
1826.0
1861.0
824.0
1332.0
2203.0
2254.0
1561.0
698.0
905.0
1760.0
1313.0
-161.0
-232.0
1397.0
2199.0
769.0
-374.0
655.0
2217.0
1976.0
-456.0
1828.0
843.0
1756.0
1051.0
805.0
1518.0
1201.0
1006.0
363.0
541.0
1483.0
1131.0
332.0
640.0
722.0
510.0
1008.0
198.0
774.0
1238.0
869.0
610.0
933.0
1164.0
1049.0
762.0
1186.0
2027.0
2197.0
1966.0
2367.0
438.0
2120.0
2204.0
1025.0
863.0
847.0
1835.0
1989.0
756.0
660.0
549.0
1214.0
917.0
971.0
-289.0
941.0
1087.0
1822.0
422.0
1363.0
1044.0
999.0
1069.0
704.0
908.0
2276.0
142.0
422.0
495.0
1997.0
517.0
76.0
70.0
592.0
364.0
908.0
418.0
667.0
1015.0
812.0
191.0
903.0
2267.0
1499.0
424.0
599.0
868.0
893.0
1020.0
2056.0
379.0
998.0
2192.0
1260.0
950.0
848.0
1105.0
2022.0
907.0
778.0
525.0
1058.0
1041.0
532.0
-641.0
897.0
930.0
1117.0
77.0
1691.0
1735.0
879.0
841.0
566.0
1905.0
1447.0
761.0
366.0
208.0
1031.0
834.0
432.0
389.0
1842.0
844.0
877.0
941.0
611.0
1273.0
856.0
480.0
967.0
1103.0
303.0
862.0
1138.0
668.0
932.0
2145.0
1001.0
744.0
806.0
1779.0
2095.0
596.0
739.0
1955.0
814.0
289.0
814.0
251.0
1397.0
1462.0
953.0
-70.0
1083.0
1411.0
1443.0
452.0
1413.0
1772.0
1943.0
1286.0
703.0
1685.0
1762.0
764.0
490.0
-247.0
1232.0
183.0
-481.0
707.0
595.0
1158.0
899.0
650.0
677.0
347.0
1134.0
521.0
862.0
1089.0
1933.0
543.0
150.0
407.0
753.0
-266.0
1962.0
509.0
1493.0
1051.0
272.0
1828.0
639.0
780.0
723.0
1040.0
1711.0
1029.0
1446.0
1943.0
1683.0
-253.0
386.0
1628.0
2055.0
487.0
2178.0
2231.0
917.0
1389.0
713.0
2158.0
1900.0
1095.0
401.0
109.0
2078.0
485.0
229.0
348.0
1933.0
381.0
369.0
1300.0
1753.0
950.0
667.0
497.0
862.0
1819.0
957.0
280.0
591.0
844.0
1841.0
1978.0
2036.0
647.0
1033.0
1469.0
1648.0
826.0
853.0
980.0
840.0
