-1047
-2482
-7586
-2157
-1081
-4293
-3145
-1552
1423
4550
-2607
-220
2687
7492
-4717
-3116
7116
-3373
4639
-4388
-4894
-1671
-6881
2836
-2546
4435
-6334
4609
2234
1187
3338
3275
3037
2669
-500
-3282
6511
5491
-2444
-1822
-3703
387
-5776
5985
2831
3497
609
9355
5582
1380
3061
4338
11019
6015
-47
-1741
8139
6514
3034
2229
-703
1571
-3348
5377
5446
4519
-5113
1585
6904
6436
586
4375
8841
5907
1900
1063
4735
6830
5851
2164
629
4259
3129
4216
8018
7730
-2415
5707
7585
6238
4527
6695
8287
7602
1947
1582
6561
7831
5066
0
3986
4896
2164
7955
5546
3361
4906
7687
8202
3945
3988
5480
5268
4368
6775
-2851
8171
7235
5144
-1512
2584
9430
-3013
9266
5038
9393
3349
5091
10111
8200
1328
8017
5080
8892
3747
248
9451
5147
4285
4815
5795
5466
-6562
8162
8303
7005
6648
9415
9580
9354
3200
10854
8161
8081
5379
2226
9870
9550
2808
2938
1344
9339
-682
8102
9759
8777
5629
5608
7941
7259
5034
10320
10597
9505
7997
3092
11614
9720
2977
1309
7517
9781
1909
9879
7728
7808
5985
9478
7256
4819
4426
8041
8330
11132
5396
630
8448
8711
4676
3138
5264
4960
1948
7935
7587
9239
7205
5486
10456
10429
5365
10133
8957
8362
7535
1409
11617
10888
4039
7078
5620
6857
1813
7872
9207
8967
6115
8192
9324
11031
4617
10776
9670
7522
10193
1841
11575
8951
5967
8673
6555
8870
3319
9829
10176
9365
8478
6188
7897
11785
6330
11412
5992
9199
6956
-3191
10797
11565
2713
3288
6377
5147
-1655
8739
7171
9230
9280
5480
8436
10223
5179
11633
8837
8594
9232
2316
11196
10859
5837
5715
11192
9992
3499
11717
9707
10124
6196
7080
10554
10501
4458
11712
7414
11532
8041
3888
11676
11988
5301
1443
7367
10008
2799
11432
11373
10849
6740
9311
8425
8542
7551
10911
9925
10490
10003
4705
11011
9828
4928
7964
5255
9363
3564
12371
10860
9897
1236
9156
9677
10101
5186
9430
7359
10583
11183
6302
11647
11280
7057
6061
8855
11609
4703
11772
11869
9285
3491
4434
10238
11143
3956
10267
9719
9559
11362
5621
10368
9792
8180
5313
7479
10871
6774
10769
10926
8718
5383
9384
10583
9796
1640
11188
11318
10346
10352
5551
10568
10287
7184
4255
8076
11255
5237
10782
10482
8883
4197
8588
10633
10893
4103
11685
10417
11189
9295
5662
11223
10598
7508
5876
5463
11257
3640
11944
10989
8947
6587
10427
10570
11342
8615
11581
9568
11097
7477
8412
12133
11388
9976
8126
5755
8400
8027
10511
11824
11001
8051
11125
10939
10462
8738
10872
12812
11719
8474
7547
10629
11076
7106
7028
4360
9701
2873
10605
11273
9465
5459
11847
11842
10743
8680
10626
11676
12259
9580
8922
11595
12321
10462
8137
8536
11171
8447
12115
11439
12437
7774
12179
12720
11859
6712
10593
12203
11683
9792
6155
11486
12346
9859
9260
9397
11180
5315
12131
11935
12288
4157
9826
11384
12205
10481
12203
10940
12181
9710
8692
12084
12328
10540
9719
8154
9221
3701
9754
11939
11265
4409
12090
10609
11229
10784
11941
12149
10750
11364
8861
12702
12828
9896
10569
6865
10825
5599
11797
11927
12084
8590
11791
12708
11783
10027
10552
12249
10824
8633
7239
12250
10981
9444
8585
8263
9190
8327
12556
11984
11207
4844
10984
12782
12172
8497
12391
11002
12159
11132
10319
12375
12082
9088
7109
10483
12105
7315
11900
11667
10084
5461
10245
11640
10621
5408
11571
7893
10086
10616
1723
12157
10696
8037
3383
10278
11260
2068
11857
11353
9219
6219
7584
12006
10683
6908
11659
10006
11306
11793
8122
12172
10142
10457
5125
8700
10077
5137
11694
12107
8960
5302
10255
11282
11782
8513
11538
9759
10950
8850
5818
12010
11074
8882
9032
5534
9480
7398
12152
12230
10279
6280
11356
12196
10696
7433
10842
10650
12254
8915
10293
12693
10364
8977
7722
7416
9882
6232
11789
11354
8898
4817
11110
12999
11783
10004
11624
11544
12447
9323
9318
12585
9870
10655
9656
10442
10037
7773
11163
11938
10938
5563
11245
12582
10489
11214
11681
12162
11889
9889
7354
12164
12629
9859
10559
4854
10788
5864
12386
11309
10552
6685
10144
11970
11443
10221
12518
11889
12445
11006
9352
12360
11997
10936
9192
8747
11050
9514
12460
12142
12182
5107
11785
12275
11832
11306
12173
11793
12319
11423
10908
12243
12565
11507
11402
5992
11449
6100
12653
12778
11807
7166
11585
11951
12083
11481
12863
12390
11249
10791
9339
11924
11240
11591
10761
10368
10716
10585
11465
12518
12547
7908
12799
12600
11430
11531
12124
12640
12407
11546
7177
11383
11491
9908
11169
10198
12037
8935
12166
12102
11110
5534
11993
12556
12124
10749
11792
11307
11621
12156
10080
11756
9907
11147
7450
9986
12151
9940
12076
11613
10134
3103
11180
12219
11247
8577
11616
11348
11688
11722
9857
12250
12284
10924
9484
10498
12597
9108
12026
11138
9189
4876
10984
12302
12034
10096
11276
11691
12499
11609
10240
10461
10366
10652
11033
10617
12061
7060
12288
12178
10227
6822
11383
12049
10882
11766
11985
12501
12247
11107
10566
12255
11904
11786
9897
9139
10779
9767
12429
12814
10076
6650
11780
12199
11875
8285
11827
11145
12138
11164
10595
12012
11382
9367
9960
8090
9780
8986
11605
11620
11889
7049
11950
12163
11025
10890
12110
11781
11598
9859
11043
11626
11267
11118
9936
9610
9821
9883
11867
12091
11614
6486
11658
12553
11036
10238
12595
12310
12365
10365
10716
12762
12223
11063
10253
10583
12126
8471
11086
12526
10950
7760
11311
12631
10347
11332
12784
12950
12658
12537
10709
12534
11763
10896
11502
9796
12718
9710
12018
12038
11080
8527
12371
12292
12474
11061
12532
12337
12617
12830
11209
13042
12231
12294
10941
8462
12711
8679
12603
11744
12507
8943
12652
12361
12408
11632
12453
12868
13188
12222
9919
12907
11018
11843
10498
10356
10783
9404
12103
12711
11645
8202
12797
13208
12273
10944
12364
12594
12771
11819
10575
12854
12656
11885
9699
11305
12047
9193
12459
12414
11828
9337
12308
12629
12601
11616
12440
11818
12273
10033
11030
12863
12837
12224
11163
11517
11972
10263
12385
12804
12540
9055
12603
12249
12459
12103
12510
13101
12655
10694
11690
12591
12022
12501
11579
11357
11280
10599
12682
12512
11818
7890
12078
11758
11921
10204
11282
12513
11714
10835
10956
12226
12125
12772
11304
10933
12073
11330
12984
12919
11812
8124
13024
13117
12329
11904
12831
12760
13111
12612
11465
12490
12520
12279
11424
10222
11894
11563
12769
13023
11551
9798
13285
12756
12257
12229
12713
13184
13056
10837
11325
12527
12166
11390
10360
10887
12526
10179
12897
12651
12127
8202
12932
13228
12172
11397
12714
12203
12782
12229
10527
12196
12297
11276
9362
11583
11899
10273
12699
11957
11925
6596
12702
12459
12451
11030
12317
11449
12263
11745
11039
12857
12414
11918
9576
10227
12544
9614
12263
11597
9843
5660
12041
12723
10465
9257
12400
10284
12632
11928
10265
11456
11769
11189
9036
9180
11387
7527
11372
10601
9281
5052
10114
10272
11168
9126
10759
9485
11330
9088
8360
12335
12104
10840
7666
10765
11425
8088
11238
11637
10185
3171
11236
11246
12071
8932
12323
11671
11690
11277
9623
11577
10919
10723
8186
10674
12174
10033
11997
11219
10407
5289
11121
12228
11704
10126
11732
12206
12422
11094
11398
12587
12037
11593
8664
10931
12250
10393
12403
12796
9695
6467
10295
11469
11841
8653
12210
11190
11867
11470
10322
12259
11407
10522
8820
11292
12326
9994
12702
12379
11919
7461
12343
12864
12304
11454
11902
12523
12313
11900
10288
12823
11297
10715
10655
10597
12749
10428
13133
12718
12197
9126
12893
13243
12941
11997
12520
12918
13245
12004
10690
13161
12536
11493
10227
9958
11706
9738
11972
11561
12040
7758
12121
12602
11528
11671
11914
12667
13050
10783
11390
12874
12596
12641
10990
10545
12459
10072
12996
13355
11703
8241
13136
13069
12278
11778
11972
13141
12313
11940
10000
12556
12894
12058
10545
11394
12271
9023
12025
12883
11885
8873
12192
13068
12486
10986
13230
12225
12745
10664
10657
12337
12934
10361
9286
11704
12555
9739
12832
12249
12042
7646
12739
13113
12431
11940
12876
12495
12893
12714
12092
13144
12415
11608
9608
11175
12806
10891
12785
13101
12081
8113
13056
13297
12502
11816
12457
13109
12793
12403
12130
13191
12829
12444
10256
11762
13208
10742
12161
13147
12657
7336
13183
13257
12576
11101
12521
13018
13397
12598
12563
13429
12908
12033
10854
11857
12432
8848
13071
13144
12883
9345
13070
13430
12887
11911
13120
12072
12906
10801
11893
13148
13211
11940
10985
12611
11966
11232
12453
13171
12526
9822
12770
13150
12848
12424
12664
12926
13192
10785
11298
12462
12581
11797
10274
11427
11314
9839
12832
12475
11899
8750
13159
12953
11481
10736
13042
13001
12772
10116
10632
13213
11992
12294
10546
11292
11064
10213
11879
12347
12158
8307
13065
13282
12474
11901
12788
12473
12979
12531
12095
13039
12316
11900
10268
12184
12787
10409
13226
12513
12144
8148
12728
13285
12668
11986
11981
12482
12908
12890
12462
13335
12996
12870
10499
11840
13140
11761
13269
13200
12151
9379
13104
13278
12626
11969
13034
12870
13390
12743
11036
13283
11986
12136
11180
11629
12154
9069
12003
12889
12590
7393
13170
12955
13134
12322
13235
11799
12948
12594
9688
13236
12572
11348
9847
11977
12828
10783
12609
12241
11246
8818
12601
12566
12599
12228
12732
12673
13230
11851
11578
12177
13077
12114
10316
11640
12498
10371
12369
11871
9304
6691
12330
13013
11454
11533
11793
12977
13064
11151
12010
13036
12382
12997
11431
11023
12070
10877
12747
13041
11413
9378
12054
13081
11671
11010
12739
12741
12574
12125
11427
12859
11824
11599
10406
10776
12381
11030
12067
12598
10755
7774
12473
12568
12277
10627
12457
12659
12296
11889
10883
12751
12018
11800
8865
10338
12952
11531
12879
13025
11128
6767
12760
13011
12668
9741
12297
10888
12725
12145
11130
13269
11716
12322
8819
10807
12672
10957
12266
12513
11906
8572
12935
12814
12622
10915
12749
12369
12979
12313
11226
12745
12403
11900
9061
10891
12000
11168
12965
12702
11953
6740
12673
13003
12520
11407
12675
12352
13073
12699
11317
13043
12080
11912
10982
10874
11632
11373
12276
12045
11652
7085
11979
11765
11195
7621
11953
11577
12336
11912
10182
12943
12760
11901
10374
10942
11806
11299
13015
11915
11578
6736
12747
12960
12657
11195
12525
12263
12780
12207
12138
13133
12565
12583
9388
11381
12951
11453
12968
12791
12273
7841
13041
13024
12220
11985
12946
12613
12955
12882
11871
13111
12569
12420
9469
11345
12537
9868
12669
12174
11620
8843
12910
12784
12507
11567
12547
12536
11684
12332
11722
12813
12340
11361
10766
11990
12125
10216
12860
12889
11820
8923
12667
12787
12426
11402
12984
12371
12835
11468
11072
12866
12323
11484
9907
9968
11883
10390
12087
12271
11959
9397
11820
12882
12548
11518
12719
12597
13001
11705
10362
12857
12618
11382
8276
11201
12724
9640
12910
12608
10584
7095
11391
12758
12797
10202
12614
12380
12624
11982
10642
12814
12567
11878
9554
11834
12578
10518
13053
12808
11624
8807
13049
12916
12627
12051
12920
12366
13116
12837
11048
13052
12531
11997
10313
11480
12339
11050
12799
12888
11972
8059
12430
13285
12817
11849
12937
12198
12569
12220
11247
13056
12394
11551
10579
11385
12070
10887
12411
12466
11478
9665
13047
12664
12556
11835
13025
12798
13236
11695
10227
13167
12563
11821
9040
12548
11634
10841
13024
13080
11762
6561
12683
12795
12982
11228
12340
12400
12937
12211
9785
12950
12173
12114
10334
12169
13089
11281
13057
12788
11740
9273
12118
12990
12605
10634
12657
12639
12679
12426
10655
12786
12747
11871
9851
10962
12964
11290
12948
13058
12069
9457
12355
12741
12426
10676
12533
12843
13104
11891
9620
13099
12239
10458
9512
12003
12369
11079
12994
12662
11724
8897
12623
12881
12605
11084
12769
12889
12557
12065
11680
12618
12658
12432
10083
11939
13069
10487
12613
12684
12031
9466
12039
13078
12893
11596
12501
12530
13063
12276
11758
13279
12739
12209
11324
12001
12103
11111
13153
13128
12196
10475
13275
13062
12716
11738
13105
12988
13106
11786
12456
12840
12826
12492
11409
12062
12309
12013
12532
13157
11738
8837
12848
13040
12421
11540
12908
12813
13205
12373
11468
12974
12965
12836
10305
11203
12280
11551
12397
13301
11447
9364
12729
12532
12668
12151
12567
13121
13397
11333
12098
12664
13128
12725
11579
11629
10267
11524
12447
12911
12207
9525
13138
12792
12654
11671
12821
13334
12806
11649
10992
12465
12643
12150
11695
11757
12194
11502
12161
12329
12018
9935
12799
12583
12440
12083
12752
13100
13031
10924
12402
12517
12798
12180
11443
12030
12426
11000
12591
12985
12654
8792
13092
13181
12303
11879
11735
13030
13052
11664
12175
12966
12339
12831
11244
12147
12502
11581
12957
13082
12136
8807
13228
13311
12072
12229
12507
13255
13193
11333
12274
13157
13257
12760
10803
11943
11774
10702
12847
13130
12274
9960
13011
13459
12835
12370
13110
12972
13238
12602
12142
12869
12805
12509
11869
12268
13067
11384
12983
12985
12628
10118
13318
12711
12245
12555
12383
12673
13156
12143
11980
12583
12835
12054
10860
12264
12528
9992
12908
13299
12765
10193
13048
12876
12430
11974
13104
13168
13121
11530
11600
12930
13077
12882
11575
11873
12371
11267
12894
12942
12793
10618
13432
12808
12999
12256
12754
13047
12854
11117
11772
13166
13163
11901
12022
12610
12005
11649
12370
12433
12733
9793
12621
13212
12793
12302
12967
13261
13360
11673
11666
13301
13263
13057
11892
12097
12854
11287
12644
13376
12430
9929
13143
13264
12555
12732
13138
13246
12609
12523
12350
13074
12848
13087
11819
11531
13114
11694
13286
13272
12468
10294
12559
13474
12481
12318
12824
12592
12902
12379
11756
12651
12899
12062
11286
11226
12375
11370
12762
13013
12546
9741
13443
13369
12935
12628
13160
13513
12892
12486
12196
13202
12755
12943
11866
11624
12894
11507
12947
12775
12984
10153
13290
13197
12776
12626
13051
12531
13237
11855
12298
13333
12673
12853
12317
11821
12285
10981
12367
12408
11835
9824
13078
12650
12511
12367
12972
12478
12930
12715
11622
12916
11864
12698
10874
10789
12566
11928
13051
13085
11503
10106
13070
12784
11695
12014
13181
12978
13198
12309
12437
12819
12764
12973
11566
11321
11997
11262
12357
13272
12267
10609
12658
13110
12343
12087
12381
12247
12867
12536
11062
12862
12805
12235
11334
12422
12956
11444
13053
13150
12286
10496
13020
13449
13043
12126
12906
12893
13590
12176
12481
12857
12615
12985
11633
12054
12137
10692
12105
12795
12107
10720
12898
12066
12503
12446
12934
12783
12541
11965
11337
13139
12388
12737
11092
12338
12570
11632
12688
13284
12386
10390
12751
13112
12995
12196
12637
12790
13381
13028
12145
12287
12861
12367
11288
12272
11635
11436
12423
13187
12054
9211
12356
12528
12582
10868
12688
12044
11852
10949
9793
11766
12516
10595
11238
11908
11932
10570
11754
12753
12769
9501
12965
12989
12102
12120
12326
13011
13064
10003
12103
13189
12854
12648
11897
11378
11883
11185
12401
12883
12570
10150
12991
11764
12927
12114
12787
12828
13059
11896
10995
13274
12980
12058
11185
11589
11877
9940
13009
11889
12233
10100
12781
13049
12909
12104
12585
12896
12572
11690
11554
12963
12813
11795
10466
11903
12192
10473
12855
13357
12522
10346
13114
13069
12802
12304
12780
12247
13109
12592
11885
13265
12829
12813
10824
12173
12723
10264
13249
12786
11671
10212
12971
12837
12349
11327
12946
12388
13419
12495
11953
12842
12649
12665
11681
12567
13313
9926
13385
13555
12526
10262
12893
13460
12595
12040
13179
13012
13251
12920
12177
13574
13025
12065
10946
12233
13177
11506
13245
13563
12585
10223
13324
13522
13255
12314
13283
13003
13522
12942
12280
13790
12397
12756
10419
12303
13275
11378
13432
13146
12594
9674
12757
13540
12994
11158
12615
12514
13371
12671
10703
13172
12958
12527
11183
12389
13319
11752
12784
13120
12125
10006
12817
13510
12841
12281
13074
12180
13021
11804
10609
12905
13253
12882
11961
12472
12162
10992
12736
12488
12408
10555
13069
13098
12315
11533
12762
12396
13008
12747
12175
12920
12834
12663
10808
12614
12498
11539
12723
12892
11471
9149
12949
13096
12847
12349
12929
12627
12608
13052
12169
13122
12343
12501
11636
12178
12830
11525
12849
12802
12334
9876
12641
13260
12695
11977
13083
12524
13272
12586
12310
13541
12793
12870
11349
11728
12397
11449
13276
13284
12639
9914
13424
13141
12577
12372
12478
12202
13143
12117
11262
12919
12737
11722
10162
11975
12903
11552
13297
13206
12674
10311
13246
13272
12598
12199
13176
13077
13273
11498
12303
13538
12584
12825
11582
11529
12255
11048
12332
12665
12260
9625
12323
12275
12261
12351
12986
13210
12219
12904
11774
13156
12330
12818
11662
11947
13005
11744
12765
13086
12110
9701
13309
13251
12865
11732
12944
12606
13343
12222
11857
13262
12872
12116
10337
11507
12907
11866
12917
13140
11031
7297
12702
13163
12056
11847
12664
12550
13257
12352
12399
13087
12406
12569
10187
11996
12864
11750
13226
13123
11645
7814
12426
12950
12596
11479
13084
12719
13400
12444
11351
12732
13071
13062
11227
11579
13120
11145
12845
12377
11748
8301
13164
12766
12810
12181
11713
12848
12992
12820
11483
13063
11981
12216
10322
12605
13318
11615
13309
13216
11751
9537
13265
13301
12923
12143
12734
12776
13410
12931
12373
13281
12797
12162
10674
11528
13109
11779
13346
13499
12347
8958
13582
12953
12423
11909
12474
12770
13102
11141
11470
12738
12442
11918
11055
11589
12682
10894
12782
12388
11811
8777
12471
12786
12482
11852
12907
12788
12549
11937
11443
12816
12689
11908
10452
11323
11025
10583
10007
11878
11777
8719
11934
12885
12584
11307
12365
12108
10853
9617
9881
12257
12544
10545
9733
10506
9184
7845
9611
11637
10381
8938
10985
12024
12208
9507
11869
12007
10976
9112
9118
11946
12533
10592
6460
11283
12297
9522
12081
10608
11381
9171
10298
10551
12213
8857
10431
11292
11485
11755
10123
12151
12200
11174
8155
10205
11497
9250
11340
11369
11418
8867
12249
12412
12373
11050
11884
12044
11868
11583
11839
12760
12330
12311
10145
11415
12839
10572
13039
12756
11078
9370
12946
12881
12585
12503
12961
12978
13145
12600
12212
13201
13070
12072
10117
11857
13058
11676
13250
12850
11266
9725
11882
12970
12823
10918
12744
12723
13062
12789
11441
13353
12834
12003
8436
11988
13079
10801
13129
12736
11585
9381
12594
13264
12776
10490
12942
12743
13028
12263
12329
13200
12719
12814
11501
11868
12526
11925
12807
12948
12630
10371
13423
13506
13276
12575
13087
13219
12869
12754
12389
13322
13306
13011
11865
12998
12967
11622
13065
13166
12628
9711
13068
13309
12844
11258
12652
12955
12912
12397
11986
13054
12563
12745
10927
12079
12689
11615
13003
12943
12432
10164
13331
13297
13380
11447
13105
13262
13459
11332
12380
13478
13303
13024
10955
12472
13387
11889
13330
13137
11883
9827
12614
13554
12481
12064
13085
12804
13412
12577
12304
13467
12526
12528
10412
11973
12890
11621
13135
13365
12267
9739
12229
13512
12510
12004
12923
12551
13359
12714
12306
13683
13305
12811
11177
11753
12956
11856
13441
13338
12673
10402
13296
13388
12274
12452
12868
12950
12936
12801
12493
13472
13347
12757
11463
11626
12142
11777
12662
13536
12365
10590
12954
13438
13055
11683
12638
12751
13248
11711
11976
12911
12376
12710
11198
12453
12286
11091
11620
12914
11727
9558
13277
13143
12261
11678
12385
13210
13312
12210
11900
13551
12702
12451
11389
12348
13161
11600
13282
13261
12411
10390
13108
13424
13045
12201
13117
13165
13514
12241
11964
13561
13046
12526
11961
11963
12838
11877
12458
13212
12239
9306
12147
12526
12203
12561
12946
12534
12755
10132
11881
12936
12886
11492
11063
11657
11118
10152
12078
12766
11692
8888
12696
12616
12593
12202
13466
12963
12455
11678
11644
12519
12682
12151
10763
10962
11116
10713
13059
12797
12373
10500
12527
13054
12379
11817
11953
12247
12558
12387
12251
13187
12704
12255
11403
12226
12787
10907
11873
12029
11801
8879
12101
12722
12061
11119
12900
11463
13057
11732
10525
12670
12624
12147
10685
12188
11998
11213
12643
12609
10584
8771
13440
12805
12072
12249
12909
12279
12922
11475
12230
13046
12374
12759
10389
11919
11572
10865
12966
12815
11814
10563
13112
12790
12890
12123
13128
12590
13242
12855
12554
13438
12841
12954
11112
11475
12538
11585
12573
13052
11229
10263
13119
13320
12490
12161
11841
12875
13226
12050
12484
12821
12519
12809
11233
11838
12713
11457
12865
13311
12342
9982
13347
13672
12995
12084
13110
13106
13244
12657
12223
13238
12639
12705
11198
11965
12644
11537
12757
12429
11986
10289
12944
13315
12883
11494
12974
12703
13527
11636
12288
13524
12803
12922
11703
11499
13064
11821
13352
13606
12719
10763
13452
13397
12849
12594
13136
13184
13520
12355
12253
13394
13153
12657
11093
11847
12236
11636
12618
13236
12310
10517
12806
12824
12408
12198
13335
12846
13407
11914
12396
13341
13317
12067
11377
11930
13166
11472
13350
13380
12258
11410
13324
13441
12949
11167
13075
13058
13396
12278
12422
13621
13389
12477
11255
11392
13054
11708
12874
13121
11733
10554
12632
13080
12483
12378
12620
11825
12802
11661
11959
13301
13256
12388
11787
11992
13088
10997
13282
13250
12131
10538
12970
13340
13180
12462
13271
13157
13310
12705
11856
13291
13143
12329
11644
12522
12620
12154
12529
13491
12526
9949
12831
13580
12942
12262
13226
13107
13365
12920
12523
13106
12818
12866
11622
12245
13314
11683
13364
13159
11852
9858
12186
13428
12905
11712
12780
12935
13220
12127
12001
13002
12596
13007
11692
11727
13171
11785
12906
13240
12421
9761
13088
13370
12684
12181
12812
12662
13182
12840
12196
13213
12581
12567
11227
11886
12987
11877
13260
13107
12191
9861
12865
13025
12973
11096
13283
12897
12653
12839
12036
13612
12820
13014
11316
11680
12363
11677
12068
13064
12462
9364
13374
13241
12019
11936
12650
13175
12871
11344
11634
13256
12507
12620
11033
12665
12647
11849
13166
13243
11548
10487
13111
13354
12966
11653
12605
12289
12631
12963
11325
13298
12733
12454
10098
12695
13005
11535
12963
13140
11368
10298
12972
13147
12629
12010
13048
12794
12676
12669
11865
13029
12108
12727
11594
12623
13119
11977
13066
13285
12249
10290
12825
13431
12901
12348
12780
13018
13481
12708
12506
13534
12578
12897
11139
12106
12995
11855
12636
13403
12624
10290
13134
13772
13193
12232
13063
12607
13487
12825
11905
13536
13021
12286
11078
12299
12879
10924
13405
13624
12894
9650
13294
13459
12980
12312
13579
13129
13358
12583
12133
13441
13242
12958
10531
12399
12911
11981
13142
13320
12054
10453
12942
13555
12978
12597
13032
13173
13512
12258
12733
13416
12895
12539
11899
12242
12504
12154
13110
13262
12512
10390
13374
13347
12855
12562
13189
13422
13410
13013
12419
13500
13340
12945
11347
12192
12799
11391
12967
13129
12358
10721
12957
13430
12969
11893
13300
13171
13487
12997
12073
13666
13215
13155
11925
12214
13009
12050
13357
13412
12488
10388
13059
13425
13030
11812
13108
12670
13088
12610
12269
13096
12840
12939
11660
11914
12663
12048
13006
12786
12329
8208
12911
12248
11961
12248
12791
13062
13168
11489
10945
12714
12179
11904
9924
11007
10927
10510
11705
12293
12237
8598
12599
12287
11754
11692
12438
12723
13032
11978
11163
13041
12595
12535
10759
12086
12655
11796
12770
12904
12132
8390
13071
13233
12432
12038
12839
12350
12839
12425
11137
12817
12595
12575
11119
12058
12594
11814
12387
12952
11087
8961
11699
13185
11523
11664
12744
12952
13450
12047
10370
13092
11463
12357
10040
11158
12705
10664
11498
13341
11643
8846
13276
11581
11508
11790
11582
12762
11552
10932
11107
13107
12928
12683
10888
11352
11551
11111
12797
12312
11849
10630
13287
13173
12338
11508
12214
12630
13128
11347
10427
12445
12049
12084
10439
11927
12766
11309
12417
12864
10528
7876
12289
12540
12208
12034
12751
12436
12608
11863
11604
12954
12992
12194
10244
12235
12888
10929
12600
13228
11037
10235
12660
13626
12887
11948
12992
12777
13281
11852
11755
13232
13008
12410
11076
12337
13052
11563
13053
13371
11667
10627
13283
13512
13166
11878
13163
12959
13676
12252
12803
13240
12892
12905
10673
11943
12773
11307
12623
12698
11288
9568
13451
12420
11471
12077
12694
12361
13265
12532
12092
12805
13032
12408
11703
11678
12787
11523
13124
13006
12347
9418
13177
13539
12866
11223
12886
12821
13068
12747
12132
13206
12392
12577
11068
12605
12755
11825
12900
13346
12367
10539
13214
12927
12784
12463
12998
13108
13383
12289
11827
13186
13125
13079
11605
12047
12214
11996
12940
13213
12331
9812
13370
13345
12435
12134
13237
13142
13326
12644
12416
13201
13502
12951
11967
12082
13059
12016
13023
13535
12253
10527
13171
13625
12450
11634
13416
13006
13274
12760
11980
13612
13565
12893
11686
12531
12776
11084
13423
13320
11957
10714
13318
13451
13036
12384
12877
13140
13123
11546
10572
13191
13375
12447
11324
12385
12876
11544
12770
12709
12204
10706
12969
12278
12720
12379
12506
12620
12648
12871
11806
13224
12989
12853
11319
12330
12925
10514
13111
12974
12388
10211
13016
13411
12853
12372
13309
13353
13358
12867
11072
13294
12955
12700
11569
11768
12593
11028
12990
13095
12195
10652
13175
13495
13191
11632
12647
13161
12936
12707
11760
13143
13225
12898
10861
12410
13222
11972
13266
13320
11504
10169
12225
13382
12578
10765
12902
12825
13058
12412
10852
13134
12784
12079
9968
12239
13074
11622
13247
13278
11574
10104
13269
13540
12785
11106
12877
12772
13264
12979
12134
13064
12941
12369
11153
12508
12606
11857
12574
13312
11574
9749
12554
12861
12787
11537
12713
12465
12653
12810
12118
13485
13094
12716
11019
12434
12235
11232
12965
12949
12005
9328
13124
12915
12852
10984
11912
12698
12793
12239
12023
12794
12472
12713
10545
12684
13063
11633
13061
13149
11557
10196
13069
13375
12170
11252
13322
13136
13268
12042
12320
13537
13008
12921
9849
12352
12700
12112
13115
13132
11555
9676
12358
13164
12311
12114
12598
11516
12984
12722
11144
12976
12311
12303
10795
11595
12553
11113
11808
12861
11336
9272
12954
12834
12774
10856
12747
12383
12779
11249
11466
13149
12582
12779
11134
12281
12350
11767
12484
13281
11923
10041
12787
13419
12031
11203
13083
12509
12795
12060
11070
12642
13374
11873
9436
11966
12927
11411
13081
13463
10906
8058
12495
13229
12780
10511
13002
12840
13105
11156
11595
12231
12107
10302
11599
11626
12470
10923
12517
12462
11392
10139
12473
13131
12731
12102
12847
12930
13189
12533
11458
13290
12418
12237
11641
12432
12421
10990
12402
13403
11866
10435
12538
12225
12744
12134
12917
13008
11833
11078
11696
12776
11639
11960
11102
11845
12289
8818
12551
12563
11531
10634
12605
12818
12525
12133
11592
12272
12615
12267
9364
12535
12058
12133
10996
12040
12741
10575
12727
12525
12274
9906
12383
13148
12560
12407
13090
12615
12989
11826
11051
12594
13333
12467
11373
11724
11833
10100
11215
12834
13195
10199
12685
13084
11885
11677
13072
11853
13169
12728
11946
13141
12255
12271
10046
12278
12781
11194
12777
12322
11169
9741
12893
12781
12515
12168
12620
12387
12692
12623
11608
12965
12752
12930
10616
11089
12151
10714
12549
12169
10679
8750
13255
12526
12642
11562
13151
13103
13144
12429
12352
12693
12682
12887
11023
11342
12705
11751
12742
13252
11812
7995
13411
13376
12239
12193
12811
12932
13140
12607
12161
13016
12569
12820
10806
11234
12623
12033
12907
13382
11076
9841
12894
13428
12763
11491
12867
12779
13312
12589
11504
12605
13056
12504
11454
12136
12719
11146
12682
13125
12075
9990
12683
13069
12701
11923
12806
12601
12976
11856
12270
13113
12949
12582
11617
11645
12685
10337
12932
12996
11566
10077
13171
13511
12433
12162
12741
12870
13405
12651
11751
12621
12325
12878
10700
12091
12634
11293
12624
12818
11838
9462
12931
13237
12558
11203
13296
12930
13075
12105
12228
12977
13134
12342
10069
12281
12239
11920
13022
13512
11967
10747
12967
13446
13045
12228
13229
13315
13285
11955
12317
13029
13230
12630
11766
11231
11863
11079
12524
13362
12630
9389
13188
13491
12868
11972
13105
13157
13540
12906
11197
13348
13536
12557
12116
12198
13254
12071
13169
13377
12644
9453
13196
13202
12707
12291
13268
13294
13641
12334
12100
13186
13094
12001
9790
12108
11867
11371
12163
12384
12019
8455
13007
12367
12321
12115
12138
12448
12673
12923
12363
12205
12801
12275
11394
11794
12857
9791
12462
12915
12757
10079
12685
12547
12678
12755
12542
12569
12767
12621
12387
12986
12907
12727
11802
11970
12995
11142
13097
13380
12176
10480
13266
13489
12769
12199
12856
13281
13406
12915
12248
13195
12950
12909
11635
11958
12295
11711
13107
13170
12385
10530
12703
12598
12982
11531
12977
12453
13099
12771
12711
12727
12673
12286
10700
11529
12764
11983
12629
13121
9880
9728
13308
13224
11138
11447
12611
12786
13074
13034
12066
12474
12710
12725
10377
12010
12835
11908
12895
13005
10975
9967
12809
13042
12774
10550
11514
13160
13157
13010
11486
13254
13094
12381
11089
12202
13321
11919
13060
12641
11303
10545
12683
13029
12251
10813
13185
11654
12810
12964
11329
13132
13059
12282
10999
12638
13081
11564
13089
13026
11575
10554
13445
13491
12940
12021
13089
13071
13479
12721
12588
13617
13609
12885
11568
11967
11745
11700
12654
13378
12604
10338
13500
13695
12579
12339
13127
13103
13400
12159
12198
13378
13663
12897
11413
12440
13271
11601
13038
13681
11718
10503
13168
13282
12629
11892
11856
13129
13462
11755
12142
13312
13249
12378
10962
12135
13395
10337
13058
13404
11135
10994
13092
13464
12976
11664
13193
13172
11898
12611
10890
13373
13209
12067
11104
12337
13190
11589
13007
12917
11178
10478
13171
13403
12696
11451
13215
13162
13408
12942
12350
13608
13487
12992
11113
12612
13419
11667
13267
13653
12212
10402
13239
13369
13080
11878
13024
13317
13499
12263
12434
13551
12665
12757
9315
11890
12136
11700
13129
13403
11866
9645
12991
13400
12905
10442
12769
13082
13228
12216
12429
13418
13010
13098
8977
12215
13282
12084
13338
12918
10269
7860
13318
13023
12543
11198
12795
11911
13300
12828
11193
12735
11270
12472
10263
12044
13083
11441
13268
13272
11623
10027
12710
13453
12583
11714
13286
13116
12695
13133
12042
13444
13156
12609
9894
12420
13306
11827
13116
13362
11375
10948
11945
13378
13189
10874
13441
12430
13454
12082
12271
12959
13487
12314
10642
12244
13052
12082
13245
13554
11393
10823
13348
13596
13096
11776
13484
13227
13410
12657
12157
13397
13056
12805
10484
12752
12368
10777
12441
13238
12478
10973
12925
13338
12867
11514
13147
13190
13142
12863
12063
13314
12913
12000
11152
12323
13128
11857
13280
13368
11648
10533
12878
13246
13058
12446
12995
12862
13177
12771
12340
12983
12962
12468
10787
11606
13044
12003
12855
12995
12302
10246
12822
13326
12903
12084
12741
12920
13307
13054
12328
13162
12994
12695
10518
