-3583
-1496
-5485
1463
3963
440
-4662
1341
-1470
4869
-7201
4254
2684
6055
-5546
-2085
1116
3654
-4085
-2133
-3072
-5170
-5094
-1895
408
221
-6673
-1086
1213
2624
1152
3758
1930
5984
609
-10296
397
933
5306
-3487
-3109
1998
-3079
-1656
4254
-2456
-7922
1483
6849
6027
-3531
5094
3318
4641
4111
-3151
7541
3796
1210
-8737
662
2546
-795
5249
7250
1375
-3128
1303
6019
7561
-1234
3219
5351
5501
4512
-2927
6578
7705
4120
-7476
3309
7468
-3779
9348
3732
2776
-3492
4578
7155
5865
-210
5064
5852
6296
6540
-2918
7643
4024
676
-1160
3016
5745
-2702
8829
6492
9775
-458
4860
7481
11811
1569
10608
7895
5232
6212
-956
12272
10796
1885
-633
8497
4664
-3195
10256
8235
3888
438
5587
8475
7937
3648
10825
7372
11493
7726
5388
11496
10909
6417
602
8698
6921
2986
9170
10125
8955
-1794
8376
8572
9246
3885
12052
10447
8388
6743
4596
10079
10255
4318
4118
4831
5840
-736
7909
5642
10377
1869
8253
9785
8600
7271
9640
10285
7784
3105
285
10717
10976
3059
7848
6561
7848
139
8382
10029
11015
2893
9568
10221
10931
7668
11841
11882
10358
7520
4889
11323
9952
9243
7458
6817
9428
921
10461
11603
8285
1251
8473
11295
9151
3035
11663
10590
6394
7595
2092
11256
11836
5788
7564
7316
11061
5079
10859
10901
9549
-686
10458
11799
10586
8017
9526
11466
11905
8303
6203
10557
11868
6532
5556
6085
10296
1866
9984
11917
11066
2096
11016
12353
11442
5275
12195
10917
12419
9588
8759
12145
12303
8592
5143
8737
9816
4412
11086
12207
12896
413
11776
12346
11868
7681
12043
12345
12697
9766
3259
12685
12822
9093
4403
9540
10896
619
11618
11269
12404
1992
12314
12179
12254
9008
13001
12655
12781
10814
2344
12241
12965
9400
6172
4142
10543
2386
11435
11625
10841
1928
8941
10717
11740
7086
12396
12297
13579
10434
8019
12674
12442
9966
7086
7946
11436
-1390
11362
12754
11044
789
12364
10244
11709
8151
12942
12245
12246
10494
6961
12703
12065
8141
4753
7954
11055
6599
12330
12887
12206
2503
9343
12867
12615
9011
11255
10524
13153
11245
7556
12367
11236
8349
7256
10124
11890
-336
12040
12451
9656
2809
12096
12127
12325
7742
11882
11991
12328
11429
5151
13278
13061
9833
4344
9575
12376
4368
12738
11986
11719
4704
10779
13194
10879
10878
12608
12575
13322
11640
7686
13219
11499
10397
4762
10137
11750
4707
11725
12628
12016
-682
10916
12834
12489
4912
11988
11830
11055
9502
4569
13031
12223
9047
4434
9077
12004
4312
11322
11251
11616
446
11945
11795
10178
8322
11026
12399
12297
11047
6263
12841
10795
11293
8665
11376
11395
4081
12161
11273
11663
2967
10577
12445
12018
9168
13029
12227
13442
11554
5222
13499
13015
8866
7365
10505
10202
7928
12031
12162
10957
1229
12749
11063
12206
9868
12963
11776
11733
11386
8654
13318
13126
9551
9671
9336
11580
6624
12668
11679
12315
3105
12823
12970
12621
10040
13152
13228
13273
11061
8224
13116
12897
8642
9989
10419
12300
6082
12724
12852
12043
5433
11987
11941
12353
11453
13114
12314
11521
8763
8337
13267
12849
7868
7879
5635
10836
-1347
12164
12929
11786
3502
12232
11679
12708
8843
12606
11296
12372
8557
3542
13001
13014
8291
6609
11064
10479
6991
10936
11404
12773
2991
12076
13007
11461
11092
9080
11841
11171
12183
9608
13021
12629
9580
9517
10212
12395
3459
12845
12402
12020
3719
12668
12605
12214
9848
11903
12669
12316
10443
7977
13143
12054
10551
9741
8587
11233
3316
12378
12964
12527
4090
10112
12396
11090
9569
12148
12662
11949
11039
8383
11641
12546
10099
7371
8851
10542
-1400
10883
11561
11641
4825
11721
12504
10473
9968
12829
13151
12338
10287
9439
12946
12445
9229
10294
8551
11424
681
11132
10996
11678
917
10504
12805
11788
9449
10068
11040
11554
9309
8943
12384
11158
11839
5945
5997
10424
1439
12076
11653
11448
-971
10981
12647
10216
7111
11018
9802
9513
7486
4470
11964
11187
6183
489
7258
12472
4579
12449
11064
7608
-220
9445
12572
9285
4164
12492
10867
9467
12438
6287
12985
11758
7876
1651
9713
12073
2659
11783
9671
8225
554
5807
10549
10839
6961
12988
10740
11659
11705
6675
12461
11667
8301
2850
9363
11930
5830
12901
12202
9181
3555
10975
11901
11716
9114
10053
11903
12016
10650
4989
12575
12457
11023
3577
6161
12080
6349
11751
10742
9935
4177
10263
12420
9701
8292
11947
11334
12184
11333
9307
12826
12343
8168
7631
10452
10855
1917
11873
11194
11908
3495
8771
11428
12256
6950
10961
9750
8853
10891
3897
10485
10358
9563
8991
8341
11438
1633
11754
11933
11579
8166
11854
9776
10597
9469
10438
11328
12524
9607
7330
12154
12001
10047
9129
8893
11365
4349
11206
10856
10461
5544
11186
12450
10308
10361
12283
12707
12196
10457
8944
12379
11632
8180
9678
10634
10880
5444
11123
12568
11272
8144
11571
12830
11257
9494
12139
12132
11715
11146
9024
12460
12398
9815
7791
9171
11229
1004
11975
12153
11811
6310
8997
11713
11746
9448
12367
12919
11860
10442
8882
12035
11821
8724
8036
8307
11718
558
11968
10774
10677
4823
10691
11494
10520
2296
12457
12151
12218
10676
8997
12382
11403
9139
7430
7021
8254
7221
12061
10431
9711
8034
9522
10823
9169
7404
10048
10367
9117
6493
3549
8574
8830
6982
8064
5298
6536
2730
4702
5102
8845
6558
7634
8732
9623
9727
9662
10132
9047
6189
5263
8548
9709
7682
8891
3993
9751
2031
8008
10763
8620
2565
7547
10434
3151
4672
5970
4966
2848
5440
1962
6505
8392
5751
7669
7152
7423
2901
9989
11473
10313
5378
9687
10144
8709
8470
8028
10413
9847
8875
7726
10225
10798
9569
8935
8075
9873
6871
10311
11081
11279
6647
10851
12053
10092
8935
11265
12361
10211
10198
8703
11125
11963
10422
9673
7713
10684
7094
11315
12279
11042
7799
12502
11855
10483
10357
11573
12092
12913
9588
7279
11272
11875
9153
10027
7866
9725
4363
10467
11940
11031
6219
11734
11403
9565
10332
10776
12648
11448
7019
5742
10481
11051
9727
10502
6254
9223
2559
10074
8273
11012
6871
8778
9620
8962
9512
9354
11524
10096
7536
6312
10942
12017
6524
9537
7965
9858
2038
11403
11073
12175
9343
10348
11906
10495
10572
11467
12158
11718
9595
8153
11307
10862
9256
9940
4033
9346
4891
9559
10966
11351
7962
12117
12385
10013
11341
10486
11868
12386
9967
9230
11743
12041
10535
10500
8919
11587
4199
11650
10777
12312
8816
11488
9559
10408
10086
11508
11307
11087
8854
4987
11648
12201
7891
9150
7265
7364
7151
10070
9063
10854
8315
9730
9472
10968
9740
9605
11482
9037
7144
6980
11005
11758
9210
9810
8582
5963
2137
7600
9877
11465
7787
9327
10739
10995
10389
11804
12247
11361
10246
8718
12035
12540
11821
9895
10384
10727
4797
11418
11912
10936
7996
12331
10839
11757
10049
11492
12197
11774
8115
9856
12640
12502
9616
9441
10266
10485
3903
10060
10837
11703
7539
9450
11126
10161
9245
11455
11180
9725
9999
9303
12898
10693
11019
10427
10853
8979
6047
10513
11887
11790
9465
11713
11711
11189
11612
12295
12655
11688
10182
9060
12226
12268
9769
10481
9814
9572
5910
9983
11136
10940
5961
11739
11729
10767
10901
12462
12781
12442
7458
7612
12434
11180
9940
11013
9089
7284
7848
11054
10785
11040
6498
12109
11395
12386
11504
11392
11926
11707
9626
10021
11810
11594
10021
9485
10046
9004
204
10658
9356
10256
5059
11404
10318
12363
9504
11615
11269
9172
7793
5906
11416
12407
9812
10982
9057
9057
4424
11217
11711
11327
7743
10310
9026
12012
10965
12336
11561
10743
8516
8700
11335
11876
11008
10901
9334
8976
4572
9597
10906
11930
4091
11246
10877
9496
11461
11878
11764
11722
9468
6317
11789
12420
9149
10698
7975
10298
3316
10529
10511
12093
6833
11194
10306
12133
11125
11133
12806
10565
7600
9432
12703
11643
9012
9789
6902
9759
1794
11257
11919
11043
7700
12640
10999
10756
9580
10187
11503
11476
8663
9364
10946
10713
9492
9299
8880
10138
2648
8450
10859
10022
4259
9987
8142
8592
9693
9913
10660
10959
10395
9491
11893
9847
10753
9201
7902
10468
5203
9774
9564
10304
4269
9066
10973
9426
9189
9354
10056
11241
8585
7763
10478
10854
8510
9192
7507
9915
4864
8925
10192
9705
5369
10471
10536
10257
8857
8495
11437
11398
8946
9266
12042
10785
9452
7280
7690
9469
2339
11300
9849
9518
4849
10602
11712
10889
9626
11992
11372
10606
8980
7157
11188
10398
9781
9286
5872
8742
5995
8921
9906
10519
7446
10756
10500
10826
10994
10732
12163
11629
7371
9105
11171
12024
10842
10518
8749
7922
5691
8238
9653
9150
2064
9420
8506
9660
8817
11060
11100
10772
9479
7603
12157
11521
9925
10497
7564
11524
6964
11855
12446
11084
3677
12072
12915
9897
8093
10211
10086
11394
10659
10468
11794
10524
10695
7071
7354
11604
7759
11423
12788
11502
7286
11112
12697
10246
9020
11922
11476
12054
11168
7375
12534
12671
10905
9844
7924
10507
5963
11301
11799
5297
6950
9705
12968
11783
9350
10382
11454
12901
11329
7524
12870
12372
8269
9551
9223
11471
2642
11503
11779
12138
8359
10125
11517
10520
7634
10799
12495
11851
11267
5706
11684
11762
8535
5447
7960
11979
6433
11213
10832
9374
6304
10654
10994
9570
7489
9688
9778
11149
11591
9015
10262
11877
9816
6226
9016
11425
6859
12471
11810
9049
5184
9768
12033
11668
9675
11946
11897
11757
10899
6949
12323
12526
10264
10411
9281
11463
4365
11500
12297
11612
2711
12018
12407
10744
9186
11479
12786
12500
12151
10564
13272
12854
11288
8483
7771
11722
8193
12599
11851
10919
9488
12325
13227
12108
8280
12389
12314
12108
11313
9063
13148
13089
9918
10710
8410
12499
7838
12824
12400
12491
8060
11922
13292
11771
9877
12119
12410
12980
12080
9006
12984
13065
9337
9492
8234
12965
6032
10821
12075
12217
5458
10542
11999
11413
9639
12050
12353
12136
12084
9446
11534
13126
11111
7908
8825
11543
7643
11128
12666
10600
9392
10893
12951
11515
11188
11473
12627
13054
11891
10768
13132
12473
10518
8817
7185
11370
7180
12030
11955
11559
6735
11652
11950
11761
10014
12910
12030
11958
12371
8443
12480
12224
9858
8892
12057
12887
6129
12574
11712
12601
7005
11895
12337
12626
10985
12928
13099
12339
12421
10542
13654
12987
10579
10116
10300
12587
7382
12704
12135
11661
6935
12153
12925
11987
10824
12724
13050
12508
12488
9459
12557
13427
10602
9650
11946
12789
7095
13465
12786
12495
8776
11965
13291
12893
11845
13508
13046
11718
10703
10745
13435
13435
11429
10903
11555
12498
7410
12975
12499
12056
8465
11188
12332
12867
11927
12857
13003
12300
12402
9789
11962
12460
8805
10455
9532
9936
8610
11591
12422
11382
9071
11185
11813
11329
11283
11021
11752
11849
10758
8117
12554
13255
10168
10867
10079
11529
8047
12129
12270
12083
8621
11514
12773
11090
11130
12436
12273
11875
11000
9694
12878
13165
11033
10567
10821
12041
8513
12908
12795
13129
7947
11753
12693
12465
12439
13272
12874
12579
11449
11643
12858
13216
9744
9930
9820
12343
7562
12786
11929
12185
7859
12640
13076
12145
10635
12917
12343
13023
12325
10832
13106
13345
10238
9955
10951
12471
8003
12758
12297
12354
10091
12913
13351
12336
11554
13409
12661
13054
11775
11457
13459
13575
12669
10801
11935
12487
9653
12815
13127
12624
6748
12922
12932
12988
11685
11865
12990
13433
12774
10226
13004
13464
11061
9229
10861
13062
8587
13136
12851
12211
9416
13074
13387
12041
11751
12890
13151
13492
12547
11258
12978
13764
12521
9216
11121
13179
9968
13700
12370
11863
5949
13413
13077
12432
10345
12951
12729
13489
12707
10956
13459
13311
11504
10145
11981
12362
8852
13432
13052
13043
8056
12715
13363
13419
12340
13376
13749
13725
11227
10702
13904
13849
11884
11128
9844
11929
10630
13134
13203
12719
8302
13024
13811
11611
11422
13518
13600
13715
11656
10844
13404
13432
11730
9348
10764
12801
9871
11606
13322
12984
9853
13063
13378
13443
12542
13534
13693
12404
11859
9096
13764
13081
11344
10789
11401
12150
8676
13250
13214
11654
9204
13178
13178
13087
11243
12651
13590
13197
12152
11548
13348
13188
11378
8874
11295
12307
8353
13333
12511
12813
8978
12860
13472
12563
11793
13294
13409
13471
12723
9723
13753
13724
12491
10103
11842
12794
8753
13266
12797
12451
9174
12625
13129
12614
10029
12762
12571
12399
12386
11283
12700
11498
11573
9548
10892
13044
5207
12532
12119
12893
8524
11644
11772
12207
10378
13844
12612
13380
12236
10324
13493
13564
10929
9229
10712
12414
5933
12837
11841
13386
11175
12707
12420
12610
10192
13283
13177
13418
12476
8628
13504
13021
10651
10821
11491
12424
7544
12271
12628
12789
9539
11111
13050
12685
10530
12667
12880
12536
12479
10133
13477
13558
10832
9986
10662
12290
5741
12522
13154
13053
9932
12647
13353
12371
11850
12941
13273
13000
12467
11070
13403
13383
11832
10951
10811
12429
8717
12028
13059
13056
10770
12571
13248
12905
11898
13339
12949
13506
12240
11464
13649
13783
10586
11409
10624
12736
8561
12333
12093
13456
9498
13266
13336
12830
12143
13357
13431
13210
11890
11383
13012
13861
11489
11139
10966
12112
10018
13010
13399
12040
8247
12254
13547
11756
11902
12531
13690
13715
12525
10530
13670
13476
11335
10883
10533
12342
8493
12884
12350
13068
7002
13184
12956
12090
11721
12584
12764
13029
12406
10979
13327
13007
10964
11298
12297
12167
9023
12417
12613
11769
7626
12763
13306
12000
11856
12551
12418
13420
12194
10092
13395
12765
11689
10936
9919
12108
9562
12537
12838
11129
8970
11991
13207
12752
11097
13068
13365
12628
11396
11464
13041
13086
10976
10417
11012
12448
10193
12834
13296
10909
9352
11879
13268
13151
10518
12928
11889
12212
12380
11038
13183
13520
11718
10885
11057
12887
10590
13281
12974
13028
8092
12918
13285
12897
11336
12593
12961
13258
12766
11449
12910
12983
11973
10613
6754
12862
9837
12279
13061
12031
7134
12955
13436
13115
12165
12481
11931
12609
12337
11213
13290
13450
11948
10833
10453
12682
7634
12905
12892
12883
7609
12579
13295
12048
11746
13089
13391
13201
12394
11143
13213
12993
11535
11266
11116
12845
8842
13209
13352
13141
7473
12697
13112
12172
12569
13036
13158
13541
12453
10875
13021
13400
11923
10958
9005
12563
8618
12758
13004
13175
6397
13001
13467
12589
12239
13011
13507
13662
11965
10883
13461
13038
12367
11291
9918
12771
10482
13285
13185
13261
7039
12225
13296
12971
12117
13156
13100
13087
11909
11458
13479
13162
11942
12201
11333
12163
9361
13194
11838
12325
7440
12863
13217
12313
12205
12009
12674
13048
12287
12265
13011
12887
11171
11778
9307
12675
9698
13014
12994
13122
6065
11453
13189
12869
11907
13423
12817
12785
11777
11664
12967
12018
11872
10881
11469
12595
10411
13165
12811
12732
7407
11142
13307
12843
12164
13182
13046
13292
11887
11554
13048
13305
12292
12064
11627
12406
9455
13238
13108
12669
9056
12344
12882
12635
12323
12930
13208
12781
12067
10677
12880
13083
11105
11570
9208
12687
9373
12833
13028
12277
7732
12308
13269
12974
12527
12756
13672
13085
11727
11911
13269
12602
11523
11184
8403
12298
9409
12487
13800
12264
5182
12984
12569
13065
12540
12235
13131
13432
11560
11293
13489
13228
11872
11683
10354
12374
9543
11856
12270
12390
7100
12527
13217
12400
11925
12471
12730
13131
11790
11658
13129
13215
12370
10655
6850
12107
8318
13145
13182
11949
3086
12777
13296
12734
11715
12881
13106
13045
10616
11508
13300
12455
11774
11238
11056
6893
8604
9402
12467
11369
4033
11815
11559
12446
11952
12328
11948
10913
9850
11665
11355
11388
11496
9490
10852
10384
9167
9397
13068
12129
6022
12765
9445
11131
11910
11866
12579
11235
10213
9117
12405
12829
9459
10403
11361
9455
2537
11686
9547
11998
5908
10601
10719
10285
8668
10558
12354
11708
8409
9383
11456
13007
10372
9905
9505
6969
9203
10540
12616
11229
5848
11866
11779
10103
11091
10968
10352
11153
6155
10667
11257
11650
10226
9561
9472
7520
4913
10417
12070
11282
7085
11647
11800
11415
11584
12772
12351
12251
8631
10828
12653
12962
11478
11326
11891
11715
5545
12561
12781
12841
9789
12599
12669
13163
11803
13258
12830
13076
12015
11193
13418
13198
11699
10783
11370
11847
8525
12946
13045
12734
9237
12315
13276
12966
12038
13256
13565
13459
12103
11759
13417
13308
11395
11524
11792
12073
8050
12322
12807
13097
7726
12644
11992
12909
11860
12726
13108
12760
11188
10169
12851
12739
12120
11280
11263
12231
8918
13139
13039
12611
8261
12439
12917
12769
12055
12722
12973
13090
12454
11043
13193
13147
12235
10518
12068
12830
10432
12997
13230
11342
6977
12529
12855
12768
12189
13428
13186
12971
12562
11819
13410
13308
11858
10476
11093
12820
9738
12999
13496
11522
8792
12426
13442
12424
12256
12990
13503
13291
11723
11462
12886
13541
12308
11225
11488
11234
8473
13122
13112
12782
8716
13180
13249
13304
12453
13640
13313
12957
11513
10105
13076
13251
10785
11387
11938
12576
10152
12287
13144
12754
7883
12726
13344
12920
11945
12095
13141
13258
11634
11753
13298
13292
11907
11546
11526
11328
9379
12386
12820
12890
8948
12773
13009
13231
12325
12780
13133
13012
10737
9915
12596
13280
11431
11298
11647
12403
7913
12739
11898
12816
9328
12697
12852
13391
11896
13428
13241
12675
10034
10951
12912
13223
10982
10986
11749
12548
7661
13035
12548
12277
8104
12494
13362
13084
12211
12674
12406
13126
12487
12062
13441
13287
11845
10953
11506
12318
9029
13215
13228
12210
9773
12622
13259
13476
12488
13326
13476
13160
12225
11532
13410
13574
12116
11812
12076
12647
10930
13112
13151
12730
10084
12733
13416
12777
12370
13413
13222
13219
12699
11304
13507
13266
12585
11483
12163
13096
9482
13533
13391
13024
9123
12976
13465
13231
11956
13332
13260
13308
12514
11398
13156
12441
12343
10818
12509
12321
8928
13073
13198
12372
10274
12860
12914
13177
11568
13404
13064
12395
11110
11807
13286
13002
11740
11595
12207
12242
9508
13027
13019
12842
9287
13068
12672
13300
12276
13154
13514
13076
11714
11208
13192
12980
12413
11551
11998
12508
10673
12996
12199
12298
9188
12559
12840
13417
12257
13298
13003
12619
11833
10340
13399
13521
11685
10315
11790
12110
8420
12395
13009
13093
10404
12978
12655
12977
11930
13106
12913
13438
12887
11850
13510
13344
12109
10671
10382
12779
11324
13229
13215
12126
8952
12768
13231
13081
11451
13147
13237
13337
12717
11562
13716
13454
12773
10973
12097
13020
11554
13037
13316
13117
8435
13058
13585
13031
12009
12771
13614
13558
12968
10579
13435
13496
12293
11339
12088
13241
10318
13373
13454
12788
8326
12993
13233
13098
12352
13491
13364
13361
12329
11987
13558
13584
12823
11059
12118
13008
10893
13096
13251
12784
10607
12695
13311
13451
12086
13434
13325
13183
12560
11833
13217
13456
12650
10269
12715
12993
11424
13408
13390
12506
8805
12746
13549
13080
12481
12708
13430
13555
12909
11932
13411
13385
11472
11275
11627
12328
10249
12978
12935
12778
7782
12264
12840
12519
11220
12273
13240
13258
11934
11057
13269
12529
11095
10190
10726
12799
10130
12981
13227
12903
7182
12868
13488
13156
11811
13516
13082
13390
12451
11559
13495
13327
11970
11512
12220
13062
9547
13299
13307
12874
8653
12875
13402
13362
11768
12602
13386
13371
12131
10680
13014
13342
12412
10521
10411
12004
9184
12774
12198
12395
10113
12644
11637
12964
12045
11903
12645
12617
11124
11732
12719
13007
12129
11019
10762
11701
9836
12406
12376
12411
10518
12218
12796
13088
11813
13128
12826
12812
11393
11489
13098
13065
11522
11629
12626
13034
10237
13176
13130
12679
9774
12670
13054
13172
12027
13274
13338
13434
12043
10758
13361
13221
12758
11655
12729
12926
10387
13326
13196
12472
8816
12913
13532
12763
12209
13303
13078
13171
12635
11546
13347
13349
12575
11020
11520
12476
9968
13496
13290
12836
9431
13082
13509
12739
12227
13373
13265
13077
12868
10591
13403
13292
12279
11833
12672
12957
10573
13360
13356
12993
8188
12750
13374
12772
12293
13279
13363
13360
12670
12151
13589
13319
11962
10850
12101
12894
10729
13343
13218
12355
8583
12949
13558
12679
11480
13079
13461
13358
12608
12011
13484
13250
12037
11013
11798
12655
8746
12904
12818
11855
9009
12385
12961
13232
11213
13310
13113
13011
12342
10436
13414
13390
12210
11684
11638
12714
10076
13025
13088
12452
8682
12390
13190
13272
11829
13157
13280
13047
12668
11775
13528
13615
11776
11739
12323
13160
7295
12542
13113
12770
9564
12323
12582
13482
11819
13476
13392
13407
12457
11035
13304
13350
12603
10816
10668
13117
9638
13175
13255
12791
7515
12978
13103
12627
10795
12869
12706
12667
12435
10935
13171
13356
10479
9624
11441
12874
9910
12980
13111
12737
8533
12881
13356
12698
12075
13161
13080
13449
12870
11665
13122
13510
12433
10842
10196
12804
11159
13227
13482
12621
8704
12511
13448
13007
11455
13245
13156
13475
12822
11460
13512
13209
12815
10771
11017
12823
11404
12932
13347
12862
7938
12909
13534
13283
11830
12956
13411
13453
12716
11904
12797
12877
12699
9970
12200
12747
11112
12777
13307
12557
6940
12112
13341
13476
12221
13266
12519
13299
12216
11307
13216
12661
11916
11236
10592
12291
11766
13017
13303
12878
8502
13073
13326
13268
11783
13207
13171
13525
12399
11936
13388
13494
12660
10310
12094
13284
11030
13113
13172
12621
6380
12685
13608
11878
11691
11831
13325
13504
12289
11692
13270
13044
12397
11358
10255
12772
10533
12859
13577
12855
5800
13078
13602
12976
11997
13188
13256
13317
12136
11756
13413
13542
12815
10480
11003
12681
10843
13004
13215
12584
7055
12870
13273
12456
11465
13284
12954
13320
12285
11303
13541
13255
12928
10320
11743
13103
9268
13171
13152
12329
9475
12887
13306
13006
11789
13328
12763
13216
12001
11775
13138
12679
12600
11275
11581
12627
10341
13251
13079
12636
8310
12683
13333
13023
11406
13345
13335
13629
12873
11836
13383
13611
12601
11179
10939
12902
9153
12799
13394
13001
8271
12683
13441
12931
12179
12699
13577
13663
12618
12086
13485
13003
11596
10843
11183
12332
9567
13067
13432
12664
9043
12561
13350
12680
11352
13316
13150
13503
12272
11830
13183
13134
12431
10667
10810
12407
10729
12963
13589
12629
-4845
12987
13210
12529
11579
13010
13036
13443
12446
11793
12958
13106
11611
10879
11193
12645
9825
13099
13245
12248
7876
12890
12892
13091
12364
13060
13498
13416
12088
11715
13443
13478
12484
11856
10046
12952
10052
12462
13284
12773
6137
12827
13135
13123
12520
12800
13021
12719
12182
11575
13454
13305
9696
11628
11000
12695
11123
12721
13138
12947
8170
12873
13397
12553
12403
12936
13101
13426
12042
11522
13231
13413
12622
11750
10997
12740
10670
12712
12998
12319
8983
12866
12470
12441
11536
12947
13286
12637
12712
12161
12885
13099
12052
11643
11600
12229
10464
12865
13606
12915
8442
12662
13539
12473
12197
13151
13048
13341
12918
11873
13129
13126
11731
11256
11874
12876
10266
13106
12971
13073
9980
12839
13345
13016
12403
12870
13156
13034
12420
11528
13253
12798
11911
11621
11351
12858
8600
12640
13179
12664
10603
12171
13254
12526
11906
12108
12557
12835
11515
9441
12695
12711
11709
11265
10077
12103
9076
11563
12113
11332
8548
12042
12914
12561
10846
12614
13007
12614
11039
11331
12562
12511
12092
11733
11376
11949
8358
12390
12601
12736
9562
12234
12433
12807
11356
12870
11638
12848
11986
10227
12999
13060
11358
11313
11747
12033
8293
12706
13008
12643
10527
12063
12943
13010
11472
13067
12790
12985
11784
11385
13126
11940
11653
10640
10261
12296
6717
12920
12537
11382
8878
12544
12663
12765
11469
12909
12611
12956
11707
11590
13000
13013
11193
10720
10151
11513
9051
12780
12998
12691
8668
12116
13047
12987
11073
12796
12559
13017
11792
10953
12940
13026
10531
11359
10751
11870
10067
12444
12736
12340
8708
12503
12864
12837
10741
12874
13418
13016
11235
11271
13020
13122
10684
11631
10580
12008
7278
12513
12653
12540
5442
12006
12774
12732
11403
12615
12522
12828
11003
11506
12626
12718
11083
11112
10728
12029
4217
12561
12627
11778
9468
11118
11745
12739
9433
12532
12268
11627
7207
11695
12242
12385
11470
10760
11009
12079
4798
12823
12311
11718
9971
12498
12727
12876
10609
12700
12826
12863
10890
11263
12869
13000
10660
10729
11405
11817
8580
12850
12677
12465
10263
11972
12680
12711
11979
12714
12638
12531
5633
11128
12915
12756
10666
11305
10685
12658
8239
12953
12807
12529
9569
12743
13136
13042
12329
12979
12919
12796
11539
11595
12941
12970
12118
10628
11021
12172
9802
12790
13195
12607
9277
11637
13210
12918
11692
13015
12603
13111
11775
12106
12691
13019
12516
10635
12044
12258
9720
12903
12499
12648
10760
12194
12781
12852
11995
12855
12790
13145
11173
11694
12949
13040
11832
11282
12004
12190
6626
12851
13126
12071
10418
11735
12768
12791
11377
12514
12663
12630
11663
11686
12835
12460
11180
11418
11817
11902
7466
12772
12879
12763
8156
12474
12736
12351
12154
12795
12848
13076
8820
11796
12977
12787
11644
11235
11641
12427
8141
12937
13020
12601
10663
12128
12915
12733
11962
13115
12948
12972
12172
12119
13137
13037
10091
9935
11546
11536
7911
12577
12317
10907
10989
10774
13136
12953
10988
13075
12277
12828
11763
11399
13008
12855
10752
10688
11757
11566
3228
12279
12372
12437
9766
12017
11497
12295
11281
12813
12609
12829
10488
10780
13155
12396
10783
10609
10827
11653
7439
12550
12617
11859
9038
12033
12843
12140
10928
12700
12727
12587
11226
10067
12665
12633
11484
10935
10750
11634
10139
12281
12778
12391
10395
11949
12707
12007
11241
12640
12331
12419
11901
11097
12532
12937
11901
11452
11921
12245
11151
12874
12917
12497
9154
11861
12909
13170
10976
12943
12347
12684
11670
11698
12916
12879
11543
10987
11924
11698
9817
12558
12823
12225
10130
11685
12645
13043
11217
12839
12906
12809
11887
11176
13066
12295
10932
10707
12112
11965
9318
12867
12654
12305
10415
12104
13171
13115
11186
12888
12565
12707
12166
11046
13037
12842
11859
11304
11932
12228
10529
12486
13085
12795
10108
12814
13022
13292
11347
13377
12963
13271
11188
11020
12854
13175
12412
10431
11427
13220
10334
12468
13133
12419
9115
11972
13290
13244
11352
12892
12176
12305
11754
11401
13073
12524
11531
10711
10553
12276
10888
12941
12871
12788
8849
12270
13125
13080
11534
13103
13082
13027
12428
11460
12878
12354
12051
11770
12275
12352
9762
12409
12438
11048
8808
11261
12822
11725
10337
12736
12784
12527
11806
7215
12821
12985
9306
10213
11631
12209
4280
12995
12210
12555
-645
10821
12545
12686
10488
11981
12104
12665
11787
10955
12663
12419
11659
10698
12005
12279
10110
12170
12598
12307
10140
12610
12848
13029
11579
13209
12306
12586
11697
11126
13102
12849
10028
10986
10684
11149
6742
12792
12568
12385
8440
11728
12967
13197
11633
13241
12586
12752
12005
10319
13027
13211
11395
11341
11690
12142
7555
12430
12704
12494
8504
12160
12922
12972
11643
12916
12445
12882
11703
10515
12986
13068
12018
10668
11173
12793
9187
12743
12963
12531
7577
12112
13049
13032
12224
12979
12836
13121
12667
11804
13106
12958
12505
12078
10548
13074
11189
12785
13013
12557
7835
12911
12794
12668
10888
13066
12501
13410
12292
10757
13388
12813
12463
11504
11532
11843
11653
12593
12920
12490
9250
12285
12714
12651
12230
13205
12883
13019
12233
11379
13363
13008
11440
11245
12124
12354
11273
12687
12724
12479
10510
12920
13046
12548
11673
13114
12718
12852
11804
12093
13124
13127
12495
11083
11277
12683
11014
12713
12864
12661
8334
12640
12952
12826
11843
12898
12060
12889
12200
11792
13169
12916
12820
11636
11485
12232
9091
12730
13055
12434
9781
12384
12887
12613
10786
12758
12933
13205
12375
11669
12930
13011
12667
11852
11438
12456
11627
12938
12689
12586
10364
12633
12904
12935
11949
12674
12920
13028
12295
11045
12930
12959
12066
11978
11987
12627
10995
12593
12979
12928
10068
12335
13061
12848
11633
12872
12874
13057
11757
11272
12941
13167
12750
11429
11815
11681
10233
12485
12844
12854
8272
12332
12852
12991
11446
13096
12412
12361
11298
11338
12696
12832
11631
10876
10712
12448
8909
13174
12904
12303
10232
12720
13278
12872
12344
12853
12863
13009
12396
11490
13141
12912
11871
10851
11536
12374
9683
13005
12939
12968
10446
12832
13040
12684
11831
12960
12857
12823
11815
12167
12963
12402
11923
11372
12286
12857
11650
12508
12813
12655
10766
12600
12884
13171
11569
13194
12950
12951
12166
12199
13190
13015
12344
11529
11683
12583
10459
13141
13047
12633
6950
12092
13309
12008
11963
13203
12695
12912
12401
12071
13252
13095
12366
11132
12244
12810
10977
13202
12639
12069
8130
12688
12904
11741
12250
12601
13176
13183
12401
11431
13299
12915
12157
11788
12841
12763
11312
13181
13505
12096
9820
12799
13164
12784
11866
13272
12903
13199
12934
12144
13425
13293
12435
11699
12670
12330
11383
13229
13238
12829
10875
12766
13135
13101
11878
13225
12907
13341
12566
12273
13265
13472
12796
11645
12404
13068
11724
13065
13309
12986
9147
13051
13233
13138
12201
13377
13084
13238
12492
12557
13500
12895
12802
11780
12593
12818
12048
13448
13361
13069
8846
13015
13500
12932
11892
13185
13103
13585
12775
12329
13401
13381
12944
11448
12176
13359
11863
13124
13498
13026
9426
12628
13307
12764
12287
12908
13178
13418
12114
12196
13558
13316
12874
11432
12622
12484
11769
13402
13221
12912
9392
13202
13373
13128
12156
13270
12951
13419
12196
12366
13206
13065
12452
11782
12013
12356
11718
13080
13046
12410
7968
12850
13358
13282
12045
13484
13060
12897
12515
12227
13579
13395
12860
11908
12760
12821
12024
12937
13067
12520
10038
12388
13465
12931
11971
13169
12659
13072
12468
11174
12686
12998
13137
11239
12299
12849
10009
13187
13003
12680
9277
12786
13098
13029
12229
12850
12944
12874
11098
10338
12175
12965
12837
11711
11458
12650
11349
12648
13131
12862
9511
13025
13200
13034
12222
13065
12918
12895
12418
12345
13181
13217
12690
11594
12465
12804
11898
12995
13094
12554
7960
12600
13231
13398
11627
12776
13379
13252
11928
11573
12753
12243
11399
11398
12342
12624
10893
13100
12920
11850
9035
11045
13079
13230
10809
13559
13180
13323
11904
12116
13168
13003
12219
10773
12097
12544
10961
12641
12620
12906
7279
12361
12858
13333
11360
13549
13079
13023
11663
11455
12998
13165
12337
11165
12627
13027
11705
13184
13327
12505
10716
11612
13202
13114
11320
12732
13010
13478
12590
10827
13253
13481
11503
11637
12709
12707
10842
13177
13145
12616
8345
12781
13069
12777
11684
12932
13025
12650
12183
11790
12909
12823
12380
11522
11843
12646
11305
13003
12952
12553
8801
12620
12979
13346
11582
13266
12810
13373
12303
12046
13055
12941
11946
11485
