-28752.0
-22597.0
-25636.0
-19173.0
-21094.0
-28641.0
-29463.0
-25051.0
-23080.0
-24788.0
-34557.0
-20226.0
-16254.0
-18249.0
-18728.0
-29284.0
-22116.0
-14476.0
-23586.0
-28247.0
-21191.0
-15764.0
-16873.0
-27098.0
-27651.0
-36419.0
-23454.0
-22346.0
-28272.0
-28992.0
-31072.0
-30558.0
-24822.0
-22292.0
-24075.0
-9459.0
-25020.0
-22777.0
-18542.0
-23168.0
-24421.0
-13899.0
-20463.0
-23693.0
-23587.0
-23698.0
-22076.0
-18757.0
-20325.0
-17668.0
-17569.0
-18129.0
-29982.0
-17666.0
-20050.0
-20434.0
-26450.0
-19557.0
-17339.0
-23360.0
-30045.0
-14534.0
-21530.0
-23926.0
-21092.0
-30122.0
-16048.0
-19829.0
-21003.0
-31146.0
-29758.0
-13551.0
-22766.0
-16821.0
-26224.0
-16683.0
-23420.0
-20060.0
-17759.0
-24261.0
-20445.0
-21731.0
-22931.0
-22052.0
-12032.0
-17655.0
-21321.0
-19407.0
-21882.0
-18367.0
-15991.0
-11078.0
-28685.0
-18201.0
-20342.0
-21981.0
-23103.0
-22166.0
-14715.0
-30793.0
-20193.0
-18973.0
-34496.0
-16981.0
-21771.0
-15099.0
-21798.0
-15225.0
-15063.0
-18927.0
-19170.0
-18986.0
-18976.0
-25307.0
-17395.0
-33515.0
-21432.0
-27286.0
-21889.0
-24971.0
-29332.0
-29727.0
-21493.0
-24281.0
-10487.0
-30537.0
-24533.0
-18102.0
-30258.0
-29697.0
-20865.0
-27247.0
-19491.0
-21459.0
-15554.0
-20011.0
-26324.0
-21006.0
-19314.0
-17636.0
-19948.0
-17339.0
-25240.0
-22554.0
-12660.0
-10466.0
-12412.0
-19675.0
-15861.0
-21316.0
-18338.0
-20514.0
-25862.0
-17194.0
-19333.0
-30634.0
-13306.0
-25645.0
-14087.0
-14220.0
-18921.0
-15197.0
-17684.0
-16746.0
-23668.0
-16445.0
-16625.0
-15015.0
-18957.0
-19299.0
-20355.0
-16929.0
-21403.0
-21702.0
-14115.0
-22312.0
-22993.0
-17300.0
-27640.0
-16345.0
-21262.0
-22321.0
-27489.0
-14709.0
-10905.0
-16938.0
-16900.0
-16635.0
-12422.0
-12423.0
-18498.0
-17931.0
-25375.0
-20020.0
-11205.0
-11963.0
-19738.0
-25896.0
-16726.0
-20428.0
-19208.0
-22643.0
-21006.0
-14421.0
-24313.0
-13439.0
-27315.0
-22515.0
-19576.0
-17053.0
-24320.0
-12534.0
-15011.0
-11834.0
-27794.0
-26271.0
-10471.0
-12874.0
-15585.0
-19342.0
-15155.0
-16216.0
-27510.0
-19150.0
-15863.0
-13243.0
-12784.0
-14959.0
-15924.0
-22488.0
-19324.0
-31098.0
-17576.0
-16854.0
-11753.0
-10752.0
-19858.0
-7958.0
-12881.0
-26117.0
-14896.0
-14901.0
-12424.0
-26879.0
-15635.0
-13240.0
-23326.0
-17750.0
-15098.0
-30483.0
-22854.0
-22715.0
-25408.0
-23346.0
-17910.0
-10211.0
-22136.0
-18752.0
-23299.0
-16470.0
-24571.0
-15960.0
-13998.0
-12582.0
-13020.0
-26303.0
-17658.0
-9554.0
-31143.0
-12826.0
-10973.0
-10661.0
-12988.0
-11553.0
-14555.0
-26101.0
-10970.0
-9264.0
-23310.0
-10047.0
-13096.0
-17039.0
-19428.0
-8824.0
-10207.0
-8076.0
-14069.0
-15337.0
-9060.0
-20431.0
-15676.0
-13094.0
-11212.0
-21380.0
-8853.0
-11223.0
-10722.0
-18025.0
-16268.0
-16546.0
-18324.0
-18780.0
-26387.0
-17211.0
-14434.0
-7389.0
-20830.0
-10379.0
-15365.0
-13152.0
-16039.0
-17509.0
-7855.0
-7980.0
-20981.0
-17863.0
-9475.0
-13798.0
-15598.0
-10944.0
-11479.0
-11965.0
-10929.0
-14768.0
-7943.0
-15335.0
-6604.0
-7752.0
-16344.0
-11135.0
-17763.0
-15551.0
-18260.0
-9417.0
-6671.0
-11650.0
-18207.0
-11455.0
-6664.0
-7341.0
-8741.0
-8662.0
-22116.0
-13576.0
-7182.0
-10559.0
-11478.0
-12227.0
-8881.0
-11526.0
-13929.0
-8726.0
-24864.0
-14390.0
-10628.0
-8832.0
-10721.0
-9705.0
-10955.0
-7169.0
-12024.0
-7968.0
-10269.0
-9651.0
-18066.0
-21308.0
-7786.0
-7600.0
-16490.0
-10126.0
-12287.0
-11709.0
-12437.0
-13415.0
-10377.0
-6595.0
-7712.0
-5449.0
-22173.0
-11492.0
-14271.0
-18401.0
-11819.0
-8109.0
-5850.0
-4256.0
-8329.0
-13850.0
-10502.0
-7406.0
-5202.0
-5472.0
-10822.0
-13115.0
-5430.0
-5953.0
-12363.0
-7760.0
-6177.0
-14022.0
-12806.0
-12233.0
-23142.0
-5914.0
-5908.0
-6028.0
-18766.0
-7503.0
-9402.0
-7059.0
-11094.0
-5586.0
-6419.0
-4611.0
-13837.0
-12391.0
-6624.0
-3797.0
-5482.0
-16595.0
-7978.0
-10296.0
-8299.0
-7910.0
-5626.0
-12948.0
-7968.0
-6108.0
-18214.0
-10037.0
-11683.0
-20947.0
-13869.0
-6513.0
-3466.0
-5821.0
-12592.0
-7069.0
-8687.0
-5234.0
-7270.0
-6600.0
-8879.0
-11227.0
-5182.0
-11804.0
-9020.0
-6164.0
-6314.0
-9842.0
-10130.0
-9128.0
-20934.0
-7608.0
-5781.0
-5476.0
-20158.0
-9039.0
-6405.0
-5343.0
-7657.0
-5696.0
-9038.0
-7045.0
-6449.0
-9662.0
-5587.0
-3504.0
-5544.0
-12869.0
-10108.0
-4843.0
-7413.0
-5471.0
-8377.0
-6306.0
-5788.0
-8288.0
-8189.0
-11074.0
-17528.0
-31028.0
-10550.0
-7482.0
-4530.0
-3893.0
-11935.0
-8419.0
-7769.0
-5725.0
-3601.0
-3150.0
-9800.0
-12454.0
-4651.0
-7003.0
-7736.0
-5900.0
-5164.0
-8770.0
-9537.0
-7774.0
-11290.0
-7959.0
-4056.0
-3507.0
-12918.0
-4107.0
-3646.0
-3295.0
-13181.0
-4046.0
-3126.0
-4222.0
-4906.0
-6373.0
-4362.0
-3012.0
-14443.0
-12008.0
-13043.0
-5000.0
-8120.0
-16236.0
-5034.0
-5571.0
-11671.0
-3970.0
-8742.0
-15529.0
-16030.0
-13066.0
-10043.0
-7718.0
-4220.0
-4428.0
-6076.0
-5234.0
-6311.0
-4722.0
-5075.0
-3613.0
-7259.0
-9243.0
-3536.0
-3687.0
-9589.0
-5421.0
-4014.0
-8363.0
-6171.0
-7539.0
-9727.0
-6531.0
-3725.0
-3149.0
-23140.0
-5139.0
-4567.0
-3331.0
-15141.0
-3792.0
-7620.0
-5079.0
-7396.0
-8032.0
-3494.0
-4613.0
-9842.0
-10121.0
-14829.0
-3845.0
-11055.0
-9353.0
-5139.0
-14709.0
-11206.0
-4909.0
-10725.0
-10376.0
-6983.0
-5359.0
-7463.0
-6094.0
-3518.0
-3692.0
-3696.0
-5297.0
-3218.0
-5230.0
-3321.0
-3086.0
-11262.0
-5301.0
-5471.0
-2950.0
-4182.0
-3877.0
-4161.0
-3851.0
-16133.0
-4583.0
-21051.0
-4746.0
-4682.0
-7646.0
-10919.0
-2845.0
-3186.0
-9211.0
-14321.0
-3028.0
-4304.0
-2995.0
-4159.0
-14344.0
-3022.0
-4040.0
-4753.0
-15457.0
-17298.0
-15296.0
-6596.0
-7390.0
-3312.0
-5416.0
-14437.0
-5022.0
-6772.0
-8226.0
-11867.0
-16879.0
-16046.0
-4454.0
-3197.0
-4124.0
-6709.0
-19110.0
-3798.0
-4702.0
-3521.0
-3674.0
-11829.0
-12957.0
-3074.0
-3289.0
-2787.0
-8375.0
-2895.0
-3812.0
-5378.0
-6589.0
-7393.0
-3020.0
-4038.0
-5700.0
-8390.0
-5455.0
-3978.0
-2627.0
-7451.0
-2745.0
-2638.0
-2457.0
-5906.0
-9257.0
-2916.0
-2742.0
-7234.0
-8145.0
-15381.0
-2516.0
-6964.0
-3424.0
-2780.0
-4497.0
-9812.0
-3121.0
-6951.0
-6785.0
-9976.0
-9390.0
-9464.0
-3454.0
-2816.0
-2727.0
-3713.0
-12771.0
-2855.0
-6177.0
-2988.0
-2771.0
-8551.0
-10658.0
-3753.0
-2353.0
-5076.0
-3449.0
-3654.0
-5817.0
-15249.0
-3504.0
-12809.0
-2566.0
-4147.0
-3641.0
-13777.0
-4134.0
-3301.0
-4163.0
-9476.0
-4411.0
-2485.0
-3997.0
-5546.0
-9362.0
-3160.0
-2467.0
-11637.0
-23732.0
-8757.0
-2807.0
-5878.0
-9970.0
-3741.0
-12957.0
-9746.0
-8240.0
-14691.0
-3790.0
-7870.0
-5941.0
-23644.0
-6049.0
-2483.0
-2909.0
-7595.0
-8077.0
-2722.0
-3666.0
-5445.0
-2355.0
-5976.0
-6878.0
-2344.0
-3527.0
-3277.0
-4291.0
-2690.0
-12897.0
-4810.0
-10616.0
-13890.0
-3064.0
-6323.0
-3084.0
-7775.0
-2614.0
-2461.0
-2845.0
-3308.0
-3928.0
-3198.0
-3058.0
-5150.0
-17459.0
-2537.0
-6773.0
-5552.0
-5433.0
-6824.0
-2292.0
-6043.0
-6512.0
-2538.0
-7292.0
-4691.0
-3999.0
-14571.0
-3635.0
-19971.0
-4452.0
-10371.0
-9212.0
-3200.0
-2805.0
-15182.0
-15064.0
-2495.0
-11457.0
-5799.0
-4395.0
-8024.0
-5441.0
-4921.0
-2576.0
-6237.0
-5428.0
-2741.0
-10901.0
-4327.0
-11480.0
-14571.0
-3288.0
-9517.0
-3730.0
-10703.0
-6999.0
-5077.0
-6169.0
-5829.0
-4117.0
-2415.0
-3813.0
-5017.0
-13791.0
-2439.0
-3710.0
-5606.0
-7011.0
-13093.0
-2714.0
-7259.0
-4903.0
-2446.0
-11168.0
-12428.0
-5479.0
-6448.0
-3577.0
-12409.0
-5716.0
-7152.0
-3424.0
-2717.0
-2316.0
-2895.0
-6905.0
-3410.0
-3858.0
-3464.0
-2352.0
-6206.0
-7255.0
-2398.0
-2470.0
-3597.0
-6222.0
-2387.0
-13283.0
-6254.0
-2725.0
-15416.0
-2314.0
-4440.0
-3062.0
-8813.0
-7415.0
-2779.0
-3324.0
-4214.0
-4112.0
-4022.0
-3092.0
-4867.0
-16170.0
-2579.0
-2844.0
-7527.0
-3564.0
-20727.0
-2558.0
-11227.0
-12589.0
-2665.0
-4457.0
-2867.0
-3950.0
-5684.0
-3687.0
-6590.0
-4799.0
-8559.0
-3150.0
-2423.0
-2332.0
-12105.0
-5741.0
-2356.0
-3984.0
-3249.0
-3792.0
-3116.0
-5202.0
-3082.0
-2323.0
-5697.0
-7440.0
-2552.0
-3781.0
-2379.0
-2925.0
-17741.0
-2383.0
-2733.0
-2541.0
-14434.0
-4431.0
-3083.0
-4118.0
-3792.0
-2453.0
-3142.0
-3181.0
-7089.0
-16650.0
-2478.0
-2294.0
-15058.0
-5189.0
-8771.0
-3553.0
-9558.0
-2742.0
-8149.0
-13737.0
-6518.0
-4020.0
-17727.0
-5295.0
-6635.0
-8220.0
-6656.0
-5849.0
-3060.0
-3235.0
-6427.0
-8625.0
-2393.0
-5402.0
-2322.0
-3221.0
-4691.0
-8330.0
-2352.0
-2340.0
-3590.0
-6673.0
-2295.0
-3657.0
-12898.0
-3007.0
-14102.0
-2455.0
-2545.0
-12095.0
-8757.0
-2816.0
-4242.0
-6112.0
-2730.0
-5995.0
-2489.0
-5098.0
-2890.0
-9874.0
-2763.0
-2321.0
-6339.0
-16119.0
-15048.0
-2358.0
-9030.0
-14550.0
-12605.0
-10134.0
-6615.0
-9887.0
-5984.0
-4694.0
-20182.0
-4280.0
-7086.0
-2745.0
-4197.0
-2268.0
-8023.0
-26210.0
-10659.0
-6048.0
-4698.0
-2401.0
-6576.0
-6042.0
-3056.0
-2236.0
-3304.0
-7955.0
-9079.0
-4363.0
-16229.0
-2649.0
-12197.0
-6274.0
-3274.0
-2563.0
-9095.0
-5028.0
-2703.0
-6314.0
-3444.0
-4864.0
-2285.0
-3289.0
-3918.0
-9419.0
-4662.0
-2229.0
-9153.0
-5594.0
-10526.0
-2279.0
-25901.0
-12095.0
-8494.0
-6901.0
-13282.0
-2399.0
-3840.0
-7575.0
-19521.0
-4606.0
-10336.0
-4424.0
-2701.0
-2249.0
-5886.0
-15602.0
-2291.0
-8985.0
-7059.0
-2837.0
-3506.0
-13040.0
-7893.0
-3420.0
-5986.0
-5581.0
-2348.0
-2622.0
-8090.0
-7701.0
-22449.0
-4702.0
-3660.0
-3256.0
-21528.0
-4011.0
-9149.0
-14390.0
-14134.0
-9746.0
-10119.0
-3218.0
-4847.0
-17048.0
-5148.0
-4396.0
-6596.0
-11702.0
-25960.0
-3211.0
-9737.0
-14794.0
-8471.0
-6324.0
-10565.0
-8700.0
-9203.0
-6995.0
-20343.0
-10015.0
-11774.0
-3249.0
-2215.0
-2621.0
-8234.0
-10255.0
-14653.0
-5481.0
-6595.0
-5835.0
-4467.0
-6667.0
-7246.0
-3912.0
-2456.0
-9045.0
-2329.0
-3048.0
-7636.0
-9438.0
-10862.0
-5435.0
-2659.0
-2376.0
-14899.0
-3313.0
-5169.0
-10694.0
-15022.0
-8601.0
-6190.0
-3735.0
-5154.0
-8384.0
-2262.0
-10537.0
-9782.0
-5706.0
-12698.0
-7629.0
-6357.0
-7430.0
-4461.0
-21368.0
-12129.0
-4802.0
-10636.0
-2641.0
-19843.0
-8184.0
-9085.0
-3884.0
-2880.0
-2341.0
-8696.0
-15015.0
-2279.0
-4744.0
-6462.0
-10092.0
-2913.0
-7035.0
-4888.0
-13943.0
-4153.0
-7972.0
-5812.0
-3832.0
-10461.0
-11604.0
-6558.0
-6988.0
-7434.0
-4416.0
-9554.0
-9614.0
-4617.0
-15355.0
-12397.0
-14973.0
-12168.0
-3019.0
-5459.0
-7763.0
-13591.0
-12619.0
-13191.0
-9911.0
-28007.0
-9472.0
-7984.0
-10142.0
-6962.0
-14675.0
-6074.0
-13721.0
-21326.0
-3982.0
-9074.0
-4667.0
-7146.0
-2650.0
-4629.0
-2233.0
-6657.0
-18542.0
-2306.0
-4277.0
-15944.0
-2630.0
-4598.0
-2431.0
-11909.0
-2202.0
-2574.0
-4271.0
-2410.0
-2697.0
-13804.0
-5806.0
-9289.0
-5473.0
-5359.0
-12203.0
-10959.0
-4550.0
-5175.0
-7979.0
-3204.0
-7075.0
-2929.0
-3398.0
-6733.0
-5341.0
-4008.0
-10183.0
-9621.0
-3502.0
-13070.0
-4268.0
-7536.0
-7474.0
-2497.0
-6815.0
-8971.0
-6970.0
-13996.0
-6767.0
-12960.0
-4875.0
-6320.0
-7145.0
-3622.0
-3800.0
-7597.0
-7235.0
-5422.0
-6623.0
-9249.0
-3922.0
-6888.0
-4126.0
-3828.0
-2202.0
-2388.0
-7762.0
-2291.0
-4547.0
-25900.0
-7525.0
-10571.0
-6701.0
-3987.0
-11882.0
-9760.0
-6769.0
-3857.0
-6785.0
-5229.0
-5589.0
-6699.0
-3812.0
-7407.0
-5248.0
-6374.0
-3724.0
-4079.0
-5750.0
-7707.0
-5558.0
-13029.0
-3537.0
-3965.0
-17798.0
-4034.0
-6436.0
-7260.0
-3797.0
-9141.0
-8458.0
-2652.0
-3661.0
-2224.0
-3893.0
-5642.0
-15917.0
-3001.0
-3418.0
-5731.0
-3294.0
-12072.0
-2565.0
-5905.0
-2328.0
-3623.0
-5622.0
-2228.0
-2452.0
-27915.0
-4962.0
-7033.0
-6180.0
-5108.0
-2275.0
-8036.0
-6111.0
-2624.0
-9501.0
-6302.0
-4908.0
-2509.0
-2216.0
-2530.0
-5787.0
-3520.0
-2269.0
-7576.0
-3464.0
-16814.0
-3463.0
-2269.0
-5715.0
-2317.0
-8018.0
-2717.0
-8396.0
-8711.0
-5798.0
-27904.0
-3215.0
-8585.0
-4433.0
-2191.0
-2210.0
-5969.0
-5830.0
-3355.0
-2626.0
-6322.0
-2215.0
-3309.0
-4981.0
-7468.0
-2243.0
-4018.0
-5778.0
-2306.0
-3872.0
-12624.0
-4133.0
-19431.0
-6604.0
-3969.0
-2353.0
-7010.0
-4239.0
-2575.0
-6649.0
-7168.0
-6295.0
-4721.0
-2518.0
-7691.0
-10120.0
-4373.0
-2185.0
-5086.0
-5801.0
-9500.0
-2272.0
-7423.0
-8062.0
-2356.0
-6657.0
-6122.0
-3298.0
-15637.0
-5976.0
-15381.0
-2812.0
-5280.0
-2415.0
-2232.0
-2275.0
-3164.0
-8293.0
-2312.0
-4171.0
-5395.0
-2249.0
-2702.0
-10992.0
-5701.0
-3560.0
-2415.0
-5535.0
-2232.0
-2397.0
-8380.0
-5090.0
-8164.0
-7029.0
-2266.0
-2369.0
-7855.0
-3458.0
-2161.0
-5779.0
-7046.0
-4727.0
-2221.0
-2471.0
-2504.0
-6921.0
-5398.0
-4179.0
-6922.0
-3200.0
-14430.0
-2268.0
-2597.0
-3154.0
-2576.0
-14990.0
-2788.0
-2260.0
-23348.0
-3932.0
-17146.0
-5633.0
-2403.0
-2709.0
-2213.0
-2447.0
-2952.0
-6537.0
-3772.0
-3090.0
-6783.0
-2200.0
-5455.0
-2571.0
-6492.0
-2239.0
-2311.0
-3624.0
-2391.0
-2463.0
-16198.0
-5801.0
-4036.0
-4324.0
-2230.0
-3432.0
-7015.0
-3892.0
-2251.0
-6829.0
-2714.0
-6009.0
-2479.0
-2227.0
-10168.0
-6237.0
-5755.0
-5426.0
-3978.0
-2647.0
-9428.0
-5060.0
-3487.0
-2654.0
-4063.0
-14374.0
-2572.0
-4975.0
-8921.0
-2822.0
-24382.0
-5359.0
-3333.0
-2465.0
-2177.0
-2187.0
-3262.0
-5674.0
-3798.0
-2305.0
-8925.0
-2249.0
-2640.0
-2380.0
-6932.0
-6758.0
-2523.0
-3304.0
-2240.0
-6076.0
-28331.0
-8279.0
-8434.0
-10063.0
-3601.0
-2317.0
-21814.0
-2847.0
-2297.0
-9725.0
-5411.0
-9768.0
-11989.0
-2771.0
-6432.0
-2837.0
-4837.0
-3087.0
-5063.0
-11821.0
-13559.0
-2249.0
-2450.0
-10778.0
-13118.0
-28032.0
-3623.0
-13869.0
-5819.0
-3608.0
-13145.0
-6177.0
-3042.0
-11480.0
-2198.0
-13235.0
-5844.0
-7607.0
-2337.0
-2557.0
-6695.0
-2166.0
-5000.0
-8080.0
-5067.0
-2213.0
-2470.0
-6908.0
-2240.0
-11455.0
-7943.0
-5054.0
-5535.0
-7057.0
-2438.0
-2924.0
-16133.0
-4778.0
-2231.0
-7912.0
-3352.0
-7274.0
-2296.0
-10123.0
-7237.0
-4051.0
-3169.0
-2196.0
-5387.0
-7834.0
-9280.0
-2313.0
-4202.0
-13246.0
-2312.0
-15783.0
-2632.0
-3743.0
-7977.0
-11938.0
-20007.0
-4874.0
-6078.0
-2593.0
-3126.0
-2177.0
-4301.0
-6803.0
-5949.0
-2984.0
-22447.0
-2245.0
-4039.0
-5559.0
-5998.0
-2194.0
-2448.0
-5412.0
-3015.0
-2481.0
-17057.0
-6141.0
-3799.0
-6848.0
-2167.0
-2286.0
-7136.0
-2857.0
-2214.0
-19366.0
-2805.0
-6085.0
-2219.0
-2164.0
-5361.0
-3578.0
-4906.0
-2945.0
-3485.0
-3059.0
-15960.0
-3778.0
-2412.0
-2382.0
-11827.0
-17517.0
-2567.0
-4762.0
-16097.0
-2475.0
-26525.0
-17611.0
-5708.0
-2657.0
-7729.0
-3340.0
-14958.0
-16270.0
-13555.0
-6143.0
-16110.0
-8647.0
-6282.0
-8496.0
-13499.0
-6870.0
-16832.0
-3577.0
-17627.0
-2387.0
-14627.0
-6404.0
-6569.0
-9901.0
-12796.0
-2266.0
-8210.0
-3258.0
-2188.0
-8205.0
-2565.0
-6895.0
-2436.0
-2705.0
-8131.0
-3377.0
-7100.0
-5784.0
-4606.0
-3290.0
-13486.0
-4900.0
-3920.0
-4612.0
-2326.0
-29761.0
-12016.0
-9360.0
-18105.0
-5244.0
-34605.0
-9965.0
-2570.0
-4135.0
-2885.0
-11848.0
-2412.0
-14010.0
-9035.0
-2209.0
-9597.0
-2166.0
-2456.0
-2348.0
-4678.0
-3653.0
-4924.0
-2624.0
-2138.0
-5644.0
-8839.0
-7811.0
-3617.0
-7406.0
-7358.0
-12586.0
-13135.0
-12555.0
-4787.0
-13106.0
-2736.0
-10913.0
-11915.0
-11700.0
-17911.0
-5220.0
-21638.0
-7208.0
-2816.0
-5410.0
-21331.0
-10277.0
-10619.0
-14683.0
-4232.0
-30547.0
-13471.0
-9819.0
-8318.0
-2397.0
-9604.0
-4968.0
-2557.0
-10451.0
-2194.0
-4488.0
-2538.0
-7562.0
-2317.0
-2240.0
-7195.0
-2201.0
-2924.0
-2988.0
-2299.0
-2273.0
-3113.0
-2823.0
-2212.0
-2468.0
-9139.0
-7134.0
-2794.0
-15907.0
-2244.0
-2213.0
-8101.0
-7039.0
-2305.0
-6497.0
-6159.0
-5914.0
-3388.0
-3051.0
-10376.0
-2707.0
-4745.0
-4423.0
-2509.0
-2753.0
-15112.0
-4931.0
-4934.0
-2470.0
-2289.0
-12697.0
-6127.0
-4941.0
-3856.0
-2800.0
-8899.0
-6529.0
-2503.0
-2317.0
-2246.0
-2376.0
-11184.0
-6703.0
-2266.0
-2284.0
-5805.0
-2925.0
-3083.0
-2550.0
-5322.0
-2190.0
-2505.0
-2384.0
-2167.0
-2328.0
-3955.0
-5693.0
-3334.0
-7037.0
-2195.0
-2213.0
-7584.0
-3776.0
-2190.0
-6438.0
-2403.0
-6261.0
-2191.0
-2137.0
-12277.0
-3068.0
-3006.0
-2972.0
-2568.0
-2954.0
-7354.0
-4139.0
-2342.0
-2581.0
-2262.0
-17903.0
-2506.0
-4285.0
-23165.0
-2585.0
-8571.0
-4409.0
-2510.0
-2486.0
-2128.0
-4381.0
-2332.0
-5944.0
-2888.0
-2235.0
-5846.0
-2114.0
-2559.0
-2466.0
-5045.0
-3753.0
-2419.0
-2460.0
-2194.0
-2532.0
-17690.0
-14824.0
-2832.0
-5424.0
-2700.0
-2189.0
-7564.0
-2505.0
-2205.0
-5203.0
-2415.0
-6091.0
-2159.0
-2488.0
-7888.0
-2551.0
-5906.0
-2745.0
-2589.0
-2792.0
-8126.0
-5714.0
-2355.0
-2405.0
-6792.0
-8360.0
-2511.0
-3882.0
-12645.0
-2662.0
-9180.0
-5537.0
-2482.0
-2334.0
-2101.0
-2123.0
-2880.0
-8270.0
-2865.0
-2184.0
-7265.0
-2134.0
-2837.0
-17413.0
-5443.0
-4039.0
-12324.0
-2648.0
-12245.0
-2694.0
-25661.0
-7983.0
-2648.0
-6861.0
-2176.0
-2194.0
-9387.0
-2470.0
-2221.0
-6466.0
-2555.0
-6896.0
-2206.0
-2233.0
-4186.0
-2447.0
-5710.0
-2187.0
-2499.0
-2786.0
-9228.0
-2749.0
-5823.0
-2445.0
-2198.0
-6485.0
-3194.0
-6626.0
-15697.0
-2456.0
-20255.0
-2990.0
-3119.0
-2341.0
-2174.0
-2122.0
-2443.0
-7187.0
-2201.0
-2205.0
-7504.0
-2128.0
-2443.0
-2359.0
-5166.0
-2192.0
-5443.0
-2644.0
-2159.0
-3567.0
-6359.0
-4519.0
-2817.0
-5468.0
-2219.0
-2275.0
-6939.0
-2257.0
-2847.0
-5863.0
-3012.0
-8596.0
-2260.0
-2174.0
-9902.0
-2769.0
-6020.0
-3695.0
-2470.0
-2600.0
-6669.0
-3915.0
-2382.0
-2940.0
-2239.0
-14195.0
-2809.0
-6513.0
-16028.0
-2385.0
-9273.0
-7352.0
-2680.0
-2421.0
-2154.0
-2222.0
-2509.0
-6038.0
-3745.0
-2615.0
-5506.0
-2118.0
-2728.0
-3558.0
-3500.0
-2178.0
-2469.0
-4047.0
-2134.0
-2580.0
-10863.0
-5383.0
-2838.0
-8389.0
-11812.0
-2205.0
-7185.0
-2203.0
-2185.0
-7028.0
-2544.0
-6098.0
-2131.0
-2137.0
-13703.0
-2868.0
-4711.0
-2913.0
-2487.0
-5499.0
-17460.0
-5012.0
-10020.0
-2723.0
-4207.0
-7010.0
-2913.0
-4961.0
-7191.0
-2396.0
-7159.0
-6346.0
-4938.0
-2346.0
-2133.0
-2198.0
-2389.0
-6911.0
-2273.0
-2295.0
-6274.0
-3139.0
-2545.0
-3491.0
-4819.0
-2517.0
-2992.0
-2332.0
-2118.0
-2667.0
-6759.0
-10192.0
-2591.0
-6634.0
-2217.0
-2315.0
-8049.0
-2218.0
-2320.0
-5736.0
-2581.0
-5092.0
-2156.0
-2212.0
-5278.0
-2753.0
-3278.0
-2942.0
-2457.0
-2548.0
-8529.0
-3869.0
-2362.0
-2307.0
-2277.0
-16581.0
-2492.0
-3928.0
-10831.0
-2638.0
-11131.0
-15144.0
-2474.0
-2449.0
-2125.0
-2108.0
-2484.0
-7698.0
-2173.0
-2280.0
-4363.0
-2133.0
-2824.0
-3020.0
-3966.0
-2182.0
-3923.0
-2474.0
-2156.0
-3464.0
-9026.0
-6386.0
-2698.0
-6759.0
-2263.0
-2279.0
-5902.0
-2198.0
-4042.0
-8280.0
-2838.0
-6752.0
-2170.0
-2592.0
-7886.0
-2684.0
-3152.0
-13403.0
-2501.0
-2662.0
-8385.0
-2326.0
-2388.0
-2424.0
-2231.0
-7068.0
-2586.0
-4819.0
-6083.0
-2355.0
-7723.0
-7138.0
-2426.0
-2344.0
-2171.0
-2935.0
-2339.0
-6539.0
-14709.0
-2257.0
-6619.0
-2115.0
-2583.0
-3728.0
-5008.0
-2258.0
-2688.0
-10124.0
-2127.0
-12535.0
-8101.0
-6822.0
-3065.0
-8510.0
-2235.0
-10994.0
-8654.0
-2389.0
-2865.0
-7981.0
-12750.0
-7011.0
-2137.0
-2141.0
-6545.0
-2912.0
-4120.0
-2953.0
-3131.0
-2730.0
-6048.0
-2267.0
-2454.0
-3762.0
-2232.0
-11081.0
-12603.0
-4601.0
-9429.0
-2604.0
-9895.0
-6187.0
-2490.0
-12438.0
-5433.0
-2250.0
-2596.0
-6642.0
-2355.0
-2395.0
-4507.0
-2153.0
-2692.0
-3125.0
-3835.0
-2222.0
-2374.0
-2291.0
-2246.0
-2434.0
-7299.0
-6996.0
-2803.0
-8015.0
-2273.0
-9162.0
-6407.0
-2376.0
-2181.0
-4799.0
-2588.0
-4763.0
-2177.0
-2195.0
-7042.0
-2726.0
-4892.0
-2928.0
-2560.0
-2665.0
-10020.0
-3084.0
-2412.0
-2311.0
-2238.0
-8327.0
-12288.0
-7546.0
-7785.0
-2360.0
-9818.0
-4761.0
-2400.0
-2336.0
-2120.0
-2119.0
-2273.0
-4433.0
-2176.0
-2250.0
-6386.0
-2172.0
-2611.0
-2675.0
-4689.0
-2397.0
-2556.0
-2307.0
-2110.0
-2526.0
-16349.0
-6235.0
-2670.0
-4724.0
-2186.0
-2201.0
-7784.0
-2169.0
-2213.0
-6446.0
-2612.0
-6293.0
-2188.0
-2239.0
-8791.0
-2748.0
-3978.0
-2816.0
-2584.0
-2827.0
-8523.0
-2291.0
-3161.0
-7122.0
-2301.0
-16451.0
-2571.0
-2252.0
-7186.0
-2259.0
-9758.0
-3986.0
-2564.0
-2377.0
-2102.0
-2118.0
-2319.0
-3467.0
-2213.0
-2248.0
-5148.0
-2132.0
-2531.0
-2363.0
-5992.0
-2164.0
-2781.0
-2453.0
-2156.0
-2502.0
-7516.0
-4380.0
-3049.0
-6308.0
-2194.0
-2325.0
-6521.0
-2186.0
-2147.0
-5669.0
-2568.0
-2219.0
-2138.0
-2171.0
-8588.0
-2515.0
-2356.0
-2139.0
-2438.0
-3702.0
-5684.0
-2260.0
-2348.0
-3197.0
-2293.0
-6109.0
-2421.0
-3109.0
-7055.0
-2481.0
-7782.0
-5005.0
-2358.0
-2306.0
-2115.0
-2114.0
-2447.0
-6213.0
-2147.0
-2242.0
-6810.0
-2124.0
-2405.0
-2353.0
-5472.0
-2162.0
-2450.0
-2373.0
-2099.0
-2379.0
-7955.0
-5463.0
-2817.0
-5462.0
-2235.0
-2186.0
-5694.0
-2338.0
-2170.0
-6990.0
-2369.0
-5377.0
-2144.0
-2180.0
-8791.0
-2704.0
-4127.0
-2121.0
-2374.0
-2581.0
-7968.0
-2393.0
-2415.0
-2483.0
-2209.0
-6486.0
-2466.0
-20308.0
-8233.0
-2368.0
-7305.0
-4916.0
-2538.0
-2269.0
-3924.0
-2116.0
-2316.0
-5277.0
-2220.0
-2294.0
-13452.0
-2121.0
-2699.0
-2325.0
-3155.0
-3981.0
-2467.0
-2267.0
-2110.0
-2547.0
-6675.0
-5364.0
-2588.0
-4276.0
-2177.0
-2143.0
-5225.0
-2367.0
-2171.0
-6228.0
-2489.0
-3092.0
-2155.0
-2125.0
-4244.0
-2876.0
-4259.0
-2128.0
-6851.0
-2874.0
-7677.0
-3046.0
-2517.0
-2349.0
-2242.0
-5142.0
-2495.0
-2237.0
-3199.0
-2326.0
-7741.0
-2550.0
-2375.0
-2271.0
-2104.0
-2121.0
-2324.0
-3247.0
-2157.0
-10310.0
-3037.0
-2098.0
-2738.0
-2351.0
-3429.0
-5443.0
-2305.0
-2323.0
-2131.0
-2497.0
-6915.0
-4473.0
-2743.0
-3071.0
-2171.0
-2189.0
-5304.0
-2279.0
-2320.0
-2477.0
-2394.0
-5809.0
-2135.0
-2159.0
-3827.0
-2420.0
-2675.0
-2133.0
-2472.0
-3109.0
-13938.0
-2284.0
-2387.0
-2363.0
-2310.0
-4794.0
-2542.0
-2319.0
-6952.0
-2365.0
-6783.0
-2649.0
-2527.0
-2336.0
-2125.0
-2153.0
-2327.0
-6443.0
-2149.0
-2419.0
-2394.0
-2110.0
-2612.0
-2414.0
-3852.0
-2186.0
-2627.0
-2312.0
-2103.0
-2282.0
-9316.0
-8367.0
-2772.0
-11219.0
-2223.0
-2161.0
-3323.0
-2281.0
-2201.0
-3763.0
-11961.0
-2400.0
-2118.0
-11654.0
-2551.0
-3912.0
-2138.0
-2152.0
-2512.0
-2761.0
-3576.0
-2286.0
-2399.0
-2386.0
-2237.0
-2253.0
-2621.0
-2219.0
-2733.0
-12721.0
-14828.0
-2469.0
-2389.0
-2293.0
-2111.0
-2091.0
-10118.0
-2398.0
-2190.0
-2264.0
-2183.0
-2100.0
-2430.0
-2322.0
-4257.0
-2126.0
-2437.0
-2552.0
-2133.0
-4419.0
-2230.0
-3723.0
-3311.0
-4986.0
-2194.0
-2180.0
-3097.0
-12066.0
-2198.0
-2390.0
-2375.0
-2138.0
-2122.0
-2134.0
-2921.0
-13406.0
-2160.0
-2099.0
-10560.0
-6432.0
-2707.0
-2251.0
-2474.0
-3042.0
-11622.0
-2284.0
-4330.0
-10126.0
-2623.0
-5771.0
-2999.0
-5404.0
-9582.0
-10669.0
-2443.0
-7220.0
-10477.0
-3059.0
-2244.0
-2258.0
-2207.0
-10547.0
-4167.0
-2960.0
-2118.0
-2176.0
-2351.0
-2543.0
-2177.0
-2589.0
-2967.0
-11162.0
-2958.0
-2339.0
-2179.0
-2298.0
-3301.0
-2293.0
-2632.0
-2245.0
-3068.0
-10207.0
-2201.0
-2155.0
-2513.0
-3180.0
-2397.0
-2134.0
-2965.0
-3791.0
-3223.0
-2326.0
-3610.0
-2497.0
-2569.0
-2710.0
-2797.0
-2333.0
-7722.0
-2457.0
-2897.0
-2919.0
-2536.0
-2285.0
-2166.0
-2200.0
-2427.0
-2398.0
-2182.0
-2283.0
-2178.0
-2092.0
-2638.0
-2728.0
-2239.0
-2193.0
-2402.0
-2281.0
-2161.0
-2284.0
-6938.0
-3117.0
-2660.0
-5619.0
-2175.0
-2201.0
-3008.0
-2298.0
-2221.0
-3343.0
-2435.0
-3040.0
-2138.0
-2184.0
-6898.0
-2859.0
-2173.0
-2100.0
-2469.0
-2589.0
-8304.0
-2227.0
-2536.0
-2309.0
-2318.0
-9695.0
-2434.0
-2171.0
-7454.0
-2457.0
-9464.0
-3242.0
-2310.0
-2376.0
-2108.0
-2103.0
-2350.0
-6260.0
-2121.0
-2235.0
-5059.0
-2090.0
-2494.0
-2463.0
-2151.0
-2186.0
-2198.0
-2392.0
-2085.0
-2463.0
-6189.0
-6089.0
-5925.0
-5164.0
-2212.0
-2183.0
-2724.0
-2266.0
-2191.0
-5039.0
-3155.0
-2223.0
-2119.0
-2145.0
-4486.0
-2484.0
-2132.0
-2141.0
-2494.0
-3459.0
-3484.0
-2210.0
-2364.0
-2287.0
-2379.0
-3458.0
-2525.0
-2232.0
-7870.0
-2310.0
-3524.0
-2621.0
-2587.0
-2287.0
-2075.0
-2110.0
-2430.0
-5585.0
-2192.0
-2339.0
-6757.0
-2121.0
-2612.0
-2352.0
-2203.0
-2173.0
-2410.0
-2546.0
-2115.0
-2461.0
-4309.0
-3106.0
-2750.0
-3368.0
-2297.0
-11946.0
-2939.0
-2291.0
-2197.0
-6470.0
-3192.0
-2192.0
-2114.0
-2204.0
-4860.0
-2594.0
-2122.0
-2112.0
-2512.0
-3269.0
-7455.0
-2242.0
-2486.0
-2455.0
-10693.0
-5000.0
-2527.0
-2266.0
-2970.0
-2365.0
-6787.0
-6753.0
-2466.0
-2443.0
-2110.0
-2087.0
-2390.0
-2410.0
-2174.0
-2417.0
-3343.0
-2126.0
-2610.0
-2460.0
-5088.0
-2177.0
-2295.0
-2343.0
-2177.0
-2237.0
-5137.0
-6206.0
-2802.0
-6123.0
-2202.0
-12572.0
-4829.0
-2285.0
-2178.0
-6408.0
-2677.0
-3222.0
-2155.0
-2134.0
-6435.0
-2597.0
-2156.0
-2214.0
-2368.0
-2777.0
-7488.0
-2240.0
-2362.0
-14295.0
-2329.0
-2240.0
-2633.0
-2178.0
-2990.0
-2323.0
-15605.0
-2586.0
-2577.0
-2266.0
-2148.0
-2114.0
-2289.0
-3061.0
-2229.0
-2220.0
-2201.0
-2076.0
-2599.0
-2265.0
-2201.0
-2117.0
-2272.0
-2188.0
-2111.0
-2209.0
-2353.0
-2447.0
-12885.0
-14864.0
-2204.0
-2428.0
-13465.0
-2145.0
-2134.0
-2233.0
-2752.0
-2129.0
-2128.0
-2156.0
-6380.0
-2624.0
-2150.0
-2104.0
-2498.0
-2812.0
-4008.0
-2369.0
-2498.0
-2565.0
-2247.0
-5801.0
-2608.0
-2173.0
-5864.0
-2539.0
-3174.0
-3410.0
-2667.0
-2452.0
-2098.0
-2141.0
-2526.0
-2404.0
-2161.0
-2236.0
-3260.0
-2148.0
-2609.0
-2410.0
-4140.0
-2153.0
-2587.0
-2269.0
-2279.0
-2349.0
-4315.0
-4183.0
-2740.0
-5695.0
-2191.0
-2215.0
-3245.0
-2258.0
-2219.0
-2183.0
-3117.0
-2166.0
-2187.0
-2161.0
-2580.0
-3971.0
-2119.0
-2096.0
-2389.0
-3352.0
-2739.0
-2221.0
-2341.0
-2429.0
-2303.0
-2402.0
-12449.0
-2215.0
-3885.0
-2556.0
-3005.0
-2350.0
-2766.0
-2378.0
-2073.0
-2121.0
-3843.0
-2502.0
-2376.0
-2224.0
-2200.0
-2119.0
-9176.0
-2285.0
-2128.0
-2128.0
-2217.0
-9300.0
-2139.0
-2350.0
-2905.0
-2469.0
-3522.0
-2293.0
-2158.0
-3730.0
-3387.0
-3332.0
-2143.0
-2173.0
-5996.0
-2176.0
-2157.0
-2139.0
-2511.0
-3165.0
-2086.0
-2104.0
-2524.0
-4514.0
-3112.0
-2297.0
-2246.0
-2558.0
-2437.0
-2575.0
-2537.0
-2306.0
-2832.0
-2703.0
-2936.0
-2320.0
-2366.0
-2422.0
-2132.0
-2164.0
-2308.0
-2578.0
-2431.0
-2309.0
-2251.0
-2069.0
-2764.0
-2298.0
-2117.0
-2113.0
-2319.0
-2164.0
-2142.0
-2242.0
-2483.0
-2429.0
-2895.0
-2342.0
-2211.0
-2240.0
-3445.0
-2512.0
-2135.0
-2201.0
-4041.0
-2116.0
-2140.0
-2181.0
-2720.0
-2516.0
-2110.0
-2087.0
-2524.0
-13065.0
-2747.0
-2241.0
-2354.0
-2736.0
-2467.0
-2604.0
-4569.0
-2239.0
-2985.0
-4528.0
-3504.0
-2448.0
-2667.0
-2464.0
-2128.0
-2580.0
-5004.0
-2595.0
-2211.0
-2238.0
-2253.0
-2170.0
-2720.0
-2418.0
-2124.0
-2133.0
-2262.0
-2262.0
-2139.0
-2236.0
-2676.0
-2367.0
-3196.0
-2402.0
-2189.0
-2276.0
-2779.0
-2362.0
-2132.0
-2193.0
-2355.0
-2129.0
-2168.0
-2147.0
-2546.0
-2454.0
-2112.0
-2100.0
-2526.0
-2663.0
-2822.0
-2192.0
-2348.0
-2714.0
-2520.0
-2325.0
-2654.0
-2406.0
-2676.0
-9491.0
-3377.0
-2271.0
-2581.0
-2403.0
-2173.0
-2117.0
-2384.0
-2623.0
-2195.0
-2267.0
-2154.0
-2111.0
-4190.0
-2419.0
-2115.0
-2143.0
-2353.0
-2302.0
-2179.0
-2185.0
-2360.0
-2329.0
-2995.0
-2278.0
-2143.0
-2279.0
-2897.0
-2292.0
-2195.0
-2221.0
-2362.0
-2123.0
-2140.0
-2146.0
-2510.0
-2577.0
-2136.0
-2073.0
-2400.0
-2679.0
-2711.0
-2158.0
-2302.0
-2686.0
-2361.0
-2310.0
-2687.0
-2315.0
-2937.0
-13601.0
-3334.0
-2306.0
-11101.0
-13126.0
-2099.0
-2127.0
-2379.0
-2521.0
-2339.0
-2247.0
-2226.0
-2103.0
-2641.0
-2281.0
-2117.0
-2109.0
-2182.0
-2446.0
-2144.0
-2216.0
-2333.0
-2487.0
-4341.0
-2233.0
-2196.0
-2242.0
-3063.0
-12089.0
-2171.0
-2169.0
-4434.0
-2101.0
-2837.0
-2119.0
-2625.0
-6067.0
-2112.0
-2122.0
-3680.0
-12789.0
-2723.0
-2158.0
-2300.0
-2555.0
-2493.0
-2473.0
-2605.0
-2403.0
-2966.0
-3127.0
-3006.0
-2480.0
-2536.0
-2441.0
-2206.0
-2154.0
-3105.0
-2930.0
-2426.0
-2223.0
-2237.0
-2103.0
-2772.0
-2347.0
-2164.0
-2086.0
-2288.0
-2648.0
-2167.0
-2266.0
-2761.0
-2427.0
-2710.0
-2457.0
-2140.0
-2213.0
-3293.0
-2310.0
-2187.0
-2293.0
-2633.0
-2166.0
-2136.0
-2136.0
-2441.0
-2754.0
-2113.0
-2118.0
-2858.0
-2768.0
-2864.0
-2317.0
-2411.0
-2754.0
-2612.0
-2464.0
-2614.0
-2349.0
-2972.0
-2655.0
-3712.0
-2243.0
-2494.0
-2489.0
-2095.0
-2165.0
-2526.0
-2715.0
-2197.0
-2294.0
-2205.0
-2086.0
-2676.0
-2279.0
-2101.0
-2147.0
-2328.0
-3205.0
-2092.0
-2225.0
-2545.0
-2348.0
-7591.0
-2357.0
-2139.0
-2248.0
-3234.0
-2239.0
-2133.0
-2250.0
-2910.0
-2125.0
-2130.0
-2113.0
-2553.0
-2542.0
-2160.0
-2118.0
-2484.0
-5234.0
-2944.0
-2238.0
-3352.0
-2379.0
-2634.0
-2324.0
-2616.0
-2367.0
-2967.0
-2514.0
-2817.0
-2215.0
-2286.0
-2303.0
-2099.0
-2165.0
-2386.0
-2593.0
-2323.0
-2219.0
-2230.0
-2114.0
-2696.0
-2286.0
-2126.0
-2086.0
-2294.0
-2206.0
-2172.0
-2253.0
-2606.0
-2360.0
-3563.0
-2255.0
-2175.0
-2212.0
-2809.0
-2351.0
-2123.0
-2267.0
-2359.0
-2099.0
-2115.0
-2169.0
-2641.0
-2626.0
-2083.0
-2091.0
-2457.0
-8250.0
-3019.0
-2191.0
-2328.0
-2435.0
-2530.0
-2488.0
-2718.0
-2371.0
-3120.0
-2433.0
-2781.0
-2231.0
-2353.0
-2354.0
-2102.0
-2252.0
-2359.0
-2577.0
-2337.0
-2332.0
-10373.0
-2119.0
-2660.0
-2487.0
-2097.0
-2129.0
-12394.0
-2478.0
-2162.0
-2447.0
-2565.0
-2333.0
-8043.0
-2251.0
-2147.0
-2248.0
-3092.0
-12825.0
-2353.0
-2268.0
-3705.0
-10444.0
-2495.0
-11592.0
-2461.0
-2912.0
-2109.0
-2124.0
-2948.0
-2876.0
-2946.0
-2239.0
-2466.0
-2554.0
-2496.0
-2517.0
-2460.0
-2315.0
-3004.0
-2635.0
-4129.0
-2376.0
-2627.0
-2357.0
-2116.0
-2146.0
-2391.0
-2422.0
-2292.0
-3146.0
-2201.0
-2087.0
-2741.0
-2329.0
-2093.0
-2116.0
-2235.0
-2259.0
-2186.0
-2231.0
-2388.0
-2563.0
-2755.0
-2194.0
-2140.0
-2171.0
-2902.0
-2324.0
-2179.0
-2197.0
-2699.0
-2150.0
-2092.0
-2145.0
-2462.0
-2587.0
-2059.0
-2086.0
-2586.0
-3250.0
-2913.0
-2396.0
-2314.0
-2314.0
-2450.0
-2567.0
-2552.0
-2367.0
-3552.0
-2555.0
-14942.0
-2236.0
-2429.0
-2336.0
-2124.0
-2113.0
-2397.0
-2523.0
-2189.0
-2154.0
-2217.0
-2070.0
-2663.0
-2398.0
-2082.0
-2112.0
-2197.0
-2421.0
-2094.0
-2270.0
-2231.0
-2468.0
-3045.0
-2296.0
-2132.0
-2206.0
-2962.0
-2253.0
-2138.0
-2160.0
-3256.0
-2145.0
-2133.0
-2127.0
-2574.0
-2621.0
-2066.0
-2151.0
-3417.0
-6140.0
-2867.0
-2189.0
-2594.0
-2337.0
-2422.0
-2562.0
-2738.0
-2368.0
-2916.0
-2484.0
-14540.0
-2255.0
-2425.0
-2348.0
-2098.0
-2164.0
-2235.0
-2398.0
-2255.0
-2303.0
-2165.0
-2054.0
-2591.0
-2400.0
-2089.0
-2086.0
-2259.0
-2210.0
-2235.0
-2308.0
-2240.0
-2591.0
-3349.0
-2253.0
-2197.0
-2231.0
-3802.0
-2232.0
-2137.0
-2137.0
-13880.0
-2118.0
-2128.0
-2128.0
-2479.0
-2488.0
-2086.0
-2102.0
-2512.0
-5183.0
-2692.0
-2213.0
-2548.0
-2618.0
-2390.0
-2391.0
-2689.0
-2492.0
-2849.0
-2329.0
-2615.0
-2296.0
-2418.0
-2328.0
-2092.0
-2164.0
-2284.0
-2465.0
-2232.0
-2165.0
-2131.0
-2067.0
-2609.0
-2427.0
-2103.0
-2101.0
-2256.0
-2308.0
-2137.0
-2239.0
-2257.0
-2332.0
-6766.0
-2461.0
-2149.0
-2296.0
-3302.0
-2257.0
-2129.0
-2119.0
-2705.0
-2183.0
-2114.0
-2145.0
-2647.0
-2699.0
-2057.0
-2149.0
-2725.0
-2708.0
-2887.0
-2148.0
-2446.0
-13253.0
-2473.0
-2444.0
-2562.0
-2313.0
-2712.0
-2791.0
-14846.0
-2264.0
-2465.0
-2399.0
-2052.0
-2121.0
-2213.0
-2543.0
-2219.0
-2149.0
-2170.0
-2082.0
-2591.0
-4077.0
-2127.0
-2063.0
-2375.0
-2212.0
-2109.0
-2405.0
-2305.0
-2554.0
-6232.0
-2271.0
-2137.0
-2209.0
-2922.0
-2251.0
-2172.0
-2209.0
-4330.0
-2103.0
-2153.0
-2135.0
-2602.0
-2574.0
-2083.0
-2103.0
-2434.0
-3102.0
-2996.0
-2265.0
-2366.0
-2523.0
-2442.0
-2365.0
-2601.0
-2446.0
-2760.0
-4138.0
-2822.0
-2255.0
-2750.0
-3110.0
-2127.0
-2103.0
-2575.0
-2697.0
-2174.0
-2246.0
-2207.0
-2045.0
-2641.0
-2473.0
-2090.0
-2067.0
-2322.0
-2414.0
-2128.0
-2241.0
-2576.0
-2481.0
-2661.0
-2199.0
-2197.0
-2185.0
-2786.0
-2264.0
-2123.0
-2196.0
-4910.0
-2199.0
-2102.0
-2123.0
-2472.0
-9011.0
-2104.0
-2111.0
-2514.0
-5415.0
-2604.0
-2158.0
-2288.0
-2480.0
-2298.0
-2295.0
-2574.0
-2348.0
-2626.0
-2560.0
-3724.0
-2241.0
-2426.0
-2304.0
-2088.0
-2102.0
-2318.0
-2620.0
-2200.0
-2227.0
-2118.0
-2044.0
-2593.0
-2441.0
-2120.0
-2110.0
-2332.0
-2417.0
-2119.0
-2341.0
-2259.0
-2533.0
-2714.0
-2393.0
-2158.0
-2202.0
-3268.0
-2288.0
-2136.0
-2158.0
-5629.0
-2137.0
-2105.0
-2089.0
-2690.0
-2583.0
-2153.0
-2104.0
-2524.0
-2999.0
-2685.0
-2263.0
-2510.0
-2540.0
-2452.0
-2350.0
-2598.0
-2355.0
-3155.0
-2558.0
-5714.0
-2420.0
-2471.0
-2279.0
-2066.0
-2142.0
-2622.0
-2689.0
-2309.0
-2203.0
-2181.0
-2097.0
-2627.0
-3868.0
-2167.0
-2197.0
-2345.0
-2232.0
-2139.0
-2266.0
-2295.0
-2313.0
-3005.0
-2213.0
-2256.0
-2276.0
-3029.0
-2217.0
-2097.0
-2170.0
-6469.0
-2104.0
-2124.0
-2129.0
-2501.0
-2578.0
-2065.0
-2110.0
-2654.0
-2747.0
-2849.0
-2162.0
-2344.0
-2425.0
-2362.0
-2276.0
-2782.0
-2295.0
-2897.0
-2415.0
-3059.0
-2244.0
-2574.0
-2344.0
-2078.0
-2171.0
-2367.0
-2505.0
-2314.0
-2289.0
-2250.0
-2060.0
-2489.0
-11375.0
-2086.0
-2123.0
-2284.0
-2204.0
-2145.0
-2219.0
-2330.0
-2318.0
-3268.0
-2202.0
-2145.0
-2212.0
-14719.0
-2269.0
-2179.0
-2153.0
-4955.0
-2284.0
-2175.0
-2099.0
-3255.0
-2795.0
-2086.0
-2109.0
-3390.0
-5140.0
-2830.0
-2160.0
-2277.0
-2327.0
-2384.0
-2209.0
-2775.0
-2279.0
-2784.0
-2440.0
-3718.0
-2223.0
-2678.0
-2468.0
-2116.0
-2129.0
-2246.0
-3207.0
-2196.0
-2364.0
-2142.0
-2057.0
-2528.0
-2292.0
-2091.0
-2149.0
-2235.0
-2268.0
-2210.0
-2308.0
-2309.0
-2324.0
-3330.0
-2253.0
-2181.0
-2241.0
-2849.0
-2195.0
-2166.0
-2218.0
-4796.0
-2133.0
-2111.0
-2110.0
-2637.0
-2882.0
-2078.0
-2087.0
-2566.0
-7288.0
-2612.0
-2217.0
-2475.0
-2420.0
-2447.0
-2274.0
-2595.0
-2276.0
-2736.0
-2431.0
-2821.0
-2244.0
-2464.0
-2294.0
-2096.0
-2132.0
-2402.0
-2499.0
-2178.0
-2299.0
-2156.0
-2061.0
-2570.0
-2267.0
-2072.0
-2090.0
-2561.0
-2199.0
-2104.0
-2256.0
-2569.0
-2353.0
-6138.0
-2230.0
-2117.0
-2179.0
-2847.0
-2254.0
-2136.0
-2221.0
-2519.0
-2121.0
-2102.0
-2119.0
-2463.0
-2713.0
-2094.0
-2062.0
-2527.0
-2919.0
-2731.0
-2178.0
-2331.0
-2365.0
-2550.0
-2332.0
-2575.0
-2253.0
-2943.0
-5601.0
-2951.0
-2282.0
-2420.0
-2307.0
-2088.0
-2121.0
-2485.0
-2731.0
-2267.0
-2260.0
-2150.0
-2063.0
-3812.0
-2308.0
-2113.0
-2144.0
-2285.0
-2242.0
-2127.0
-2220.0
-2307.0
-2370.0
-2887.0
-2350.0
-2192.0
-2282.0
-5137.0
-2283.0
-2160.0
-2190.0
-2583.0
-2119.0
-2088.0
-2145.0
-2525.0
-2594.0
-2067.0
-2166.0
-2584.0
-7513.0
-2679.0
-2119.0
-2322.0
-2437.0
-2356.0
-2341.0
-2651.0
-2280.0
-3852.0
-2503.0
-3795.0
-2227.0
-2603.0
-2356.0
-2100.0
-2099.0
-2227.0
-2572.0
-2347.0
-2242.0
-2164.0
-2057.0
-2636.0
-2251.0
-2130.0
-2110.0
-2336.0
-2196.0
-2128.0
-2253.0
-2321.0
-2390.0
-2823.0
-2420.0
-2133.0
-2242.0
-3428.0
-2143.0
-2148.0
-2169.0
-4794.0
-2104.0
-2141.0
-2143.0
-2596.0
-2523.0
-2090.0
-2093.0
-11253.0
-5260.0
-2582.0
-2194.0
-2294.0
-2419.0
-2445.0
-2520.0
-2666.0
-2360.0
-2844.0
-3898.0
-3655.0
-2238.0
-11770.0
-2265.0
-2084.0
-2145.0
-2220.0
-2639.0
-2345.0
-2377.0
-2194.0
-2059.0
-2620.0
-2430.0
-2067.0
-2096.0
-2365.0
-2376.0
-2246.0
-2173.0
-2378.0
-2297.0
-2803.0
-2268.0
-2188.0
-2160.0
-3178.0
-2332.0
-2161.0
-2184.0
-2450.0
-2124.0
-2115.0
-2121.0
-2445.0
-11952.0
-2076.0
-2103.0
-2595.0
-6250.0
-2833.0
-2104.0
-2312.0
-2274.0
-2434.0
-2261.0
-2635.0
-2163.0
-2806.0
-2494.0
-14754.0
-2575.0
-2702.0
-2232.0
-2083.0
-2098.0
-4152.0
-2680.0
-2236.0
-2345.0
-2120.0
-2074.0
-2647.0
-2306.0
-2098.0
-2096.0
-2308.0
-2426.0
-2124.0
-2309.0
-2216.0
-2459.0
-2923.0
-2254.0
-2208.0
-2229.0
-5291.0
-2128.0
-2145.0
-2176.0
-2703.0
-2113.0
-2128.0
-2131.0
-2528.0
-2571.0
-2063.0
-2094.0
-2602.0
-2919.0
-2751.0
-2153.0
-2314.0
-2374.0
-2241.0
-2259.0
-2722.0
-2268.0
-2897.0
-3920.0
-2739.0
-2217.0
-2354.0
-2311.0
-2105.0
-2181.0
-2430.0
-2494.0
-2297.0
-2177.0
-2191.0
-2087.0
-2675.0
-2337.0
-2117.0
-2064.0
-2295.0
-2440.0
-2122.0
-2321.0
-2221.0
-2483.0
-2812.0
-2390.0
-2126.0
-2231.0
-4536.0
-2253.0
-2145.0
-2191.0
-2683.0
-2146.0
-2115.0
-2125.0
-2548.0
-14390.0
-2108.0
-2108.0
-2463.0
-7468.0
-2764.0
-2229.0
-2268.0
-2461.0
-2404.0
-2504.0
-2616.0
-2368.0
-2837.0
-2371.0
-2789.0
-2228.0
-2374.0
-2305.0
-2110.0
-2129.0
-2149.0
-2541.0
-2223.0
-2282.0
-2216.0
-2052.0
-2586.0
-2299.0
-2096.0
-2066.0
-2239.0
-2321.0
-2288.0
-2233.0
-2472.0
-2491.0
-8323.0
-2240.0
-2203.0
-2250.0
-3167.0
-2268.0
-2123.0
-2194.0
-2659.0
-2153.0
-2128.0
-2118.0
-2518.0
-2401.0
-2102.0
-2154.0
-2470.0
-2761.0
-2929.0
-2249.0
-2249.0
-2413.0
-2381.0
-2293.0
-2536.0
-2294.0
-3183.0
-2367.0
-2988.0
-2257.0
-2523.0
-2282.0
-2092.0
-2125.0
-2605.0
-2692.0
-2257.0
-2321.0
-2173.0
-2043.0
-2511.0
-2227.0
-2133.0
-2107.0
-2223.0
-2238.0
-2090.0
-2206.0
-2191.0
-2506.0
-3081.0
-2324.0
-2146.0
-2214.0
-3190.0
-2233.0
-2086.0
-2214.0
-5637.0
-2134.0
-2173.0
-2144.0
-2515.0
-2605.0
-2089.0
-2090.0
-2564.0
-7478.0
-2994.0
-2172.0
-2348.0
-2290.0
-2320.0
-2232.0
-2632.0
-2331.0
-3055.0
-2430.0
-14659.0
-2285.0
-2469.0
-2479.0
-2067.0
-2134.0
-2331.0
-2500.0
-2372.0
-2246.0
-2148.0
-2083.0
-2860.0
-2260.0
-2097.0
-2222.0
-2255.0
-2409.0
-2153.0
-2380.0
-2528.0
-2478.0
-3694.0
-2389.0
-2238.0
-2205.0
-5298.0
-2193.0
-2142.0
-2174.0
-2450.0
-2118.0
-2130.0
-2160.0
-2502.0
-2550.0
-2082.0
-2069.0
-2630.0
-2726.0
-3589.0
-2110.0
-2279.0
-2346.0
-2383.0
-2144.0
-2583.0
-2245.0
-2873.0
-3304.0
-14787.0
-2221.0
-2452.0
-2299.0
-2063.0
-2125.0
-2330.0
-2563.0
-2209.0
-2294.0
-2201.0
-2049.0
-2490.0
-2244.0
-2082.0
-2077.0
-2268.0
-2213.0
-2131.0
-2225.0
-2357.0
-2485.0
-3314.0
-2329.0
-2179.0
-2214.0
-2861.0
-2227.0
-2133.0
-2172.0
-2377.0
-2139.0
-2096.0
-2119.0
-2451.0
-2614.0
-2084.0
-2078.0
-2464.0
-2870.0
-2860.0
-2258.0
-2268.0
-2280.0
-2430.0
-2205.0
-2864.0
-2339.0
-2727.0
-2455.0
-14580.0
-2272.0
-2411.0
-2316.0
-2090.0
-2152.0
-2168.0
-2434.0
-2226.0
-2216.0
-2149.0
-2078.0
-2703.0
-2256.0
-2103.0
-2086.0
-2269.0
-2300.0
-2112.0
-2226.0
-2240.0
-2332.0
-3080.0
-2201.0
-2156.0
-2244.0
-2731.0
-2260.0
-2191.0
-2190.0
-2582.0
-2141.0
-2108.0
-2081.0
-2537.0
-2428.0
-2074.0
-2096.0
-6806.0
-8316.0
-3061.0
-2186.0
-2236.0
-2239.0
-2432.0
-14061.0
-2671.0
-2386.0
-2707.0
-2305.0
-14811.0
-2202.0
-2380.0
-2335.0
-2087.0
-2153.0
-2517.0
-3327.0
-2295.0
-2145.0
-2126.0
-2058.0
-3004.0
-2236.0
-2091.0
-2111.0
-2165.0
-2279.0
-2220.0
-2232.0
-2174.0
-2554.0
-3008.0
-2255.0
-2142.0
-2317.0
-3182.0
-2166.0
-2164.0
-2169.0
-2458.0
-2129.0
-2124.0
-2078.0
-2463.0
-2459.0
-2067.0
-2093.0
-2525.0
-2640.0
-2910.0
-2121.0
-2402.0
-2545.0
-2521.0
-2138.0
-2650.0
-2290.0
-3153.0
-2407.0
-14585.0
-2198.0
-4232.0
-2334.0
-2132.0
-2109.0
-2248.0
-2588.0
-2211.0
-2332.0
-2149.0
-2085.0
-2890.0
-2266.0
-2104.0
-2063.0
-2228.0
-2236.0
-2124.0
-2234.0
-2155.0
-2552.0
-3579.0
-2357.0
-2185.0
-2216.0
-14906.0
-2173.0
-2117.0
-2199.0
-2470.0
-2129.0
-2076.0
-2082.0
-2506.0
-2468.0
-2126.0
-2098.0
-2525.0
-2861.0
-2840.0
-2143.0
-2348.0
-2352.0
-2474.0
-2279.0
-2624.0
-2282.0
-2795.0
-2455.0
-14612.0
-2349.0
-2416.0
-2266.0
-2070.0
-2110.0
-2410.0
-2570.0
-2255.0
-2309.0
-2240.0
-2102.0
-2557.0
-2278.0
-2109.0
-2072.0
-2135.0
-2277.0
-2115.0
-2231.0
-2158.0
-2557.0
-2895.0
-2254.0
-2211.0
-2208.0
-3567.0
-2238.0
-2159.0
-2157.0
-2409.0
-2142.0
-2101.0
-2097.0
-2775.0
-2578.0
-2091.0
-2070.0
-2529.0
-2886.0
-2598.0
-2112.0
-2475.0
-2385.0
-2362.0
-2251.0
-2618.0
-2384.0
-2821.0
-2346.0
-14748.0
-2189.0
-2724.0
-2448.0
-2075.0
-2153.0
-2359.0
-2433.0
-2241.0
-2300.0
-2187.0
-2045.0
-2530.0
-2455.0
-2131.0
-2167.0
-2201.0
-2338.0
-2085.0
-2512.0
-2388.0
-2482.0
-3007.0
-2238.0
-2179.0
-2203.0
-3429.0
-2254.0
-2121.0
-2151.0
-2363.0
-2132.0
-2088.0
-2130.0
-2672.0
-2495.0
-2105.0
-2098.0
-3273.0
-2685.0
-2815.0
-2231.0
-2419.0
-2303.0
-2456.0
-2267.0
-3700.0
-2220.0
-3110.0
-2739.0
-3368.0
-2195.0
-2586.0
-2313.0
-2095.0
-2137.0
-2345.0
-2534.0
-2295.0
-2208.0
-2201.0
-2059.0
-2549.0
-2481.0
-2077.0
-2096.0
-2245.0
-2246.0
-2134.0
-2204.0
-2445.0
-2605.0
-3350.0
-2248.0
-2111.0
-2283.0
-4228.0
-2293.0
-2090.0
-2162.0
-2473.0
-2080.0
-2367.0
-2128.0
-5914.0
-2565.0
-2068.0
-2130.0
-2539.0
-2870.0
-2676.0
-2207.0
-2661.0
-2361.0
-2370.0
-2251.0
-2749.0
-2250.0
-2812.0
-2342.0
-2720.0
-2222.0
-2436.0
-2347.0
-2078.0
-2337.0
-2242.0
-2560.0
-2279.0
-2330.0
-2177.0
-2055.0
-2656.0
-2259.0
-2084.0
-2066.0
-2292.0
-2274.0
-2131.0
-2324.0
-2224.0
-2541.0
-2800.0
-2230.0
-2142.0
-2227.0
-3047.0
-2444.0
-2126.0
-2149.0
-2499.0
-2130.0
-2154.0
-2089.0
-2494.0
-2597.0
-2071.0
-2096.0
-2446.0
-3042.0
-3035.0
-2159.0
-2285.0
-2514.0
-2362.0
-2143.0
-2672.0
-2294.0
-2885.0
-4177.0
-14638.0
-2280.0
-2421.0
-2478.0
-2083.0
-2115.0
-2197.0
-2371.0
-2225.0
-2295.0
-2180.0
-2058.0
-2661.0
-2342.0
-2090.0
-2075.0
-2243.0
-2221.0
-2080.0
-2240.0
-2160.0
-2569.0
-3271.0
-2381.0
-2131.0
-2210.0
-4787.0
-2176.0
-2148.0
-2118.0
-4791.0
-2129.0
-2110.0
-2090.0
-2426.0
-2687.0
-2069.0
-2108.0
-2646.0
-5264.0
-2664.0
-2147.0
-2328.0
-2261.0
-2430.0
-2410.0
-2696.0
-2215.0
-2983.0
-2447.0
-14684.0
-2186.0
-2401.0
-2241.0
-2081.0
-2101.0
-2297.0
-2427.0
-2256.0
-2292.0
-2110.0
-2030.0
-2506.0
-2269.0
-2115.0
-2082.0
-2222.0
-2210.0
-2075.0
-2230.0
-2300.0
-2406.0
-2909.0
-2281.0
-2187.0
-2198.0
-3090.0
-2239.0
-2139.0
-2216.0
-6855.0
-2131.0
-2122.0
-2103.0
-2514.0
-2470.0
-2070.0
-2133.0
-2902.0
-2742.0
-2751.0
-2234.0
-2416.0
-2385.0
-2400.0
-2224.0
-2690.0
-2359.0
-2827.0
-2422.0
-14536.0
-2224.0
-2354.0
-2410.0
-2071.0
-2133.0
-2261.0
-2584.0
-2293.0
-2286.0
-2200.0
-2066.0
-2853.0
-2237.0
-2094.0
-2090.0
-2215.0
-2207.0
-2122.0
-2235.0
-2504.0
-2480.0
-6394.0
-2351.0
-2146.0
-2244.0
-3239.0
-2241.0
-2121.0
-2216.0
-2446.0
-2137.0
-2115.0
-2100.0
-2525.0
-2511.0
-2145.0
-2087.0
-2489.0
-2833.0
-2920.0
-2142.0
-2295.0
-2375.0
-2508.0
-2200.0
-2582.0
-2371.0
-2779.0
-2385.0
-14562.0
-2167.0
-2371.0
-2520.0
-2087.0
-2110.0
-2197.0
-2688.0
-2330.0
-2300.0
-2140.0
-2057.0
-3511.0
-2251.0
-2067.0
-2106.0
-2229.0
-2342.0
-2107.0
-2272.0
-2359.0
-2398.0
-3379.0
-2210.0
-2116.0
-2185.0
-3361.0
-2129.0
-2171.0
-2173.0
-3612.0
-2099.0
-2108.0
-2131.0
-2531.0
-2409.0
-2058.0
-2078.0
-2554.0
-8427.0
-2816.0
-2121.0
-2585.0
-2530.0
-2349.0
-2145.0
-2619.0
-2209.0
-2930.0
-4299.0
-14579.0
-2270.0
-2443.0
-2481.0
-2100.0
-2124.0
-2286.0
-2513.0
-2216.0
-2339.0
-2156.0
-2047.0
-4630.0
-2233.0
-2114.0
-2098.0
-2230.0
-2306.0
-2391.0
-2234.0
-2130.0
-2362.0
-3032.0
-2373.0
-2209.0
-2192.0
-2817.0
-2186.0
-2125.0
-2189.0
-2472.0
-2122.0
-2094.0
-2105.0
-4317.0
-2541.0
-2078.0
-2099.0
-2560.0
-2737.0
-2740.0
-2136.0
-2393.0
-2291.0
-2374.0
-2519.0
-2627.0
-2252.0
-2756.0
-2625.0
-14776.0
-2200.0
-2780.0
-2423.0
-2063.0
-2114.0
-2313.0
-2450.0
-2266.0
-2202.0
-2114.0
-2056.0
-2749.0
-2323.0
-2128.0
-2084.0
-2217.0
-2190.0
-2161.0
-2234.0
