-39832.5
-49363.5
-58644.0
-38907.0
-40206.0
-50334.0
-44971.5
-39061.5
-38527.5
-34051.5
-45417.0
-23674.5
-32533.5
-28699.5
-30390.0
-36232.5
-23452.5
-21744.0
-26961.0
-26809.5
-30007.5
-22591.5
-32980.5
-29386.5
-17692.5
-36270.0
-31533.0
-29680.5
-32248.5
-35257.5
-30450.0
-45426.0
-39699.0
-23061.0
-26275.5
-22422.0
-31941.0
-28459.5
-32214.0
-37069.5
-18838.5
-25549.5
-20961.0
-43528.5
-19287.0
-35836.5
-31743.0
-37462.5
-17457.0
-27382.5
-24243.0
-30910.5
-21972.0
-42379.5
-28141.5
-31570.5
-28533.0
-32017.5
-26784.0
-18103.5
-26673.0
-20737.5
-29449.5
-27018.0
-33105.0
-16708.5
-28429.5
-35088.0
-39967.5
-37471.5
-18033.0
-17688.0
-37359.0
-28017.0
-26758.5
-23433.0
-19660.5
-34611.0
-26503.5
-27940.5
-22509.0
-23610.0
-25978.5
-18901.5
-19509.0
-22330.5
-37923.0
-24391.5
-31654.5
-31800.0
-24169.5
-35956.5
-11943.0
-13924.5
-17037.0
-29559.0
-16393.5
-22029.0
-13818.0
-12690.0
-22464.0
-30964.5
-31636.5
-12979.5
-16285.5
-24262.5
-28989.0
-37851.0
-15493.5
-23209.5
-28161.0
-21315.0
-15469.5
-21693.0
-21198.0
-35646.0
-9775.5
-19384.5
-34117.5
-27394.5
-30130.5
-25239.0
-26295.0
-38938.5
-21871.5
-22623.0
-8479.5
-22279.5
-19324.5
-22536.0
-23629.5
-30315.0
-52023.0
-23007.0
-11874.0
-17562.0
-16681.5
-29461.5
-13768.5
-14724.0
-10687.5
-12300.0
-17145.0
-27400.5
-9382.5
-21283.5
-27381.0
-15801.0
-11085.0
-20313.0
-18208.5
-10960.5
-29530.5
-26320.5
-11511.0
-20143.5
-23620.5
-25554.0
-12333.0
-11250.0
-17758.5
-12700.5
-20904.0
-14437.5
-11856.0
-20826.0
-18742.5
-19230.0
-18981.0
-17965.5
-20892.0
-18075.0
-22566.0
-17931.0
-19077.0
-13483.5
-15969.0
-19651.5
-17887.5
-25774.5
-20830.5
-12361.5
-22089.0
-10257.0
-14386.5
-25032.0
-15525.0
-17617.5
-20944.5
-24667.5
-14686.5
-12442.5
-11712.0
-5370.0
-22177.5
-12262.5
-10548.0
-12354.0
-9966.0
-9618.0
-13987.5
-9556.5
-29457.0
-18330.0
-19096.5
-15574.5
-11019.0
-26976.0
-13818.0
-7330.5
-13077.0
-10062.0
-12598.5
-20070.0
-17703.0
-27856.5
-15237.0
-10864.5
-17098.5
-11319.0
-19341.0
-19524.0
-10278.0
-10116.0
-13270.5
-12727.5
-10467.0
-14469.0
-18504.0
-20566.5
-16245.0
-15229.5
-22209.0
-8196.0
-11209.5
-15400.5
-20191.5
-13779.0
-11944.5
-12159.0
-13764.0
-11088.0
-24444.0
-14556.0
-12357.0
-6777.0
-12676.5
-22134.0
-10077.0
-10384.5
-7339.5
-7815.0
-22021.5
-15456.0
-11817.0
-21303.0
-16170.0
-10905.0
-15081.0
-16572.0
-13488.0
-5922.0
-13204.5
-6384.0
-12036.0
-11964.0
-9346.5
-26209.5
-18330.0
-10831.5
-18493.5
-8262.0
-12952.5
-10824.0
-15148.5
-8482.5
-11149.5
-14581.5
-23098.5
-11379.0
-17541.0
-9837.0
-16804.5
-10636.5
-14062.5
-16158.0
-20233.5
-10987.5
-6298.5
-26085.0
-12310.5
-7356.0
-8737.5
-8632.5
-10753.5
-7677.0
-12546.0
-6943.5
-12826.5
-6045.0
-8496.0
-15870.0
-20164.5
-11043.0
-25494.0
-10033.5
-9907.5
-13011.0
-12894.0
-8497.5
-17290.5
-10623.0
-7020.0
-12925.5
-14770.5
-25176.0
-7896.0
-10278.0
-11892.0
-9366.0
-14988.0
-9910.5
-9981.0
-1192.5
-8263.5
-15489.0
-6648.0
-7107.0
-8088.0
-10962.0
-4047.0
-13879.5
-11241.0
-5646.0
-6027.0
-5145.0
-11956.5
-7998.0
-8767.5
-5704.5
-10161.0
-6676.5
-6292.5
-8856.0
-4558.5
-3555.0
-9919.5
-7359.0
-7023.0
-7333.5
-7245.0
-3822.0
-9523.5
-873.0
-7326.0
-9687.0
-9586.5
-12505.5
-1411.5
-7726.5
-10401.0
-10312.5
-8824.5
-6093.0
-7564.5
-2895.0
-8691.0
-14941.5
-14124.0
-11128.5
-7276.5
-5443.5
-23082.0
-7171.5
-12568.5
-14979.0
-7468.5
-5928.0
-6690.0
-7879.5
-8419.5
339.0
-6462.0
-4057.5
-2449.5
-10042.5
-12189.0
-12079.5
-3838.5
-14122.5
-5751.0
-5278.5
-6297.0
-3238.5
-7275.0
-11607.0
-5031.0
-2362.5
-6892.5
279.0
-6700.5
-4393.5
-14923.5
-4167.0
-7516.5
-4915.5
-8338.5
-6984.0
-4852.5
-11515.5
-8350.5
-8490.0
-5178.0
-8152.5
-11583.0
-11239.5
-8577.0
-5835.0
-9172.5
-9184.5
-5811.0
-6031.5
-5125.5
-2115.0
-2790.0
-10020.0
-2260.5
-844.5
-8241.0
-4260.0
-5686.5
-3219.0
-9858.0
-2398.5
-6456.0
-69.0
-9001.5
-8607.0
-6102.0
-9481.5
-3696.0
-8535.0
-6066.0
-7090.5
-5829.0
-2421.0
-3096.0
-828.0
-2341.5
-2797.5
603.0
-1252.5
-2526.0
-6250.5
-5170.5
-3756.0
-8526.0
-4309.5
-1869.0
-3513.0
-2781.0
-2250.0
-2277.0
-4026.0
-4569.0
-787.5
-3834.0
-6949.5
-7008.0
-3850.5
-2194.5
-5767.5
-7968.0
-5953.5
-6844.5
-4915.5
-6388.5
-4801.5
-2077.5
-1785.0
-5542.5
-3100.5
-6579.0
-3306.0
-4243.5
-2712.0
-9052.5
-8505.0
-2263.5
-9021.0
-1102.5
-5190.0
459.0
-4735.5
-7605.0
-6346.5
-9364.5
-9675.0
-5095.5
-5506.5
-6099.0
-8344.5
-15307.5
-7117.5
-5673.0
-5707.5
-3009.0
-2676.0
-247.5
-2577.0
-3895.5
-5634.0
-4206.0
-3642.0
-2706.0
-3243.0
-1359.0
979.5
-1500.0
-4719.0
-1660.5
235.5
-874.5
-3913.5
-3486.0
-5022.0
-2434.5
-3703.5
-7987.5
-3588.0
-5140.5
-9675.0
-8229.0
573.0
1860.0
-2652.0
-3325.5
-1908.0
-4780.5
-3813.0
-4753.5
-2092.5
-988.5
-10128.0
-495.0
-1246.5
-4416.0
-3186.0
-1881.0
-4068.0
271.5
-808.5
-3885.0
-358.5
-876.0
-4344.0
-1894.5
-3213.0
-4365.0
-4807.5
-4873.5
-3069.0
-4443.0
-906.0
-2391.0
-1518.0
-5400.0
-7899.0
-3732.0
-3567.0
-5130.0
-373.5
-3349.5
-133.5
-1285.5
-1203.0
624.0
-2757.0
-616.5
-2862.0
1198.5
961.5
-492.0
714.0
-549.0
-1126.5
-3765.0
-1311.0
-1119.0
-2662.5
-5086.5
-3010.5
-88.5
-3835.5
-3634.5
-3957.0
-3090.0
-1201.5
2011.5
-955.5
-2173.5
-1297.5
-7725.0
-364.5
-3757.5
-2386.5
-4407.0
388.5
1905.0
573.0
-4392.0
624.0
-2653.5
123.0
-1039.5
-1551.0
819.0
-736.5
-588.0
-957.0
-1857.0
309.0
-132.0
-765.0
-1138.5
-1566.0
-5652.0
876.0
-1297.5
-3103.5
-5173.5
-7012.5
-5700.0
-3790.5
-223.5
-4032.0
-7278.0
-1635.0
-378.0
-5499.0
216.0
-1414.5
-34.5
-2469.0
1290.0
2434.5
-5809.5
1303.5
-1152.0
-762.0
-2619.0
-3280.5
-3340.5
-381.0
-1002.0
-2520.0
-2673.0
-3853.5
-2167.5
-604.5
1762.5
-429.0
-826.5
-678.0
-1780.5
-1140.0
-1326.0
-558.0
-4363.5
-2475.0
999.0
1852.5
-2572.5
-189.0
-1482.0
216.0
961.5
-2110.5
699.0
826.5
2112.0
-3687.0
-2967.0
-3798.0
-2890.5
-4717.5
-2259.0
-2767.5
2112.0
-1134.0
-3679.5
-4848.0
-1252.5
-1659.0
139.5
-1461.0
1843.5
2008.5
-1303.5
2346.0
-1368.0
489.0
-8103.0
-2541.0
-3757.5
1258.5
-4707.0
-904.5
903.0
-649.5
-1195.5
2191.5
1702.5
1234.5
-346.5
-9.0
2307.0
1413.0
-357.0
-210.0
327.0
-685.5
-2452.5
546.0
-538.5
-2967.0
-1471.5
1231.5
-519.0
-997.5
-345.0
-1890.0
-703.5
1264.5
-756.0
-235.5
6.0
-1288.5
-565.5
-1171.5
1881.0
2602.5
64.5
291.0
2352.0
2536.5
-1504.5
1173.0
2466.0
1144.5
2305.5
-1030.5
453.0
-868.5
-804.0
-2095.5
-24.0
-2745.0
105.0
-4899.0
2412.0
1833.0
649.5
-4441.5
-3366.0
1420.5
-1.5
-1207.5
-381.0
-2737.5
1744.5
555.0
-3109.5
123.0
-753.0
942.0
1194.0
-1558.5
-939.0
814.5
-1665.0
-3598.5
-4833.0
-846.0
-5320.5
-3118.5
-4153.5
-2997.0
2244.0
-4068.0
-4909.5
-4755.0
1762.5
-2227.5
-2979.0
-9646.5
-1386.0
2085.0
-2214.0
2790.0
-1702.5
-121.5
-1095.0
-19.5
-2416.5
-1479.0
-6036.0
-1512.0
-681.0
-3844.5
-3906.0
234.0
-4027.5
-2274.0
-2895.0
-2172.0
2032.5
2454.0
-600.0
-1702.5
-1369.5
-9.0
-369.0
439.5
-1101.0
-300.0
-295.5
-579.0
-550.5
-1923.0
-2263.5
-1576.5
-1446.0
-877.5
855.0
2754.0
-1347.0
667.5
2559.0
-3400.5
729.0
2322.0
216.0
-1330.5
1996.5
2164.5
-171.0
547.5
591.0
1398.0
1965.0
1929.0
684.0
1665.0
1630.5
-3003.0
-5442.0
232.5
-493.5
-1180.5
1188.0
1485.0
793.5
-1188.0
1111.5
2775.0
-844.5
-43.5
849.0
498.0
-654.0
-396.0
-3138.0
-979.5
-37.5
-1812.0
-1381.5
-226.5
-42.0
-1339.5
825.0
-1165.5
-1387.5
754.5
-1650.0
-265.5
-2560.5
960.0
1720.5
-1956.0
-3031.5
619.5
-912.0
1428.0
-4849.5
-3559.5
-3499.5
-1191.0
-7981.5
-4846.5
-1771.5
-7479.0
-1618.5
1032.0
-5703.0
2454.0
-3505.5
1500.0
2607.0
-75.0
-1783.5
2235.0
391.5
-555.0
-2826.0
-1225.5
790.5
2329.5
78.0
891.0
850.5
-142.5
1363.5
1179.0
-1885.5
-3436.5
1591.5
1516.5
-1861.5
-582.0
-613.5
-336.0
-118.5
1402.5
1620.0
-595.5
-1440.0
-4128.0
946.5
1042.5
-2035.5
1542.0
-3126.0
1197.0
2514.0
2703.0
1338.0
-2016.0
-10.5
559.5
2368.5
-361.5
202.5
-2274.0
510.0
1500.0
1462.5
1821.0
1935.0
379.5
318.0
1098.0
1434.0
2263.5
1965.0
2085.0
789.0
-9637.5
-823.5
834.0
403.5
-1834.5
-1519.5
2415.0
247.5
2248.5
2652.0
-6475.5
742.5
1711.5
2035.5
2769.0
709.5
1734.0
-4491.0
1128.0
-1272.0
-7252.5
70.5
-4200.0
2004.0
997.5
-576.0
1995.0
-993.0
-42.0
2880.0
-8085.0
1083.0
2598.0
-3399.0
-702.0
-525.0
1869.0
-489.0
1938.0
-3016.5
-1818.0
1671.0
1266.0
-811.5
300.0
1836.0
1306.5
-40.5
583.5
1912.5
2422.5
-951.0
-144.0
874.5
1878.0
1276.5
2103.0
1609.5
1833.0
1515.0
546.0
-261.0
1585.5
-339.0
-3082.5
523.5
700.5
2331.0
1761.0
-699.0
628.5
-3597.0
1749.0
-403.5
2844.0
748.5
321.0
2775.0
1777.5
291.0
1113.0
2607.0
865.5
1608.0
1224.0
1591.5
-31.5
1858.5
-295.5
1728.0
1174.5
976.5
1530.0
1587.0
2553.0
2181.0
2154.0
2436.0
2766.0
439.5
624.0
1222.5
-799.5
-1804.5
2598.0
-1857.0
1090.5
814.5
1599.0
2679.0
-180.0
505.5
1626.0
1693.5
1276.5
-3331.5
1498.5
279.0
-672.0
-1309.5
-955.5
1533.0
-2098.5
-1137.0
387.0
2187.0
33.0
438.0
-1134.0
2229.0
1438.5
81.0
2793.0
318.0
1114.5
156.0
-225.0
2784.0
1452.0
-2100.0
97.5
2493.0
-1072.5
517.5
909.0
1554.0
1929.0
672.0
1546.5
2131.5
1617.0
870.0
600.0
277.5
2355.0
733.5
786.0
1825.5
85.5
1734.0
1663.5
-859.5
868.5
897.0
994.5
382.5
1266.0
2559.0
1900.5
1492.5
1101.0
1306.5
-1083.0
2028.0
2919.0
1218.0
21.0
2274.0
2706.0
1414.5
1848.0
2322.0
1833.0
2431.5
2298.0
1758.0
-783.0
2526.0
483.0
792.0
1587.0
-2320.5
-1644.0
2367.0
-2614.5
-2523.0
522.0
-3157.5
2307.0
-2803.5
-1315.5
-1209.0
-2431.5
-4.5
-256.5
-4240.5
-2025.0
-1464.0
-342.0
1311.0
283.5
1923.0
1161.0
1224.0
913.5
-172.5
1630.5
504.0
-561.0
-1083.0
-57.0
1863.0
-1065.0
-474.0
747.0
1821.0
1839.0
1407.0
-100.5
936.0
1656.0
799.5
2790.0
1443.0
1837.5
1233.0
-198.0
2136.0
1986.0
-2917.5
1987.5
1245.0
2334.0
235.5
2367.0
2781.0
2211.0
-1977.0
1312.5
2532.0
-1246.5
-2394.0
-2461.5
-6162.0
1489.5
2352.0
-4662.0
2145.0
742.5
1779.0
1785.0
-3250.5
1632.0
-3924.0
-3874.5
-939.0
2301.0
2964.0
-2920.5
-2538.0
-465.0
2448.0
-930.0
2284.5
2329.5
693.0
949.5
630.0
2466.0
-2461.5
-435.0
2463.0
-3499.5
2472.0
2232.0
-2880.0
-1608.0
2556.0
-2499.0
-1804.5
1572.0
-238.5
-1165.5
-22.5
666.0
-241.5
775.5
-69.0
936.0
-336.0
-2415.0
-1116.0
-183.0
2421.0
1527.0
-2260.5
45.0
-462.0
829.5
2103.0
495.0
1896.0
1107.0
2565.0
1524.0
-2086.5
16.5
624.0
-1473.0
-2226.0
-1821.0
1569.0
-1471.5
-1152.0
-721.5
1104.0
1584.0
1320.0
313.5
2823.0
1071.0
775.5
1767.0
-588.0
-207.0
-1071.0
678.0
2718.0
1528.5
-136.5
2193.0
1323.0
916.5
285.0
1273.5
1593.0
2865.0
720.0
1258.5
2088.0
1554.0
2010.0
751.5
-280.5
2022.0
838.5
693.0
1738.5
-391.5
-957.0
1033.5
-4243.5
1314.0
1320.0
-2871.0
-556.5
586.5
2787.0
2382.0
1777.5
-631.5
1044.0
2634.0
1641.0
2160.0
660.0
591.0
2748.0
1579.5
-181.5
138.0
1113.0
1003.5
2739.0
549.0
696.0
399.0
1458.0
-250.5
3.0
120.0
609.0
342.0
606.0
160.5
871.5
2421.0
738.0
2793.0
-93.0
-102.0
-348.0
-1194.0
993.0
-375.0
-1164.0
1128.0
480.0
1545.0
1503.0
-124.5
892.5
688.5
1455.0
1207.5
-735.0
918.0
1282.5
4.5
-1614.0
487.5
1213.5
-1027.5
-573.0
100.5
328.5
958.5
729.0
-81.0
703.5
1825.5
1212.0
2874.0
-3345.0
942.0
-1099.5
660.0
940.5
1152.0
174.0
1422.0
1533.0
1239.0
999.0
841.5
1693.5
2449.5
576.0
-435.0
936.0
-1288.5
676.5
-607.5
279.0
1132.5
864.0
1279.5
1012.5
1021.5
540.0
667.5
-804.0
-103.5
609.0
1455.0
-210.0
1419.0
1297.5
1440.0
1290.0
547.5
1416.0
1654.5
1698.0
1824.0
822.0
-91.5
1654.5
1602.0
1110.0
1014.0
1894.5
-514.5
1747.5
799.5
1531.5
1447.5
1366.5
1065.0
966.0
862.5
1131.0
1251.0
1746.0
1620.0
1165.5
1509.0
1120.5
2256.0
645.0
-1075.5
748.5
28.5
1113.0
1500.0
-1273.5
1314.0
972.0
1681.5
1645.5
568.5
1938.0
1251.0
2043.0
1845.0
210.0
1878.0
1509.0
-214.5
-2301.0
94.5
1671.0
280.5
556.5
879.0
1770.0
1647.0
1297.5
238.5
2860.5
1102.5
996.0
2655.0
597.0
1389.0
481.5
1860.0
2217.0
1029.0
-1822.5
2130.0
1311.0
388.5
-274.5
1143.0
1179.0
2070.0
955.5
1300.5
2853.0
1719.0
951.0
-2881.5
243.0
1581.0
2544.0
1419.0
1051.5
1153.5
952.5
1401.0
-337.5
294.0
402.0
1017.0
969.0
1197.0
1785.0
1491.0
1423.5
780.0
1446.0
1923.0
1272.0
2787.0
444.0
627.0
1719.0
2505.0
1519.5
1758.0
1597.5
1561.5
1722.0
855.0
1363.5
1164.0
1896.0
1000.5
-268.5
298.5
481.5
1741.5
2061.0
1149.0
664.5
1873.5
603.0
2229.0
1377.0
-643.5
1188.0
124.5
2499.0
2583.0
-2338.5
283.5
1764.0
2179.5
1561.5
-1741.5
2229.0
2107.5
2667.0
1375.5
942.0
955.5
1918.5
-2754.0
-5724.0
-369.0
2766.0
-5088.0
700.5
1956.0
1621.5
-4339.5
2074.5
-4221.0
2511.0
-3811.5
2263.5
2997.0
1825.5
2065.5
-3841.5
2182.5
-1684.5
-2716.5
-2028.0
-1827.0
2766.0
-100.5
-1398.0
148.5
-202.5
495.0
817.5
348.0
1509.0
1206.0
1119.0
-1089.0
-1105.5
1206.0
898.5
553.5
939.0
298.5
1236.0
1233.0
-207.0
1084.5
525.0
649.5
834.0
586.5
2541.0
1858.5
1875.0
964.5
123.0
2454.0
1050.0
2478.0
-270.0
138.0
1353.0
2862.0
-610.5
-438.0
2352.0
85.5
631.5
1860.0
1536.0
433.5
364.5
942.0
-1960.5
957.0
2275.5
-601.5
2607.0
840.0
-1413.0
2754.0
-633.0
1776.0
-246.0
-2799.0
543.0
-357.0
-1998.0
2064.0
-1117.5
847.5
841.5
1089.0
1497.0
-213.0
1371.0
898.5
2418.0
1476.0
220.5
1971.0
1789.5
831.0
-2272.5
897.0
2715.0
-333.0
553.5
1017.0
1917.0
1399.5
1506.0
318.0
2910.0
1719.0
1650.0
2715.0
435.0
1089.0
-384.0
1581.0
1597.5
1567.5
-1020.0
1485.0
789.0
1540.5
1056.0
1492.5
1909.5
1569.0
550.5
-1150.5
2337.0
1842.0
1327.5
-87.0
-318.0
2637.0
520.5
1198.5
1576.5
985.5
1032.0
453.0
-325.5
403.5
-1197.0
597.0
568.5
1060.5
1504.5
1647.0
1006.5
-162.0
1152.0
1510.5
885.0
1333.5
280.5
985.5
1623.0
2782.5
-270.0
-174.0
1890.0
714.0
1447.5
2329.5
1318.5
1291.5
1041.0
45.0
915.0
1081.5
1578.0
445.5
1869.0
1627.5
1402.5
1552.5
1233.0
1786.5
1483.5
247.5
393.0
-693.0
1771.5
982.5
-1231.5
1132.5
960.0
1875.0
1803.0
-115.5
963.0
1422.0
1504.5
1623.0
708.0
2131.5
814.5
81.0
-543.0
547.5
2490.0
-247.5
-45.0
646.5
2595.0
949.5
724.5
-1801.5
2430.0
-75.0
-252.0
2808.0
1116.0
-2557.5
-1519.5
991.5
2121.0
607.5
-1243.5
-456.0
2808.0
217.5
-640.5
-267.0
2106.0
2463.0
525.0
-1696.5
2907.0
-118.5
-1401.0
-124.5
-1992.0
180.0
2149.5
1152.0
478.5
-52.5
1627.5
-1593.0
-318.0
459.0
385.5
684.0
1026.0
2274.0
2889.0
2523.0
1435.5
1027.5
1183.5
2751.0
1821.0
2967.0
51.0
1143.0
453.0
-16.5
-502.5
343.5
-726.0
595.5
2502.0
1089.0
1297.5
1879.5
568.5
-282.0
69.0
2190.0
2263.5
1846.5
1461.0
1294.5
1269.0
2259.0
1128.0
2826.0
1668.0
468.0
174.0
-123.0
1251.0
1683.0
-1434.0
138.0
-2473.5
1969.5
735.0
-370.5
-498.0
742.5
2382.0
1359.0
520.5
2158.5
2073.0
232.5
-1878.0
1384.5
1084.5
414.0
228.0
1840.5
1960.5
1884.0
355.5
1377.0
2712.0
2068.5
2187.0
2616.0
1720.5
2119.5
-990.0
2346.0
-150.0
2245.5
-3501.0
-250.5
2802.0
2139.0
-2335.5
1779.0
2628.0
609.0
1924.5
367.5
1221.0
2784.0
370.5
-5878.5
1062.0
2452.5
31.5
-1557.0
2043.0
-985.5
-1504.5
-4374.0
-1624.5
-63.0
-226.5
1941.0
321.0
-261.0
2751.0
2727.0
-1992.0
1779.0
2196.0
-2694.0
-1332.0
2823.0
-2916.0
-1614.0
2724.0
2692.5
-139.5
-1522.5
358.5
-1101.0
-1026.0
603.0
87.0
-1351.5
868.5
1957.5
-1069.5
-459.0
-451.5
-456.0
769.5
-528.0
-2173.5
2556.0
-178.5
379.5
52.5
-295.5
-649.5
-2274.0
496.5
1029.0
205.5
379.5
2178.0
820.5
1506.0
33.0
-1372.5
2356.5
2401.5
2107.5
283.5
2481.0
-319.5
-2814.0
-3366.0
-147.0
-622.5
727.5
1636.5
1642.5
2499.0
2293.5
757.5
-70.5
2793.0
-588.0
1168.5
1236.0
405.0
1579.5
-2599.5
2301.0
-1041.0
2461.5
-2071.5
-2877.0
-1435.5
2614.5
-5499.0
2488.5
-2742.0
-1851.0
-1824.0
-460.5
154.5
2574.0
-132.0
-2202.0
-337.5
141.0
-276.0
61.5
-2245.5
1590.0
1990.5
2215.5
1707.0
715.5
1249.5
1560.0
1666.5
2164.5
2784.0
2760.0
1095.0
1944.0
2550.0
1249.5
2187.0
868.5
1914.0
-853.5
2794.5
1710.0
139.5
370.5
2688.0
1770.0
2811.0
2484.0
0.0
1557.0
1882.5
1039.5
1146.0
2278.5
1759.5
1405.5
1579.5
1719.0
381.0
2215.5
303.0
1570.5
-438.0
837.0
2073.0
918.0
1287.0
333.0
561.0
-19.5
2244.0
1866.0
1503.0
421.5
1561.5
1813.5
1228.5
2458.5
1407.0
1827.0
2085.0
1371.0
-886.5
-814.5
1906.5
865.5
442.5
1729.5
2440.5
2358.0
1843.5
-3526.5
2775.0
-1431.0
711.0
2739.0
1950.0
-3898.5
-2130.0
2319.0
1756.5
2476.5
-3201.0
-4905.0
-1714.5
2167.5
-3934.5
-1368.0
2670.0
2253.0
-783.0
352.5
2466.0
2725.5
1539.0
-3751.5
-2376.0
-154.5
372.0
-219.0
2139.0
-5092.5
-1489.5
2166.0
1917.0
-1842.0
1686.0
2257.5
-120.0
577.5
2832.0
2761.5
631.5
-835.5
223.5
1351.5
2472.0
1503.0
-886.5
-1054.5
2697.0
1125.0
976.5
814.5
2535.0
946.5
2796.0
-549.0
988.5
2316.0
2391.0
958.5
-546.0
390.0
2485.5
937.5
2763.0
-396.0
1579.5
2376.0
354.0
1774.5
-831.0
342.0
474.0
-679.5
1239.0
2412.0
-724.5
300.0
2283.0
585.0
1237.5
-463.5
298.5
981.0
1156.5
2434.5
-1018.5
2664.0
184.5
669.0
-1072.5
-372.0
2631.0
-165.0
309.0
922.5
2634.0
2437.5
2427.0
-378.0
2476.5
2518.5
1057.5
2991.0
528.0
1611.0
-1009.5
1149.0
2688.0
2574.0
16.5
624.0
1233.0
-99.0
-1390.5
2838.0
2659.5
1255.5
1332.0
310.5
1459.5
2946.0
1435.5
-193.5
1158.0
429.0
1212.0
1948.5
2275.5
1158.0
532.5
1045.5
1672.5
541.5
1215.0
921.0
-1125.0
-531.0
2839.5
241.5
376.5
2041.5
2601.0
2361.0
2457.0
2775.0
963.0
1462.5
2466.0
2563.5
2122.5
1206.0
2784.0
1905.0
1402.5
2614.5
843.0
496.5
2442.0
306.0
-1173.0
-195.0
93.0
346.5
1405.5
1356.0
619.5
2508.0
810.0
1218.0
450.0
1023.0
2355.0
-613.5
1165.5
1674.0
-543.0
-547.5
523.5
2505.0
2589.0
-409.5
549.0
2487.0
1260.0
2571.0
559.5
2533.5
988.5
592.5
-654.0
1173.0
1497.0
900.0
1635.0
2089.5
2655.0
2415.0
2547.0
1069.5
2889.0
1419.0
2436.0
2727.0
-327.0
2311.5
312.0
2367.0
1186.5
2331.0
1137.0
403.5
1371.0
2568.0
-720.0
2286.0
2038.5
1590.0
1650.0
1035.0
2442.0
2257.5
1014.0
-358.5
496.5
2343.0
1848.0
1914.0
2113.5
1212.0
1768.5
2127.0
465.0
1009.5
1507.5
1632.0
321.0
24.0
2124.0
2712.0
1048.5
1285.5
2095.5
1531.5
2022.0
2961.0
46.5
-336.0
2520.0
2520.0
2086.5
294.0
2823.0
1819.5
1702.5
2343.0
939.0
541.5
2298.0
1452.0
-268.5
-174.0
-22.5
1459.5
2718.0
1608.0
1128.0
2823.0
298.5
2172.0
1281.0
1246.5
1908.0
1288.5
1447.5
1749.0
-1072.5
1438.5
1791.0
2454.0
2331.0
178.5
1203.0
1090.5
2418.0
2605.5
-387.0
2826.0
2083.5
-93.0
-328.5
795.0
2101.5
1147.5
450.0
1936.5
2511.0
2310.0
1476.0
-462.0
2901.0
1465.5
1056.0
2604.0
1111.5
1890.0
979.5
1744.5
2044.5
2655.0
-763.5
1707.0
2316.0
2506.5
535.5
2430.0
2097.0
2694.0
277.5
-2085.0
2460.0
2025.0
1234.5
336.0
438.0
1197.0
1570.5
973.5
1692.0
1705.5
1804.5
2347.5
853.5
1294.5
1567.5
1843.5
1195.5
2028.0
2796.0
1272.0
1221.0
1015.5
2310.0
1446.0
2493.0
2889.0
693.0
694.5
2466.0
2616.0
994.5
1665.0
2616.0
2034.0
2859.0
2353.5
1272.0
1677.0
1851.0
1953.0
1224.0
901.5
2400.0
864.0
2763.0
1833.0
2167.5
2326.5
1180.5
2841.0
2188.5
-40.5
241.5
-154.5
1680.0
1557.0
-1044.0
1476.0
2329.5
1069.5
2179.5
1560.0
1380.0
2433.0
2196.0
2520.0
1653.0
2751.0
888.0
-8758.5
-4413.0
828.0
2505.0
159.0
987.0
-751.5
2484.0
2485.5
2223.0
-2004.0
1911.0
2610.0
1834.5
2770.5
1906.5
2380.5
181.5
1938.0
2023.5
2550.0
-777.0
1581.0
2281.5
2428.5
250.5
2499.0
2574.0
2158.5
1756.5
1045.5
2616.0
2575.5
1228.5
-84.0
550.5
2661.0
1287.0
-892.5
2134.5
1210.5
-61.5
1974.0
1956.0
280.5
-300.0
1834.5
1437.0
223.5
2652.0
2745.0
1213.5
1086.0
135.0
828.0
2424.0
2952.0
1848.0
-9.0
-1536.0
-1836.0
1501.5
1246.5
2580.0
1078.5
2592.0
2613.0
-2371.5
2406.0
1942.5
-612.0
1825.5
213.0
-1732.5
-1968.0
2757.0
2298.0
2133.0
2859.0
1711.5
2748.0
1255.5
628.5
64.5
-2425.5
1179.0
2386.5
385.5
1671.0
1801.5
2424.0
2823.0
751.5
433.5
951.0
1803.0
2422.5
618.0
2565.0
2098.5
1021.5
-228.0
129.0
1986.0
990.0
645.0
2221.5
2700.0
2593.5
783.0
567.0
2958.0
2658.0
2254.5
2844.0
1371.0
1725.0
249.0
924.0
1812.0
627.0
-741.0
1357.5
2577.0
2622.0
565.5
2662.5
2676.0
1671.0
1474.5
1098.0
655.5
2502.0
1633.5
652.5
405.0
2550.0
1863.0
2293.5
849.0
271.5
604.5
2352.0
-2442.0
-250.5
373.5
1777.5
-181.5
727.5
2821.5
2736.0
852.0
2226.0
2574.0
1975.5
2475.0
2482.5
991.5
1357.5
2550.0
-1905.0
-519.0
1560.0
2769.0
876.0
2511.0
2460.0
1240.5
2250.0
1219.5
160.5
-214.5
565.5
1735.5
1210.5
2796.0
2559.0
1059.0
2718.0
-45.0
2955.0
462.0
1239.0
2148.0
-646.5
-453.0
1255.5
-418.5
1210.5
2263.5
2277.0
2577.0
534.0
828.0
2439.0
2547.0
2050.5
1326.0
2115.0
1498.5
1738.5
177.0
313.5
577.5
1192.5
220.5
2065.5
2628.0
2529.0
1989.0
174.0
2844.0
1267.5
1101.0
2724.0
15.0
2424.0
81.0
2061.0
697.5
549.0
-789.0
1054.5
1594.5
2394.0
-124.5
2575.5
2733.0
1833.0
1929.0
1017.0
2670.0
2572.5
1878.0
-1083.0
-175.5
2496.0
1392.0
585.0
475.5
957.0
165.0
1704.0
-844.5
982.5
1660.5
1941.0
445.5
2401.5
2814.0
2817.0
759.0
69.0
1224.0
2772.0
2562.0
2881.5
339.0
1138.5
2355.0
1194.0
1768.5
390.0
2667.0
1948.5
2565.0
2679.0
825.0
-394.5
1380.0
1035.0
565.5
1720.5
1362.0
-538.5
2724.0
2370.0
826.5
2763.0
-910.5
2623.5
1131.0
702.0
679.5
-895.5
1141.5
1018.5
294.0
1018.5
2325.0
2514.0
1170.0
127.5
255.0
2383.5
2563.5
2683.5
-1065.0
2796.0
1389.0
-822.0
-2340.0
-1269.0
1348.5
-1731.0
397.5
2055.0
2716.5
2613.0
2334.0
2098.5
2778.0
2562.0
1312.5
2532.0
516.0
2235.0
76.5
1096.5
1564.5
2616.0
408.0
2088.0
2425.5
2589.0
-237.0
2475.0
2571.0
777.0
2316.0
690.0
2808.0
2454.0
475.5
-862.5
1369.5
2538.0
1918.5
2313.0
349.5
-202.5
1434.0
2328.0
1420.5
-1342.5
1549.5
993.0
-94.5
268.5
2901.0
2811.0
-84.0
816.0
2646.0
2496.0
2646.0
3006.0
910.5
-538.5
364.5
2775.0
-421.5
226.5
2835.0
-445.5
2742.0
2718.0
649.5
1110.0
2583.0
-27.0
222.0
1792.5
1140.0
1168.5
2293.5
2470.5
1561.5
2605.5
1327.5
2170.5
1927.5
1225.5
2095.5
810.0
-2727.0
2535.0
-1789.5
1986.0
669.0
895.5
549.0
556.5
726.0
1072.5
2496.0
597.0
-568.5
1824.0
928.5
990.0
-1534.5
-2008.5
1155.0
391.5
-351.0
2427.0
2770.5
2688.0
1005.0
1234.5
2272.5
2646.0
1899.0
2877.0
-922.5
2176.5
-103.5
2424.0
1332.0
1360.5
690.0
1506.0
1746.0
1804.5
921.0
2661.0
2272.5
2320.5
2083.5
1158.0
2623.5
2529.0
978.0
-3814.5
1620.0
1107.0
2209.5
1699.5
-3162.0
1816.5
2307.0
2283.0
-387.0
876.0
-175.5
2286.0
466.5
750.0
2826.0
2775.0
1098.0
2061.0
2302.5
1849.5
2688.0
2835.0
-1570.5
-825.0
2769.0
2820.0
1213.5
1410.0
2700.0
1315.5
2772.0
475.5
601.5
-109.5
664.5
-72.0
-426.0
945.0
510.0
813.0
1390.5
1126.5
931.5
1855.5
-24.0
2823.0
-1117.5
-4036.5
723.0
-3108.0
897.0
2176.5
-6129.0
-1035.0
1354.5
1530.0
1573.5
175.5
1174.5
2416.5
2823.0
1236.0
60.0
1824.0
-334.5
1380.0
-1447.5
-162.0
-1525.5
-1545.0
-4788.0
-54.0
2038.5
1338.0
-495.0
400.5
1387.5
898.5
174.0
2838.0
-838.5
2278.5
-1620.0
2565.0
703.5
1182.0
1254.0
1830.0
910.5
1426.5
1074.0
2584.5
1246.5
1675.5
-360.0
1534.5
2583.0
2122.5
1488.0
-294.0
175.5
1969.5
2232.0
1728.0
2415.0
-81.0
264.0
583.5
-1642.5
1644.0
-475.5
1990.5
1933.5
1863.0
2763.0
1375.5
1614.0
1335.0
1248.0
474.0
241.5
2754.0
-610.5
927.0
2470.5
1191.0
-147.0
1425.0
2791.5
1474.5
2428.5
1317.0
838.5
1486.5
2392.5
480.0
-84.0
1963.5
1171.5
1045.5
2002.5
895.5
1255.5
2037.0
1318.5
2940.0
-406.5
307.5
1012.5
-399.0
1302.0
1222.5
-2046.0
2001.0
1642.5
1462.5
2766.0
507.0
1360.5
2118.0
1132.5
2775.0
-1320.0
2763.0
865.5
862.5
-1804.5
-1710.0
1449.0
-1917.0
-883.5
820.5
1693.5
1869.0
808.5
-1539.0
1546.5
1459.5
1102.5
1320.0
268.5
1947.0
3.0
1131.0
1141.5
1795.5
1032.0
1275.0
2322.0
2199.0
127.5
1630.5
1417.5
2790.0
582.0
1021.5
2691.0
1587.0
1398.0
-1093.5
1045.5
2226.0
1992.0
1071.0
1965.0
862.5
-1138.5
1317.0
49.5
-732.0
-762.0
-156.0
1312.5
151.5
2754.0
2361.0
768.0
927.0
1342.5
2208.0
1200.0
3018.0
382.5
1791.0
2712.0
2422.5
1888.5
1140.0
1431.0
1051.5
2751.0
2214.0
1188.0
852.0
1573.5
-1407.0
-1119.0
898.5
687.0
1462.5
2418.0
940.5
1383.0
2391.0
850.5
1462.5
-63.0
-273.0
744.0
-463.5
-1255.5
2754.0
-64.5
1920.0
1105.5
1020.0
2008.5
678.0
1320.0
1996.5
2055.0
1609.5
807.0
2634.0
1266.0
873.0
-1719.0
600.0
-417.0
969.0
853.5
1509.0
2011.5
-331.5
1699.5
1063.5
2913.0
1588.5
1482.0
2865.0
766.5
2290.5
733.5
2535.0
1656.0
1039.5
931.5
1189.5
1866.0
1579.5
132.0
1744.5
1731.0
1350.0
762.0
612.0
2781.0
1981.5
1162.5
-618.0
1009.5
2619.0
2023.5
-541.5
78.0
1264.5
-40.5
1792.5
-828.0
831.0
903.0
-2068.5
-469.5
-1902.0
2793.0
2880.0
-1297.5
-99.0
993.0
1401.0
1182.0
2604.0
19.5
49.5
2829.0
1791.0
1272.0
717.0
2766.0
1035.0
1342.5
1393.5
298.5
723.0
1791.0
-232.5
-1095.0
490.5
-807.0
1195.5
2490.0
1591.5
1950.0
2829.0
835.5
2757.0
-378.0
1218.0
1615.5
-873.0
-1602.0
-1341.0
-3217.5
1399.5
2358.0
2616.0
985.5
933.0
-211.5
2055.0
549.0
2310.0
-1350.0
2413.5
1971.0
1302.0
-957.0
-465.0
1653.0
-2541.0
711.0
792.0
2784.0
2391.0
1381.5
1446.0
2755.5
1593.0
612.0
2859.0
882.0
610.5
-1119.0
864.0
1167.0
1564.5
-283.5
75.0
1401.0
1339.5
822.0
2523.0
-513.0
-2272.5
1066.5
1071.0
2670.0
1533.0
1354.5
169.5
1248.0
1572.0
-42.0
304.5
1167.0
1224.0
822.0
2092.5
-493.5
150.0
685.5
969.0
-165.0
1138.5
2841.0
2566.5
1339.5
1341.0
2442.0
2436.0
1326.0
2802.0
607.5
253.5
1419.0
1102.5
-702.0
534.0
1389.0
115.5
2025.0
1387.5
750.0
1533.0
969.0
364.5
634.5
733.5
2163.0
45.0
1243.5
1632.0
1830.0
586.5
-22.5
1572.0
111.0
142.5
685.5
-769.5
-1942.5
-1365.0
-1647.0
-4156.5
2280.0
-2673.0
-4407.0
796.5
-3828.0
-3856.5
-3769.5
-1731.0
-2940.0
27.0
1210.5
-150.0
-1407.0
658.5
1416.0
-15.0
673.5
1021.5
-52.5
1618.5
1431.0
817.5
2088.0
874.5
901.5
2976.0
1074.0
-202.5
-216.0
1218.0
2457.0
1047.0
-202.5
1414.5
1107.0
1479.0
-448.5
-124.5
1578.0
2458.5
1024.5
1072.5
1765.5
1995.0
-295.5
651.0
1309.5
1455.0
1605.0
910.5
1399.5
999.0
1123.5
1582.5
-411.0
-142.5
1107.0
723.0
286.5
1174.5
1716.0
1432.5
1104.0
1794.0
1507.5
1071.0
1339.5
2829.0
306.0
102.0
2835.0
2247.0
-1290.0
97.5
2109.0
18.0
2529.0
1747.5
985.5
1605.0
2091.0
136.5
751.5
1336.5
2580.0
1555.5
2341.5
2283.0
2404.5
1615.5
1345.5
2605.5
1987.5
-294.0
1360.5
336.0
1567.5
2541.0
-549.0
1759.5
1128.0
-1335.0
2487.0
1848.0
1405.5
1848.0
1831.5
1737.0
6.0
1597.5
1410.0
1327.5
-355.5
175.5
2559.0
543.0
-250.5
1506.0
1528.5
1780.5
810.0
1569.0
2874.0
2025.0
1639.5
1921.5
390.0
2272.5
-1609.5
-615.0
724.5
529.5
-1383.0
771.0
51.0
-3067.5
-1024.5
2595.0
-928.5
183.0
-1479.0
-1494.0
1909.5
2452.5
201.0
-307.5
964.5
1960.5
588.0
741.0
-355.5
298.5
79.5
1905.0
1512.0
813.0
1066.5
1222.5
508.5
654.0
1902.0
2382.0
1021.5
1023.0
2068.5
1660.5
1876.5
2178.0
408.0
1528.5
2256.0
2404.5
1008.0
330.0
1602.0
1282.5
2827.5
1818.0
1102.5
969.0
1881.0
1248.0
-304.5
988.5
1936.5
1314.0
2847.0
1803.0
1539.0
2181.0
1284.0
2061.0
1678.5
1171.5
1533.0
-55.5
1369.5
2038.5
304.5
1527.0
1599.0
2190.0
1780.5
888.0
505.5
1942.5
2322.0
1705.5
1572.0
2611.5
2328.0
1135.5
577.5
1135.5
1575.0
880.5
1651.5
1365.0
1911.0
1827.0
1990.5
1470.0
2922.0
2463.0
2574.0
2590.5
1036.5
2349.0
723.0
1552.5
2649.0
1579.5
1008.0
1801.5
1647.0
1671.0
1338.0
2625.0
2719.5
2748.0
865.5
1633.5
2856.0
2817.0
2173.5
880.5
828.0
2637.0
981.0
585.0
2401.5
831.0
954.0
1899.0
-15.0
852.0
963.0
831.0
514.5
1831.5
2922.0
1815.0
2082.0
657.0
1249.5
1135.5
2188.5
1894.5
733.5
1192.5
2622.0
2406.0
1714.5
2170.5
1299.0
1749.0
2161.5
2256.0
1788.0
1323.0
2056.5
1047.0
-783.0
1449.0
1351.5
1866.0
1575.0
1909.5
2211.0
1185.0
1224.0
2284.5
634.5
481.5
2526.0
493.5
786.0
1686.0
-586.5
1939.5
2397.0
1605.0
1591.5
888.0
1687.5
1881.0
2199.0
1605.0
412.5
1114.5
1180.5
843.0
-1200.0
874.5
1410.0
510.0
135.0
1438.5
2017.5
1837.5
1477.5
1047.0
2274.0
2161.5
1717.5
2937.0
1068.0
2331.0
1045.5
2242.5
1770.0
1779.0
-637.5
1618.5
1878.0
1399.5
976.5
1890.0
1896.0
1924.5
1761.0
1632.0
1906.5
2817.0
1573.5
913.5
451.5
1975.5
1807.5
1428.0
1428.0
394.5
693.0
1003.5
1459.5
820.5
781.5
1233.0
1188.0
2179.5
1425.0
2778.0
1674.0
1402.5
1629.0
1546.5
2295.0
2352.0
1309.5
1240.5
2157.0
2154.0
1525.5
1993.5
2808.0
1966.5
2838.0
1000.5
979.5
1836.0
1255.5
1513.5
808.5
1138.5
1971.0
379.5
1711.5
2103.0
1711.5
1492.5
1429.5
1860.0
1561.5
1389.0
1846.5
-601.5
1711.5
1252.5
304.5
1858.5
1500.0
1635.0
1633.5
204.0
2088.0
2550.0
2451.0
1330.5
1024.5
2850.0
834.0
304.5
-34.5
373.5
2400.0
447.0
733.5
1291.5
2107.5
1819.5
2043.0
1333.5
2745.0
1993.5
2032.5
1948.5
82.5
1786.5
994.5
1662.0
1936.5
1759.5
493.5
1620.0
2271.0
2643.0
787.5
2233.5
1951.5
1291.5
1813.5
1086.0
1716.0
2251.5
1114.5
1048.5
1300.5
2374.5
808.5
1474.5
1521.0
1162.5
1077.0
2037.0
958.5
1603.5
1557.0
2001.0
1842.0
2209.5
2082.0
2832.0
1189.5
1506.0
1719.0
2301.0
1741.5
-399.0
1770.0
45.0
1575.0
1236.0
1635.0
2256.0
2503.5
1536.0
2071.5
2326.5
1413.0
1944.0
2473.5
2056.5
1065.0
1201.5
1965.0
2044.5
2607.0
2388.0
1993.5
2718.0
1263.0
2613.0
1663.5
978.0
-417.0
1077.0
289.5
1674.0
472.5
1027.5
1827.0
2682.0
2436.0
322.5
1453.5
2274.0
2754.0
2784.0
709.5
2787.0
870.0
826.5
-646.5
1318.5
2496.0
495.0
1552.5
1908.0
2787.0
1540.5
1414.5
844.5
2832.0
1818.0
1527.0
1879.5
742.5
1753.5
655.5
1533.0
2269.5
2389.5
328.5
2116.5
2859.0
1674.0
622.5
2733.0
1974.0
2553.0
1920.0
1324.5
2778.0
2706.0
1320.0
739.5
1192.5
1308.0
2328.0
711.0
1651.5
595.5
678.0
1894.5
1401.0
1786.5
988.5
1333.5
1644.0
1930.5
2895.0
1450.5
1357.5
373.5
2172.0
-219.0
2202.0
2466.0
954.0
747.0
2134.5
2427.0
741.0
-316.5
2328.0
291.0
2290.5
2370.0
1194.0
1567.5
2205.0
51.0
1260.0
-61.5
1341.0
727.5
2199.0
1320.0
1357.5
2403.0
781.5
2227.5
645.0
-441.0
1560.0
117.0
1452.0
1683.0
574.5
1318.5
2037.0
1816.5
1711.5
598.5
1165.5
1086.0
2850.0
2161.5
652.5
2113.5
1242.0
-1324.5
120.0
601.5
2661.0
366.0
1015.5
739.5
1624.5
1167.0
783.0
1137.0
2841.0
1170.0
1539.0
1935.0
1207.5
1392.0
-813.0
1510.5
2760.0
2442.0
750.0
1557.0
2874.0
1915.5
882.0
1503.0
2265.0
2056.5
1368.0
1588.5
2751.0
2112.0
1363.5
867.0
1570.5
2109.0
1420.5
1588.5
2415.0
553.5
2031.0
1884.0
775.5
757.5
567.0
1497.0
1221.0
1389.0
2823.0
2802.0
1804.5
1774.5
2343.0
1681.5
1476.0
2299.5
1495.5
1599.0
2730.0
2023.5
1759.5
1918.5
2388.0
1164.0
2340.0
1630.5
940.5
2011.5
2538.0
1530.0
708.0
1462.5
1894.5
1302.0
1965.0
2176.5
1156.5
1938.0
501.0
2907.0
138.0
894.0
1387.5
-204.0
1872.0
2049.0
-1452.0
2056.5
1872.0
1578.0
1771.5
945.0
1557.0
2467.5
1561.5
1977.0
-181.5
2271.0
1912.5
-243.0
-1306.5
-217.5
2293.5
-190.5
673.5
1375.5
2073.0
1695.0
2553.0
303.0
2065.5
1845.0
1056.0
2823.0
198.0
1255.5
-4047.0
748.5
1759.5
1209.0
703.5
874.5
1573.5
1705.5
655.5
2184.0
2241.0
2269.5
-153.0
1545.0
2226.0
2760.0
1479.0
520.5
1459.5
1684.5
1651.5
1863.0
1327.5
1062.0
1600.5
1830.0
1011.0
1102.5
946.5
2058.0
802.5
1542.0
2874.0
1845.0
1458.0
1743.0
2391.0
1492.5
1894.5
2478.0
1108.5
-156.0
1926.0
2433.0
1887.0
1327.5
2766.0
1840.5
2295.0
1698.0
1465.5
406.5
2191.5
810.0
-2578.5
1908.0
2457.0
1074.0
2071.5
1371.0
1627.5
2910.0
1446.0
2160.0
1638.0
1263.0
1653.0
-385.5
2188.5
714.0
118.5
1780.5
1899.0
1657.5
2850.0
1474.5
-1159.5
2544.0
2802.0
2844.0
69.0
2724.0
-652.5
784.5
-606.0
-517.5
2253.0
1471.5
1671.0
2230.5
2817.0
1446.0
1183.5
366.0
2883.0
1459.5
1246.5
2238.0
924.0
2421.0
681.0
1342.5
1657.5
2601.0
22.5
1206.0
2205.0
2527.5
-277.5
2799.0
1504.5
1078.5
2034.0
741.0
1591.5
2874.0
1615.5
463.5
532.5
2679.0
1095.0
843.0
823.5
1947.0
1143.0
1756.5
292.5
913.5
2074.5
2179.5
1380.0
1411.5
2871.0
2790.0
984.0
2262.0
2643.0
1668.0
2718.0
2883.0
1215.0
1639.5
2703.0
2682.0
2223.0
1288.5
2238.0
222.0
1944.0
133.5
-291.0
441.0
1845.0
193.5
-1062.0
586.5
1630.5
592.5
859.5
925.5
360.0
1822.5
979.5
1320.0
2100.0
396.0
-21.0
99.0
1086.0
2643.0
901.5
2026.5
2560.5
2610.0
2706.0
348.0
844.5
1767.0
2487.0
2478.0
297.0
807.0
2349.0
1338.0
141.0
900.0
2253.0
796.5
1221.0
1894.5
2542.5
1821.0
2403.0
967.5
2832.0
2559.0
2020.5
2778.0
924.0
2451.0
-1308.0
2541.0
2106.0
2718.0
-1351.5
1956.0
2085.0
1198.5
912.0
2685.0
2140.5
2319.0
2217.0
816.0
2742.0
2626.5
1849.5
583.5
498.0
1399.5
1636.5
1113.0
1093.5
672.0
1669.5
2206.5
1213.5
1045.5
607.5
1927.5
1423.5
2155.5
2868.0
2829.0
1089.0
1128.0
504.0
2331.0
2658.0
2850.0
27.0
1509.0
2727.0
2290.5
2275.5
1353.0
2713.5
-454.5
2856.0
2709.0
1420.5
1869.0
2395.5
1671.0
939.0
1840.5
1890.0
1930.5
2826.0
1611.0
2158.5
2643.0
1438.5
2868.0
1716.0
105.0
1147.5
249.0
2010.0
1827.0
-792.0
1528.5
1509.0
1801.5
1707.0
724.5
2022.0
2245.5
1842.0
1974.0
385.5
1966.5
1273.5
-123.0
354.0
1201.5
1392.0
1288.5
-351.0
1879.5
2109.0
1968.0
1303.5
343.5
3015.0
1792.5
1228.5
2377.5
471.0
2245.5
925.5
2520.0
775.5
1041.0
261.0
1012.5
1207.5
2484.0
844.5
2763.0
1369.5
1722.0
1323.0
1431.0
1881.0
2847.0
1447.5
597.0
1821.0
2343.0
1141.5
1272.0
1926.0
793.5
253.5
-30.0
480.0
1332.0
-550.5
1788.0
381.0
1537.5
2755.5
2685.0
1020.0
1063.5
2514.0
1560.0
2676.0
1989.0
789.0
633.0
1809.0
2136.0
1662.0
478.5
2739.0
1500.0
1851.0
2679.0
301.5
844.5
1695.0
1227.0
-46.5
1170.0
1902.0
615.0
2401.5
930.0
1378.5
2583.0
979.5
2292.0
868.5
1560.0
1822.5
-241.5
1959.0
2832.0
462.0
2008.5
1947.0
2476.5
2412.0
687.0
2116.5
2317.5
2175.0
2523.0
1798.5
2043.0
1812.0
1756.5
-1903.5
-184.5
2151.0
822.0
700.5
334.5
1083.0
2400.0
2104.5
390.0
1893.0
1668.0
2395.5
2430.0
922.5
2140.5
1575.0
1617.0
2386.5
1717.5
-411.0
2010.0
2370.0
2460.0
757.5
2571.0
2137.5
2373.0
1897.5
1249.5
2697.0
2700.0
1143.0
391.5
-193.5
735.0
1639.5
1065.0
1120.5
381.0
903.0
904.5
352.5
1423.5
559.5
1131.0
1090.5
2328.0
2862.0
2383.5
1936.5
841.5
2227.5
1662.0
1869.0
2907.0
909.0
406.5
2083.5
2665.5
1308.0
1011.0
2736.0
1684.5
2712.0
2628.0
495.0
2412.0
1323.0
256.5
115.5
2095.5
727.5
-469.5
2065.5
352.5
1903.5
-100.5
328.5
2661.0
1906.5
285.0
1384.5
937.5
2082.0
1554.0
-90.0
1561.5
1789.5
2580.0
2797.5
1162.5
1422.0
2602.5
1815.0
2778.0
873.0
2256.0
2299.5
418.5
-172.5
613.5
2278.5
933.0
1516.5
2014.5
2103.0
1897.5
2523.0
1786.5
2907.0
2604.0
2280.0
2731.5
616.5
2218.5
-124.5
1899.0
2140.5
2679.0
796.5
1764.0
1317.0
1786.5
-265.5
2235.0
2037.0
2211.0
1158.0
1686.0
2904.0
2005.5
1689.0
1542.0
997.5
1563.0
2343.0
1317.0
1638.0
402.0
2419.5
1981.5
-687.0
1143.0
741.0
1639.5
1227.0
2487.0
2826.0
2835.0
2061.0
786.0
2406.0
2454.0
1947.0
2922.0
2244.0
1242.0
2737.5
1449.0
906.0
1297.5
2862.0
379.5
2880.0
978.0
426.0
2551.5
1837.5
1300.5
726.0
1591.5
2457.0
1000.5
2313.0
2394.0
1269.0
2706.0
1848.0
2874.0
1428.0
783.0
1587.0
955.5
2028.0
1831.5
223.5
2062.5
1537.5
1801.5
1743.0
1347.0
2089.5
2493.0
1782.0
2518.5
-51.0
2781.0
2416.5
1074.0
-555.0
1492.5
2574.0
688.5
-22.5
2157.0
2565.0
1578.0
1225.5
1117.5
2817.0
1536.0
1644.0
2886.0
1354.5
2323.5
367.5
2298.0
2874.0
2673.0
-412.5
1459.5
2457.0
2226.0
46.5
1873.5
2832.0
2901.0
2050.5
426.0
1879.5
2700.0
1665.0
793.5
474.0
1999.5
1509.0
1423.5
1122.0
1666.5
1303.5
1843.5
75.0
1506.0
1290.0
2245.5
1600.5
2431.5
2841.0
2824.5
786.0
1405.5
2065.5
2658.0
1477.5
2853.0
954.0
813.0
2847.0
2763.0
1401.0
576.0
2841.0
2053.5
2661.0
2583.0
855.0
1252.5
2208.0
1456.5
411.0
888.0
1302.0
1639.5
2202.0
1665.0
1999.5
2302.5
1231.5
1801.5
150.0
1285.5
1183.5
862.5
705.0
2352.0
144.0
1779.0
2149.5
2154.0
1579.5
994.5
2152.5
2688.0
2784.0
2179.5
118.5
2772.0
844.5
1282.5
-472.5
355.5
2091.0
1183.5
1464.0
2319.0
2253.0
1957.5
1357.5
1438.5
2170.5
1779.0
2646.0
2916.0
490.5
2346.0
517.5
1750.5
2334.0
1614.0
267.0
2151.0
2230.5
2617.5
868.5
2778.0
1513.5
2290.5
1170.0
1315.5
1485.0
2829.0
-403.5
811.5
793.5
2268.0
1558.5
2167.5
1531.5
1434.0
2019.0
1750.5
252.0
1588.5
1050.0
1594.5
1072.5
2506.5
2877.0
2703.0
2058.0
1522.5
1029.0
2418.0
2671.5
2011.5
1315.5
1087.5
2781.0
1590.0
1438.5
1539.0
2722.5
799.5
2802.0
1443.0
1632.0
2521.5
1455.0
1552.5
1296.0
1878.0
1803.0
2055.0
1845.0
2670.0
1569.0
2857.5
1600.5
2826.0
2110.5
780.0
1663.5
712.5
2142.0
2781.0
-802.5
1900.5
2742.0
2022.0
1926.0
1039.5
1731.0
1870.5
2577.0
2838.0
145.5
2361.0
2382.0
882.0
-91.5
922.5
1683.0
127.5
1546.5
1182.0
2851.5
2469.0
451.5
1245.0
1122.0
100.5
2397.0
1440.0
1233.0
2311.5
909.0
886.5
1698.0
978.0
874.5
1855.5
1744.5
2040.0
810.0
2121.0
2136.0
1726.5
1950.0
1282.5
1695.0
2092.5
1441.5
309.0
1071.0
2319.0
1972.5
1609.5
1635.0
1311.0
1804.5
1809.0
1854.0
858.0
831.0
2158.5
1051.5
1690.5
2112.0
1914.0
1072.5
1324.5
1923.0
2115.0
1872.0
2931.0
1191.0
1228.5
2005.5
2853.0
2043.0
1503.0
1899.0
2032.5
1389.0
2580.0
1098.0
1105.5
2571.0
223.5
1071.0
1923.0
1366.5
1627.5
2892.0
1389.0
475.5
2185.5
1342.5
2574.0
936.0
1425.0
1302.0
225.0
2053.5
1788.0
-1057.5
1807.5
1720.5
1245.0
2007.0
120.0
1069.5
2202.0
1192.5
969.0
856.5
1750.5
945.0
208.5
-559.5
1258.5
1974.0
907.5
1317.0
2344.5
1938.0
1902.0
1185.0
1329.0
2733.0
2628.0
1497.0
2865.0
