-10172
1018
-7347
3125
-386
1477
-5073
-3522
-470
-598
2106
4086
-2871
2128
-14
-4942
3224
2852
-3760
-4704
-7767
-4948
-1911
-2468
1557
542
-5722
-2154
166
748
-3104
1744
1868
7270
-1499
-4547
1319
-788
212
-4090
-5751
-2166
-9091
-2846
-947
2980
-3771
-2198
298
2708
-4204
1997
2385
2579
-3119
-5186
-3426
3971
-2016
-8913
780
-1253
-3916
715
2840
-1170
-8616
3580
4599
2682
-4447
-78
-91
4558
-3887
-6246
4526
-2438
-2662
-4138
-5092
2246
-7
-4865
1829
1355
-5763
2269
1413
-1802
1126
5466
2655
-2812
1736
-8123
2412
3202
-3096
-7836
-2981
1352
-574
-2939
4641
2995
-6091
306
3133
-2190
-4497
33
2162
4730
-2240
-4271
2903
4901
-1446
-3689
-5913
2720
-3279
-368
3666
-1237
-14286
1820
5247
-2654
-7364
3046
2306
6252
-1541
-817
3151
1210
456
-4096
-6656
2763
-5354
828
-3895
2467
-7847
881
-609
1934
519
3506
-442
2202
-3956
829
1599
5798
-59
-1546
-4905
1140
836
1461
1932
1108
-6315
3275
-1689
1077
-4889
7293
1046
833
588
-2870
2129
985
2607
1239
-9164
-1820
-5311
3372
4642
4072
-3539
-1193
3205
170
-1768
2905
-215
5621
1372
2842
358
2604
1892
-3328
-202
400
-3796
3356
1358
4854
-6211
1146
3791
850
-1670
8870
5473
5209
2531
1893
7076
3350
-1624
-3741
-4933
-115
-554
4552
8024
2908
-4466
-841
3857
2334
-3037
3424
7884
4166
2345
3037
4273
5793
7183
856
-5879
3979
990
2873
4431
4962
-4556
1155
5238
2093
316
5255
4817
7397
4671
532
8313
5077
-927
-1549
-2514
3231
-2863
5006
6218
4492
-3495
2363
5739
3732
2901
9213
6785
5207
2283
1707
8542
6384
1512
-3083
2348
5718
317
3196
8644
4857
-2086
3756
3379
5983
1618
7387
5242
7244
4861
2970
8546
9526
2173
1185
2097
7461
-3630
3323
6726
4845
-4469
5017
7889
4652
-790
5809
8494
3804
6431
-524
7867
9234
4289
-3875
5504
6992
-3296
7026
5463
5892
-431
3561
5432
6708
-980
6938
7220
4234
4159
-1320
7051
7252
2508
-1781
155
4889
-1376
7844
9632
3119
391
5370
3264
5903
3840
5972
6199
8005
2938
764
6202
4717
4691
-4158
4106
8991
222
6705
9264
4408
-130
6083
8436
6240
1802
6323
6318
10559
1013
-954
9465
7892
5081
1815
1911
6035
-2558
4965
5194
7508
57
6422
10172
5076
4936
8114
5840
9504
3707
3269
9025
8047
2595
-290
5174
6416
2758
5217
8798
4433
2025
8210
8341
6800
-478
6320
6096
9341
6295
6236
8958
9164
5475
-55
3784
10554
2296
10646
10908
3540
214
8349
10097
7317
2607
7460
7591
8481
7930
1792
6948
7781
7955
-206
2363
8706
-2893
10260
7902
2814
-3244
6383
9131
7812
1068
8491
9156
6952
7794
4673
9472
9161
8251
1922
-2077
7752
938
10431
9070
8534
1864
8190
8305
8926
8771
6717
10378
11184
1278
3733
6219
5495
4157
207
4588
9162
-520
9647
11334
6467
2067
9090
7906
11660
5558
6608
6954
7190
4855
2393
12020
10041
1784
6000
943
9051
1728
6603
8439
9672
1629
4402
8620
8648
5934
8368
7457
8804
4293
299
7627
10634
6593
2424
3738
5319
-1837
8580
11252
8372
3358
8489
11606
7878
5904
9985
10388
7452
6208
3812
10977
11623
8978
5723
226
7019
6224
9408
7920
9531
208
8376
10251
6723
3602
6364
8427
9037
6648
2879
8785
9353
7912
7179
7009
8316
4000
9288
8000
8211
4110
9107
7917
9101
7510
6120
10985
10371
6411
2003
10820
10406
8638
4068
1662
5119
624
8270
7695
11471
4129
7063
10394
10494
7038
6100
7399
9770
5982
3878
9542
11360
2882
5019
4358
9285
1258
6066
11648
9924
7572
6476
8286
6305
9110
10085
10970
11197
6526
3862
8067
9512
8440
5174
3685
4512
4540
9971
10771
8371
2103
10908
10811
10707
7844
9196
12062
10207
7540
6290
9626
11837
7597
3898
5136
9051
4952
8900
12836
9545
5559
9107
10167
10014
5943
11065
10487
10921
5993
4087
12010
10911
8947
5269
7363
7273
3920
10337
11394
10365
8186
11390
9845
8647
3167
11382
9982
11176
5952
4440
10335
12202
9026
5713
5882
9596
6293
8893
10034
9075
2005
10734
12135
9427
8543
12355
11967
9597
9458
4658
11245
11836
10794
5133
8657
8571
6845
10091
10574
9550
1365
11209
11234
9368
8844
10243
11251
10491
9701
9137
12485
10343
10642
2688
8799
9045
6801
8022
10480
11106
4578
10780
11563
7094
8734
10530
11237
10824
7759
4603
10738
9632
10236
5135
6470
9410
5901
9145
11371
10417
748
9631
10775
10358
10063
11632
10115
10692
7471
5128
10692
10749
10941
1080
3887
11090
7042
9997
9507
10310
5278
9938
11963
9201
5327
10144
11440
11313
8031
3815
10579
11971
9415
3215
5470
8793
7512
11169
10242
4781
1159
9056
11342
10463
9410
13087
11547
12260
6984
6111
11906
11151
8688
7542
4710
8646
4116
9537
10111
11334
6357
10456
11418
10097
9355
9912
11549
11107
8303
7148
11927
11712
8389
7702
6802
9873
6071
6227
10125
11484
7695
11433
11216
10140
10271
11763
12519
11014
10123
8830
12530
12167
9447
5800
6221
9798
8291
10937
10811
12163
4355
11952
10783
9070
8389
10241
9682
12446
10091
4603
12970
12125
9054
8019
3293
10336
8524
11014
12285
10752
4831
9848
11228
10598
8005
11111
11995
10661
8702
6971
10463
12314
10660
7390
6437
9763
7889
10944
11354
8911
3681
11663
11319
8286
8621
11029
12034
12376
9946
6611
11934
11912
8170
8774
9621
9639
4684
11091
12418
12208
5650
10602
10706
10665
10060
11337
12130
11684
10602
8836
10652
11547
8934
7874
6374
11397
3300
12075
12126
10527
4067
11434
12431
11369
7446
11340
11627
11368
9940
7877
10919
11918
10069
4693
7761
11311
8647
11525
11811
11587
5169
11874
12326
10689
9535
10676
10724
12123
11230
8157
12223
12270
10176
1987
8716
10142
5156
12047
11995
10840
4286
10699
12404
11556
7259
11989
11845
12207
11438
6013
12157
12552
9892
5789
6467
9849
7688
12005
11903
9412
5207
10204
11443
8445
7144
12387
12285
12193
10423
9267
12582
12644
11180
8470
9294
9485
7716
12009
12106
9138
6330
11015
12126
10970
8781
11195
12620
12355
10911
9877
12057
12380
8649
7463
6519
9397
8554
12525
11617
11491
5068
11467
12655
11441
6637
11452
12323
12008
9539
7767
12416
12599
10636
6375
5936
11085
8658
11552
11515
10028
8875
12068
12815
11151
7222
11946
12161
12245
7669
7460
12863
11809
9718
6421
5382
11681
6671
12026
12355
11712
7567
12164
12392
9587
7790
12636
12403
12188
10154
8948
12193
11854
10243
6746
9321
10204
4767
12351
11697
10815
6826
12934
12846
9542
6609
12268
11660
12269
10547
9768
12419
10620
9026
7339
6984
10674
7799
10581
11281
11353
7226
12202
12728
12396
8324
12255
12839
12446
10447
10137
12528
12643
10840
5315
8273
10469
8862
11886
12911
11621
4243
12090
12635
11044
7871
12456
12228
12114
9139
10051
12565
13050
10802
8865
6548
9662
6659
13151
12337
11026
7097
12716
12441
11516
10004
12197
12647
12366
9501
8748
13131
12418
10909
8720
9603
9806
9005
11601
11323
10965
7352
11442
12779
11669
8436
10415
12574
12178
10676
9962
13401
12116
11448
6126
9921
11690
6355
11999
12511
11952
6730
12119
12777
10312
10666
11982
12867
12453
10820
9217
12043
12257
9911
7073
5019
11276
8572
12588
12547
11096
7603
12673
13085
11341
9350
12682
12611
12622
9234
9983
12625
11270
10879
8644
10964
11415
8270
12149
12626
9311
6049
12481
12671
11705
9348
10915
11684
13188
8063
9202
13002
12585
12204
6694
9042
11840
9514
12647
12805
10991
4571
12390
13139
10553
9574
12793
12408
12935
9575
9422
12641
11748
11712
8122
10344
10979
10299
11498
13027
12470
7135
12452
11946
11099
8996
12443
12898
12438
9615
10424
13204
13069
9810
5428
9969
12172
10233
12496
12486
11912
4336
12106
12608
9493
10012
12063
12505
12468
10596
8818
12202
12799
10992
8773
6540
10433
7735
12621
12467
11845
6709
12102
11971
10679
8838
13001
12896
12735
10496
9953
13007
13335
11759
8721
9122
10960
7126
11900
12661
11272
6622
12571
12536
11847
10016
12175
13418
13611
12184
9273
12359
12500
11203
8596
8587
11899
8150
12722
12978
12291
5628
12295
13327
10662
8934
11865
11282
11727
10189
10065
12430
13081
10142
7434
10302
10477
6484
12785
12880
12171
8606
11908
13225
10697
8370
12909
12833
12784
9147
6917
12841
12668
10331
8962
9268
10745
8325
12508
12841
12193
8486
12941
13125
11264
10034
12752
12665
13412
9085
8847
12540
13333
7816
7592
10929
9533
8931
12451
13260
11390
7716
12301
13526
11652
10505
11426
12961
13260
10048
11182
13362
13154
11615
5050
9645
11977
8079
12031
12703
12655
8706
12724
12233
12408
9552
12221
12842
13155
9670
9107
13148
13578
10875
7721
9234
10791
1298
11988
13478
11808
8046
12536
12248
11893
10567
13151
12821
12174
11472
8653
12972
13070
11404
7937
10522
10094
8365
12983
13336
11881
8721
11743
13071
12917
11458
11633
12689
12804
7605
8806
12789
12845
10919
6913
10348
10970
8766
12864
12656
12838
7586
12312
12722
12219
8699
12932
12374
13035
10177
8550
12953
13302
11027
7065
10920
11522
8817
11807
12860
12028
7042
12979
12924
12217
9186
12309
11564
12962
11239
7712
13393
13543
11145
6539
9793
11929
7913
12975
12867
12057
8673
12458
13224
12343
9227
12351
13212
13060
10416
9396
13049
13135
11938
7461
9878
11126
7489
12269
12447
11518
9380
12673
12680
11658
10388
11951
13067
12676
9063
9347
13186
13168
9391
6549
10183
10437
8366
12981
13169
10895
9160
12311
13607
11821
10009
12391
13169
12914
10067
9818
12776
12540
10281
7877
8947
10800
9233
11916
12946
11254
8815
11643
13602
12118
9934
11974
13027
13344
11796
9254
13393
12969
9783
7509
10447
12586
4127
12425
13474
12423
6714
11822
13164
12432
10683
12542
12721
13474
11075
7847
13094
12981
10792
7501
11136
11992
9312
12495
12832
12233
7838
12384
12786
11614
9337
11576
13118
13529
10513
9493
12860
13338
11140
7186
9793
12602
7599
13276
12806
11001
7993
12766
13343
12377
9263
12175
13101
13206
11508
8684
13261
13509
11083
7888
10479
10109
6551
13069
12477
11136
4040
12448
13628
13060
9145
13171
13308
13246
10495
9337
13329
13259
11036
9096
9837
11003
5582
11816
13065
11350
8548
12333
13392
12658
9829
12086
13349
12786
9692
7850
12616
13443
11899
6687
11346
10642
7551
12248
12495
12080
5141
11681
12945
12315
9486
13325
12966
13437
9524
8841
13219
13244
11193
5818
11239
10717
7831
11986
12156
12028
7989
12529
13635
12776
9074
12250
13131
12985
10364
9936
13046
13305
11092
8566
9515
11500
8950
10850
13439
12076
4302
12410
13304
12563
9491
12169
13212
13307
9122
8937
13548
13585
10009
7822
11209
10674
9595
12431
11812
10938
5513
12279
13448
12555
9397
12982
12585
12839
10629
10228
13482
13226
10216
8383
10588
10505
8721
13262
12926
11600
7947
11613
13674
12456
9331
12592
12878
12794
10679
9742
13770
13432
11722
7093
10892
11402
7810
11967
12927
11940
8241
12757
13639
13061
9033
12889
13059
12927
10443
10008
13173
13422
11320
7069
10396
9798
9410
12663
12948
11131
7595
12980
13188
11961
8496
12907
13184
13293
10628
9048
13592
13711
11409
6100
10036
12216
8146
12930
13001
12668
8197
12251
12127
12941
9348
13046
12016
12936
10190
9817
13464
13457
10294
6853
11388
10686
8091
12910
12662
11421
3373
12343
13535
13429
10152
13265
13681
13189
8015
9789
13051
13439
10861
6790
11315
10721
9099
10793
13006
12515
6450
12257
13257
13123
10338
12733
12328
12896
10070
8339
13461
12277
10388
7789
10453
11386
6976
12507
13293
11251
6794
12641
12424
11977
9614
13151
13017
12874
7910
9523
13802
13272
10558
8215
9737
10694
-888
12062
12820
12410
5921
12938
12225
12763
9955
12589
13549
12985
9928
8786
13366
13161
10315
8039
11011
11361
7100
12129
12407
11591
7500
12139
12776
11548
9218
13125
13214
13098
8459
8031
12388
13630
10216
6885
6079
9369
8043
10784
12490
10526
2802
12761
13054
12614
10725
12392
13644
12708
9510
8563
13485
12478
9642
8328
7758
11864
5876
12147
12588
13399
5892
12514
12722
13038
9273
13728
12720
13290
9884
8930
13451
13023
10008
8949
10286
11300
4443
11752
13204
12074
7147
12923
13215
11786
9328
12176
12853
12814
8895
9792
13131
12203
9212
7008
10126
11771
7627
12658
13126
13197
7539
12511
13057
12085
10265
13233
12874
12882
10302
9274
13425
13277
10788
7559
8962
10361
8009
12018
11643
12667
7983
12593
13150
12263
10121
12555
12740
12591
10030
8765
13563
12814
8660
7850
9741
10692
5760
11806
12262
13031
7388
11991
12716
12686
10073
12140
11886
13012
8877
9654
13583
12682
9526
8615
9472
10618
8314
12243
12641
11006
7724
12147
13108
11868
9996
12294
12284
13302
10474
8481
13511
13141
9544
7839
11286
10917
6590
12393
12696
12824
7574
11973
13767
12887
9929
12845
12776
12538
9931
8842
13456
13062
10205
7774
10239
10420
5868
12494
13177
12268
7599
12634
11975
12487
8309
12373
12939
12881
10687
9120
12641
13409
9435
8537
8918
10254
6130
12960
12976
11721
7558
12679
13261
11899
10041
12887
12617
13032
9345
8105
13073
13222
10287
8201
10865
10523
7584
12202
12701
13040
10147
12938
13045
12189
9673
12689
12639
13145
9847
9610
13228
12819
10053
7661
11478
12121
7505
12031
12323
11122
7346
12545
12733
12571
9584
12491
12889
13207
10841
7707
13518
12998
10930
8021
11550
11615
8021
12771
12614
12418
7439
12333
12954
12622
9412
13365
12928
13126
9575
8168
13149
12820
8940
8117
9843
10045
8089
12871
13130
12158
9537
12456
13324
12598
9061
13069
13008
13060
10057
9248
13214
13501
10321
7632
10623
10243
7948
11968
12928
12069
6588
11992
13286
12291
9475
13563
12550
12731
9694
9171
13345
13275
10474
8748
10623
11292
5619
12357
13072
12063
8237
12870
13492
11168
9686
13701
12967
13374
9933
8734
13180
13345
10453
7679
11520
11225
8603
11827
12719
12104
9862
12595
13117
12947
9462
12922
13607
12700
9825
8364
12584
13143
9780
7551
9823
10623
6983
12859
12938
11809
8342
12724
12929
11979
10229
12187
12876
12747
8765
9863
12959
12875
9772
9150
10525
11201
7176
11729
12531
13045
8137
12495
13045
12526
9680
13179
12701
12303
9936
9415
12813
13231
10239
8297
9928
10590
7758
12591
12393
12819
8215
11929
12485
12479
10147
12900
13381
12383
9739
7774
13169
13150
9129
9312
10448
10225
7358
12889
12501
12819
8641
12276
12995
13055
10456
12866
12745
13067
10099
9086
12949
12646
10339
8377
11149
10315
5699
12074
12371
13005
9885
11744
13175
13304
9457
12765
12461
12619
9644
8647
13566
13454
10171
9240
8030
10594
8261
10560
13184
12225
8808
11951
13156
12699
10400
12272
12732
13377
10965
9784
12985
12919
10199
9614
10455
10514
6651
11305
13110
12059
9372
12627
13075
12310
8871
12437
13317
12806
11551
8712
13463
12934
10106
8352
11828
11080
7472
12621
12368
12447
8396
12835
13173
12448
9738
12946
13289
12948
8884
9035
13564
13680
10018
8240
11759
10768
2834
12360
12547
12416
8775
12817
12425
13182
10347
12964
12435
12423
8907
9017
13629
13246
9909
8307
10798
11023
3029
12019
12041
11238
6632
12132
13158
11677
9874
11672
12029
13089
10059
8910
12911
12951
10387
7377
11403
11425
6641
12973
12791
12225
8323
12455
13103
12881
9780
13041
13151
12883
9802
9394
13414
13055
9799
9560
10905
10901
7463
12447
13167
12784
10030
12214
12852
13147
10665
11923
12323
13094
10390
8495
13077
12320
9145
9496
11267
11008
7352
12691
12488
11917
8376
12596
13051
12915
9450
12925
12977
12175
10283
8834
13365
12768
9994
8091
11961
10612
5743
12390
12425
11552
9164
12741
13006
12057
10083
12887
13103
12834
10432
8728
13519
11995
10092
8870
10682
10594
7986
12761
12298
11824
7757
12530
13073
12451
9743
12560
12818
13003
10094
8331
13270
13411
10018
8971
11718
11612
7770
12574
12178
11799
8315
13075
12657
13170
9862
13055
13277
13097
10699
9726
13551
13113
10155
9917
11176
10447
8402
12456
12963
11382
9542
12709
13453
13208
10738
12587
13315
13143
10233
7070
13484
13409
10137
10538
11701
10763
8117
12242
13274
12618
8630
12184
13360
12835
11066
13143
13405
12717
10382
9109
13719
13301
10725
9455
10889
10899
8110
12325
12871
12475
7676
12369
13543
12748
10025
12954
12905
12678
10347
7148
13292
13009
9860
9382
11495
10148
8324
12279
13052
12912
5638
12789
13142
13030
10252
13090
13576
13257
8823
8158
13618
12984
10084
9079
12372
11027
5543
12305
12601
12217
9000
12414
13426
13249
10400
13312
13900
13236
10171
9557
13933
13455
10179
9113
9332
10877
8304
12044
13086
12521
8135
12552
13228
12265
9845
13862
12864
12756
10110
8488
13046
13115
10111
9277
11427
10927
7218
12255
13091
12592
9499
12047
13330
13148
9453
13540
13450
13235
10347
9875
14063
13589
9949
9681
11373
10445
7752
13069
12728
11288
8781
12560
13315
12798
10317
13700
13475
12923
11049
10338
13597
13407
10122
9598
11540
10688
8433
12106
12836
12893
4980
12107
13235
12837
9762
13351
13046
13054
9604
8822
13345
12727
8203
10406
11270
11419
8847
11980
12853
12538
10048
12717
13438
13010
10124
12459
12907
12647
10257
9333
13350
13218
10089
10488
10524
10892
7600
11935
13141
12815
8620
13258
13597
12640
11668
13432
12912
13113
9154
9994
12784
13346
9866
9755
9843
10161
7227
12680
13165
13581
9394
11481
13487
13309
10455
13533
13947
13685
10120
9095
13153
13987
10558
10457
12970
9760
8174
12592
13172
10818
9396
12362
13567
12790
10320
12905
12932
13612
9221
8053
13632
12611
9707
9807
11388
10588
7209
12375
12815
13145
7665
12319
13033
13003
11244
13893
12880
13215
9235
9209
13268
13299
10661
9355
11290
10713
8121
11967
12973
12458
9753
12596
13130
12223
10816
13161
12694
13097
10225
6295
13487
13065
10010
10363
11396
10433
8685
11651
13105
13186
10071
11831
13383
12926
10856
13110
12948
12755
9867
8640
12801
13006
9764
9496
11642
10788
7294
11922
12925
12482
9451
12737
13212
13087
11307
13368
12539
13189
10616
8444
13319
13023
10303
10845
12220
11018
7123
12212
12925
12575
8810
12287
13305
12301
9945
12263
12729
12892
9007
8828
13823
13648
9851
9621
11907
11934
8452
11634
12767
11628
9265
11876
13361
13080
9688
12467
13308
12754
9953
9223
13659
13449
9633
7847
12008
11770
8508
11916
13065
12185
7949
12544
13340
13017
8953
13668
11821
13021
10757
7980
13570
13257
8773
6483
11523
9683
7850
12206
13106
12615
8287
12346
11920
13260
9776
13022
12384
12597
9367
7587
13357
13610
10231
7379
12029
10883
6450
12382
12662
12163
6178
12656
12599
13389
9944
13212
12761
13232
9548
9378
13227
13230
10955
9226
11930
10569
7726
12181
12774
11917
10000
12620
13174
12924
10976
12963
11921
12767
10809
9451
13152
13100
10171
9256
11266
11022
8930
12620
12311
12730
10574
12496
13428
13223
9304
13070
12881
13357
8792
9435
13617
13332
10424
10145
9448
11122
8470
12676
12687
12690
10618
11972
13074
12631
9028
13867
13239
12812
10014
8963
13800
13900
10208
9478
11600
10887
7408
12255
12644
12736
8253
12572
13312
13163
9114
13133
13025
13400
9101
9068
13441
12970
10275
8373
9690
11142
7307
12466
13081
12895
10056
12774
13534
12440
10574
13674
13048
13337
10256
8728
13542
13198
10354
9666
10884
10526
8641
12179
13367
12367
9411
12800
13715
13638
10761
13340
13460
13163
10617
8708
14066
13456
9734
10529
11140
10339
6484
12726
13399
12791
10011
12512
13211
13160
11362
12663
12146
13224
9748
8079
13928
13447
10023
8923
11573
10316
4655
10963
13173
12819
8868
12466
13368
13260
10276
13569
13003
13425
9768
8331
13641
12935
9910
8765
12177
11118
8645
12064
13748
12821
8890
13000
12727
14012
10905
13473
13473
13350
9681
9495
13534
12757
9231
10361
12324
10809
8854
12650
13487
13164
8953
12660
13049
13064
10649
13358
13026
12969
9814
9051
13786
12891
9719
9733
12510
11146
8208
12254
12823
12486
10285
11902
12720
13268
9896
12618
13172
12654
9970
8768
13516
13323
9932
10210
11682
11914
8276
12169
13166
11566
10528
12108
13474
13176
9939
13784
12942
13253
9947
9396
13930
13820
10639
9818
10998
10734
5702
11891
12460
12484
9549
12542
13870
12950
11728
13617
12755
13012
9970
8589
13858
12761
9532
10462
10782
9605
6987
12085
12914
12872
9500
12273
13354
12099
10141
13249
13345
13450
10163
9342
14161
13788
9522
9195
10534
10600
7110
12242
13234
11676
7922
12303
13666
11795
10086
12498
13338
13420
10048
7724
13120
13939
10626
10001
9275
10735
7902
12171
13073
11676
9625
12532
13611
12885
10573
13494
13176
14019
9445
9477
13528
13595
10836
9988
10299
10656
7058
12196
13374
12705
8808
12424
13373
13594
11451
13681
13171
12610
9238
9165
13728
13611
10074
11379
9787
10646
7077
12115
13440
12350
8510
12404
12763
13380
11093
13465
14277
13271
9703
8406
13961
13937
10332
9193
9416
11148
7822
11820
13415
13579
7766
12136
13059
12709
11369
13043
13642
12824
10193
8888
13479
13293
9730
10868
9914
10762
7710
11601
13130
12426
7752
12413
13609
12497
11322
13531
13188
13631
10246
9298
13885
13587
9964
11029
12159
10817
9058
12529
12757
12582
9268
11234
12882
13047
11370
12852
12477
13259
9385
8628
14011
13315
10272
10276
11646
11172
7993
12733
13261
11416
8064
12284
13214
13349
10262
13149
13005
13244
9786
9383
13264
13364
10426
9041
12257
10881
7465
12220
12638
12538
8527
12582
12866
13246
10497
13330
13122
12916
9214
9451
13352
13604
10200
7358
11597
11168
8643
12602
13086
12559
8177
12488
13473
12958
10171
13062
12743
13311
9198
8710
13521
13451
9967
9806
11907
10945
8516
11998
13155
12603
9018
12568
13270
13742
11279
13266
12938
13092
9667
8295
13324
12981
10538
9100
9995
11825
7625
11488
13224
12019
8575
12126
13246
12586
10711
13450
13402
13522
9969
9349
13589
13454
10062
9292
11251
10794
7061
12312
13242
12816
8400
12374
13659
13223
10171
13189
13376
13089
10220
9146
13868
13673
10447
9272
12322
10788
8057
12373
12865
13317
8328
12446
13088
13127
10028
12697
13818
13270
10375
8849
13900
13446
10142
9086
11798
10520
7690
12723
13106
12330
8218
12117
13237
12923
9277
13290
13060
13238
10142
7698
13613
13578
9539
9510
12019
10840
4499
12406
12864
11560
7133
12653
13812
12796
9720
12894
13088
12858
10303
8978
13100
13996
9897
9433
11466
10176
8288
12510
13009
12873
9110
12279
13581
12866
10323
13721
12859
13643
9749
9230
14230
13380
9943
9934
12129
10606
7906
12134
13194
12831
8344
12167
13266
13612
10176
13901
12984
13239
9875
8736
13653
13623
10517
8755
10995
11177
7114
12522
13350
12779
8936
12720
13209
12985
10679
13209
13736
13273
10555
10055
13737
13593
10271
8891
11256
10765
6603
12054
13211
13162
8465
12635
13492
12860
10720
14030
13296
13287
10658
8943
13560
13361
10841
8604
9187
10968
8262
11681
13478
13240
8230
12347
13841
13207
10411
13089
13292
13547
9154
9036
13526
13703
9380
9295
8712
10902
8316
11969
12380
13194
9673
12240
13209
12166
10772
13035
13691
13232
9591
8780
13445
13353
10246
10360
10809
11178
7621
11959
13251
12767
8290
12388
13927
12759
10763
12853
13307
13541
9736
7870
13486
13768
10107
9358
7182
10990
7990
11628
13262
13266
7168
11564
13022
11454
11455
12292
13369
13472
9328
9731
13821
13550
10536
9467
8304
10552
8448
11962
13257
11972
6383
11937
13060
11649
9466
11860
12802
13374
10265
9432
12566
13251
10105
9658
9096
10053
7256
11563
13211
12699
7889
11646
13836
11754
8627
11994
12830
12660
9337
8659
12965
12848
9910
9993
8360
10884
7235
11778
13203
12745
2348
12339
13213
10896
9023
12297
12872
12856
9996
8724
13476
13429
10119
6484
8117
10484
7403
11691
12908
12155
5944
12517
13054
12740
9933
12685
13012
13458
9550
8919
12964
13292
10301
8929
11318
10976
6700
11852
13216
12355
7929
11928
13622
13311
10428
12683
12780
13459
9175
9673
13106
13289
10642
9279
10332
10315
8122
11697
13285
13363
8767
11400
13594
12556
11062
12554
13215
13143
9064
9618
12862
13775
11160
9887
9789
9462
8428
12213
13695
12804
7486
12566
13263
12508
10638
13736
13536
12764
9819
9155
13526
13752
10339
9180
10468
10195
8122
11988
13520
13396
8280
12469
13186
12323
10223
12993
13117
12863
8833
9240
13479
13770
10169
9121
10896
11212
8584
12100
12919
12548
8255
12666
12924
12639
10128
12607
13120
12841
9794
9468
13597
13349
10383
10376
7796
10441
8068
12489
12671
13044
9113
12229
13278
12800
10541
12680
13544
13511
9999
8841
13281
13636
10368
10403
9697
11000
7880
11906
12942
13097
8040
12636
13503
13284
11607
12901
13390
13544
9621
9400
13708
13371
11805
10717
9243
10684
8253
11921
12972
13140
6027
12203
13367
12085
9690
13281
13059
13419
10340
8962
13484
13377
10632
10335
8272
10607
8149
12069
13462
13036
6807
12058
13261
12442
11469
12620
12860
13245
9973
9630
12925
13452
10120
10425
9724
10078
7130
12275
13120
12878
6386
12055
13653
11134
10803
12141
13071
12948
9862
7612
13054
13506
10887
9614
10387
10377
7451
12336
12968
12563
7701
12058
13804
12143
10131
13439
12693
13387
9943
9785
12986
12934
10406
10279
7942
10615
8070
12214
12904
12890
8209
12359
13486
12200
10747
12031
12739
13319
10309
8950
13090
13363
10192
9975
8900
11059
8175
12081
13584
11946
5606
12142
13496
11188
9558
12736
12798
12784
9712
9464
13163
12988
9263
8706
9254
10973
8110
11862
13339
12291
5741
11846
13730
11437
9724
12149
13157
13240
10578
8067
12960
13390
10437
9555
10930
10941
7439
12226
12896
11852
7053
12112
13572
12317
11049
13221
13123
13513
9687
8719
13440
13265
10026
10212
10041
10546
8456
12272
13023
12656
8289
12425
12824
12797
10985
12880
13590
13647
9836
9346
13683
13431
10143
10306
11833
10985
8522
11801
12693
13694
9035
12698
13322
13190
11062
13535
13823
13259
9886
9549
13537
13664
10120
10425
10275
10805
8379
11498
13115
13118
9013
12890
13166
12805
10384
12713
13048
13330
9830
9042
13886
13562
10741
10047
8360
10790
3891
12271
13039
13162
7987
12059
13513
12386
10693
13890
13321
13435
9634
9330
13814
13274
10084
9827
8681
10654
8628
12273
13195
11971
7788
11487
13733
13227
10765
13057
13546
12836
9733
9980
13475
13332
10649
9849
10067
10401
8506
12408
12842
12660
8216
12143
13479
12273
10720
12979
13172
13522
9860
9468
13160
13620
10282
10002
10085
10746
7935
12199
13507
13186
8187
12576
14000
12666
10818
13322
13616
13450
10213
9478
13985
13347
10753
10487
10225
10679
7236
12351
13251
13149
8340
12345
13829
13051
9645
13584
13899
13783
9169
9031
14041
14202
10329
8694
9999
11207
8913
12191
13412
13616
8698
12223
13257
12739
10320
13755
14120
13465
10335
8929
13632
13608
10820
9237
10712
10796
7881
12500
12948
12566
8107
12831
13676
12106
10728
13301
13487
13722
9941
9147
14118
13730
10073
9877
10939
10891
7894
12325
13495
12542
7536
12266
13281
11666
10794
13218
13581
13356
10334
9623
13832
13872
10137
10474
11146
10997
8522
12287
12929
13084
7816
12645
13924
12781
10989
13450
13683
13955
10113
9121
14134
14098
9898
9179
10557
10707
7980
12354
13029
13707
8133
12470
13534
12878
10958
13188
13330
13376
10610
9929
14020
13364
11147
9400
10477
10682
7890
12476
13285
12633
8194
12748
12837
13212
10262
12781
13172
12839
9251
9695
14074
13051
10366
9922
11205
10853
6606
11868
13122
12473
6785
12338
12998
11867
10674
13163
13244
12512
9974
9570
13481
13727
10461
10033
10933
10024
8513
12129
13343
11291
7785
12611
13250
13080
10795
13452
13767
13131
10171
9281
13707
13791
10582
9091
11917
10561
7102
12444
13041
13316
8194
12943
13022
13097
9966
13131
13448
13410
9854
9390
13820
13096
10515
6887
9465
11399
8332
12782
12975
12705
8175
12641
13667
13534
10617
13185
12982
13561
9796
9013
13460
13631
10418
9695
11177
10774
8058
12333
12973
13584
8529
12435
12993
13726
10409
12694
12962
12884
9847
9264
13264
13966
9173
9505
9859
10073
7650
11051
13413
12528
8269
12381
13581
11906
9401
12741
12564
12868
10476
9068
12516
13561
10603
8764
9684
11250
7429
12440
13106
12608
7942
10976
13157
12767
9878
12473
13146
13042
9525
8223
13919
13791
9495
9564
9690
10273
7976
12681
13651
12993
7938
11704
13636
12798
10594
12140
13264
13666
9513
9083
13488
13884
9760
9064
9919
10893
7040
12636
12596
12811
7809
13007
13949
12693
9747
13570
12857
13353
10289
9185
13459
13273
10501
9042
10383
10816
8394
12343
13447
11789
8529
13012
13273
13285
10203
13519
13252
13659
10423
8910
13933
13700
10159
9092
11183
11132
8506
12403
13006
12375
7775
13079
13512
13215
10045
13369
13791
13569
9927
9110
14117
13736
10311
9818
11058
10858
7176
12161
13026
12306
8088
12864
13026
13241
10442
13397
13382
13420
10283
9686
13855
14106
10060
9557
10851
10877
6984
12323
12935
12495
8184
12663
13406
12636
10757
13446
13533
13522
10310
9115
14254
13005
10424
10251
10381
10905
7633
12184
13084
13245
8130
12654
13406
13100
10680
13472
13619
13531
9879
9098
13843
14035
11141
9715
9337
10922
8091
12446
13049
13266
8096
12652
13583
13100
9995
13163
13100
13033
9798
10065
14134
13756
10274
9629
10303
10817
7616
12152
13076
12445
8272
11859
13524
13222
10495
13358
13232
13321
9913
9237
14085
13878
11081
9415
9661
10806
8549
10830
13318
13108
8147
12697
13837
13259
10014
13276
13102
13329
9857
9740
13594
13750
9067
8943
10193
11262
8443
12253
12946
13044
8174
12324
12893
13004
10179
13130
12890
13086
10585
9056
14034
13863
10447
9185
7620
10805
7500
12312
12799
12223
7412
12000
13576
11488
10525
12924
12541
12941
9453
8684
13016
13785
8947
8835
9959
11028
7664
11891
12651
12058
7296
12484
13027
12867
10229
13159
12849
13315
10052
8475
13449
13705
10363
9773
10758
11337
8021
12421
12542
12618
7139
13023
13576
12507
10047
13121
12998
13145
9377
8715
13667
13917
10433
8784
10963
10095
8357
13130
12998
12245
6921
13126
12794
12839
10529
13143
13291
13096
9852
9218
13647
13271
10545
9005
11835
10392
6779
11724
12340
12459
7168
12954
13163
12835
9317
12893
13464
13233
10737
8989
13527
12978
10153
9840
11405
10961
8188
12682
12517
11347
6652
13164
13162
12844
10128
13340
13134
12961
9688
9198
13759
13157
10618
9655
10547
10544
7727
11827
12998
11539
6288
13073
12852
12342
10371
12942
13658
13164
10050
9132
14055
13219
10281
9229
11456
10416
8583
12179
12632
12673
6799
12738
13308
13365
10462
13042
13328
13134
10294
9084
13963
13804
10457
10830
