-2702
-267
-4884
484
-1494
-2668
-10430
-1890
1214
3550
-2140
971
1325
4550
3368
-7000
3809
757
-1374
-8731
-1565
2089
-2217
3378
4207
-1697
-12516
-2726
3082
-985
-4763
1995
-2402
8601
2528
-11028
-1213
-5166
2448
-1785
-1820
-3368
-4437
4007
4659
3279
-10202
1167
5562
-286
-2787
-1914
1689
2946
-3130
-4718
4054
623
3160
-8499
-770
-2185
-6063
2691
2486
-4098
-11388
3009
2879
-2059
-604
6464
2080
4453
1192
-2371
1461
2244
-3983
-6209
-1008
3116
-9346
1480
3293
-119
-7582
-2153
2499
5712
-1856
1777
2878
2701
3028
-4444
7590
2071
-424
-6813
-6750
1349
-3241
4307
5633
3493
-4869
7243
5340
178
-6499
4794
827
4805
-4655
-172
6376
2832
1133
-3051
379
-1598
-8090
4419
1343
-2260
-8815
6865
1787
7187
-7038
3790
4939
3911
2808
-6319
456
5942
497
-2122
-2275
4964
-7872
8087
2387
-2866
-6722
5929
6258
4903
-1637
4779
4509
2402
91
-2842
7474
8371
2478
-6393
-4054
1116
-6886
2763
517
-6203
-4962
5440
6535
-893
-3461
2429
2300
3011
4025
-2717
-1590
3227
-774
841
-1844
3188
-8600
6040
3386
4132
-4030
1607
1133
5914
-3224
4058
4207
3786
1513
-4168
7536
6814
-3399
-3941
-1746
2041
-7322
1257
3352
2192
681
5911
7592
6972
-3039
5813
6651
5240
3445
-4851
3228
9320
-1795
-2229
1612
3401
-2959
6629
4140
1439
-4015
1711
4472
989
426
3098
2757
10218
1370
-6435
8470
8933
1858
-2424
-2687
1927
-795
3522
7559
3114
-4406
5489
7024
2508
-3131
4749
2595
7818
1625
-4661
4956
2023
-3072
-3385
540
4773
-2531
4445
4933
7849
-3742
3032
1162
4961
-3972
-1662
4061
4095
-953
-3079
8135
4167
36
-3700
-624
1038
461
6003
2506
2771
-4378
1050
5793
440
1399
3179
2539
2494
1569
-1940
5444
10219
-5174
-2853
3192
4408
-6837
3986
1485
7371
171
-1794
3502
8583
2048
4328
1713
6218
2493
-93
2498
5593
-4403
37
1248
2896
-6646
1317
147
5799
2626
2473
4679
4161
-2513
1217
7236
2747
1234
3439
7681
6219
2649
1424
1146
-1093
-3490
7170
8378
4644
-2505
-1458
5787
7966
-1101
8234
2736
7119
214
-71
4186
9131
-1680
-5527
1570
88
-6367
1538
5980
3576
-940
2958
4980
7124
621
1837
4505
6277
3277
-1489
7960
6635
894
-1355
1632
361
-8491
5544
6121
5354
-831
4079
6000
1425
2680
5838
6012
10032
1116
-7073
102
8002
-1706
-350
206
2515
-7453
4342
4515
2671
-5316
7846
4563
5460
3098
2643
5594
6020
-959
-2423
3630
5732
-807
-2019
634
3530
453
4484
9320
3982
-1361
4697
10114
6380
2884
5846
5012
7687
5294
-1573
7508
5792
-2802
3527
1469
4275
-794
5510
5799
4014
-3636
2359
8732
7350
1489
6733
6687
7212
8762
3673
5469
9883
3637
-3717
2984
-737
-4534
6571
2587
7841
-729
3095
9366
4318
-3243
9082
8152
9319
5854
-4942
6365
6081
3209
667
-509
3150
-6670
4469
982
5057
1034
941
8961
3315
5578
7193
7506
3189
-1459
-418
6134
7458
1604
-4938
1983
-1798
-3387
4694
5461
1970
717
-2136
4476
6759
-890
1072
6447
4486
2465
-646
10075
7324
-2131
-3378
2822
6259
-4754
8539
6772
2844
-4117
3486
7966
745
-935
6854
5174
4455
-1378
1106
6580
8482
-2667
3478
2228
3407
-5459
5551
8241
3330
-2231
5982
9381
7502
815
7614
3064
7861
2139
-80
5157
1931
5466
514
5441
3251
-306
6700
7225
-582
-2472
6012
9545
6210
5682
3453
8190
7435
3364
399
8243
6450
561
-1284
2767
6104
-2275
6002
8543
5574
-1549
5261
9410
-106
-563
7382
-3287
8389
1855
-2026
2318
5846
3142
-554
-2062
6223
1113
10049
9333
5796
582
5820
5169
6375
2021
7463
10939
7657
7007
3754
7523
7455
3726
-900
1072
5939
-84
10551
7965
6320
863
5169
6376
8947
2701
8124
3048
10198
5967
2612
7639
4680
1305
-4108
1935
5530
-3154
6013
8745
6463
-2429
1465
7191
5722
4199
10808
6581
6823
7903
-456
4109
8590
-371
-2856
-4600
7095
1275
3786
5824
4698
-3066
7270
6708
10304
711
8817
6309
8267
5252
607
10513
7992
3671
-1604
1967
5526
-3030
8173
2081
9736
-1830
5305
8068
6661
3202
8405
4922
9107
5616
-6875
8069
7939
1887
4982
3236
3270
-1730
7896
8715
4353
-3044
7413
8192
7234
-536
5190
4708
6287
2037
-2000
6157
9452
3178
954
1414
2195
-1375
5715
6461
6548
-43
46
6915
9055
3845
9895
300
7453
2826
-1651
8030
8699
2882
-442
1986
7145
-271
9092
6893
8156
-2164
6385
9533
7057
4315
10897
9467
8097
3985
3092
9117
8878
1600
2136
2189
5805
3458
4795
6020
3096
-2725
6729
8678
2996
2350
9380
8094
5152
3673
815
10895
8605
6088
396
2241
6954
4222
8417
7768
8367
-2293
6932
7213
8344
2099
10394
9890
4784
1788
3874
8344
6271
5675
-2937
25
8493
-2618
9169
8275
6182
1108
7679
4877
8671
4422
8284
8658
10697
6418
4551
7964
10974
4688
-885
4489
4203
-3102
7090
7702
9343
4363
5648
5742
5457
4313
9766
7065
9026
2918
-121
10496
9638
3226
3976
7033
8341
1666
8092
9241
8634
3703
5009
8706
9031
7292
7112
9785
6558
6058
1575
10465
10498
2199
1296
5133
5820
-104
6622
8584
4130
-3547
8603
9182
7051
6017
9316
6602
5727
2660
433
6620
10943
-380
3098
2173
2757
-4183
9654
10228
3392
3416
5037
9078
9110
5913
9250
6478
9489
4077
3643
10630
5133
4459
2936
6270
8089
864
7861
9245
7672
1511
8326
7123
4381
2316
9578
8292
8440
6204
5228
8529
8039
8096
-1160
8567
864
5641
8107
7157
8768
-1141
7582
10208
5168
6092
8918
8601
9271
7084
4924
11018
9345
8640
3381
7190
4843
-3649
9638
10698
7852
2727
4459
9112
6771
951
9888
9602
9037
6298
-2840
8918
9148
6532
-618
3807
9258
2749
6585
9074
4706
-185
8099
11277
10446
6707
7468
10675
7913
5618
2614
11234
7888
6147
4927
6167
7339
-2052
8473
10167
9335
209
7344
10917
7361
8193
9048
6948
8461
7805
2190
7528
8740
2255
4696
5340
4619
-473
6017
7016
7305
902
4823
11453
10548
5454
9327
9320
9107
3288
727
9686
9306
7243
1236
5135
6240
-4194
9120
10423
10609
3454
8925
9233
8775
4137
7578
9303
9288
5554
1204
10156
8027
7251
4529
5031
5310
4358
8958
8857
7347
481
10046
10351
9352
-437
10689
11412
4930
6234
-3187
10609
9176
7766
1707
4654
3833
-332
8876
5555
7399
1272
9570
12488
9519
6136
8294
9999
10085
6449
1339
8882
10344
7361
5147
3330
4321
-1807
8557
8454
8147
2047
10601
10307
8956
2369
7111
8980
9627
6227
2489
8233
11657
6453
4320
5956
5673
1999
8773
10590
9664
2763
7641
10017
7161
4270
8282
9294
8485
8312
3892
11435
7856
1575
528
4090
9497
2646
11025
9217
8385
4102
8838
9430
10151
7433
8221
9564
8962
6098
2901
11480
11145
4278
4523
6398
7707
1709
6925
7336
8915
4476
6055
9468
9609
5180
10351
7784
9920
8687
5573
8025
9914
7000
5632
2722
7338
-557
10368
6428
6690
3657
8415
8771
5325
5556
11235
7943
10647
6374
2751
11767
9714
1287
3369
5775
8967
2416
10536
9901
10021
-61
4924
9703
11171
3294
8640
6917
9998
7085
2329
6787
11261
5257
2474
6146
5454
1289
9577
7643
9117
1619
5188
6644
6082
7772
10524
10431
9761
7512
853
4083
11173
4779
392
2897
9231
838
9821
8680
8933
324
8884
8483
6847
3825
10751
11579
7245
6514
4728
11487
10662
6504
4742
4954
6768
-4016
9960
9065
6946
3330
7328
7850
7562
7764
11986
10266
7330
6730
5291
7448
7337
7538
4973
3949
4919
690
8839
8436
8920
1473
7480
6460
7006
5146
10318
10126
9970
9454
4447
9187
10641
6161
2426
6428
8383
3690
7561
8422
9540
2800
9645
8865
7794
4624
10429
10722
8279
6893
3207
8967
10486
5162
4849
4274
7880
1464
5896
9136
7940
4547
10148
9542
9660
5626
7713
10444
10625
6984
7201
9140
11158
3548
6400
5570
7080
4067
9558
10078
8219
-1316
8055
7808
9563
4305
9525
10352
7392
8770
2256
10046
11252
3572
5536
6683
5976
927
8405
8041
4106
1197
7083
9442
8354
1930
9009
7433
7134
5204
6021
10818
7606
4079
8628
2051
6116
-5937
10198
10235
8883
3246
9092
9332
9723
5722
10514
10086
6619
1463
5750
9580
9262
1220
4678
6980
7976
3767
7384
9705
7842
523
7445
7017
10736
8962
9232
9665
8089
8130
5419
8891
10818
8698
6073
7205
10209
-1347
9980
9062
7206
572
9114
9070
8943
5261
11451
9402
11540
6623
5210
11823
10254
5795
4021
8474
9080
3191
10152
10259
5780
1686
7449
6974
11737
5145
11574
10121
8802
7937
4980
9232
10010
9662
3544
10214
9791
-2400
8029
9149
7371
-42
9282
9524
8351
3133
9550
8832
9942
4809
5930
9747
11054
8566
2589
7053
8349
-162
8910
10314
9862
4711
8970
9163
11051
6668
10344
8952
9581
8126
430
10845
8599
4555
8043
6977
9380
3976
10672
6003
6989
3632
6408
6856
9815
6022
9335
11664
10700
6370
3562
9555
10570
5420
5169
5998
8036
1160
8641
7221
8918
749
5548
9651
10041
8066
8936
9407
8453
2910
3481
10869
10184
4127
1425
5466
8741
2117
9569
9332
10617
320
10043
9578
9705
8162
9623
10474
9091
7630
6396
9821
11006
3727
5667
6878
7879
-88
6898
10776
9297
4534
7431
9791
10985
3759
7680
10233
7993
6269
3696
10347
9376
8480
244
7010
6661
-451
11723
9838
8518
3579
9248
10630
10011
5973
8773
11059
10017
5880
2584
9846
9006
5937
3189
7841
5727
-392
9857
8849
9274
4053
10198
8084
8756
3178
7656
8662
9343
4729
802
9188
10092
3813
-120
1280
6641
835
7970
7789
7262
4188
9389
8798
8513
9213
5726
8573
8352
7119
2609
7947
9374
2965
5472
5288
4832
5721
9646
9593
8349
5775
10746
7154
11108
5332
10609
10188
9458
5009
651
11425
7956
9839
1353
3672
8248
-232
9352
9157
5768
1202
7488
10816
11031
5143
7496
10220
8493
7749
5923
11720
9483
6151
6749
7285
7015
1559
8446
10229
8019
3838
9803
9838
10430
2644
10359
9185
8151
7636
966
10362
8914
5105
2641
4616
4711
2788
8913
10395
9090
2725
8816
10478
6814
8355
9718
10920
10109
4328
3413
11665
10118
9080
6442
7485
7043
-476
8787
9510
7946
7088
6796
9547
9495
4386
10379
7474
11927
7788
3303
8887
11103
9254
5563
5931
7384
-3004
8564
6893
8832
3384
9114
7014
11463
4341
11223
8752
12227
4740
4626
10433
6849
5771
3233
6579
8382
3342
9241
8457
9169
1107
7402
10464
10959
4286
11057
9379
10652
7331
5090
10419
9196
9087
4669
6168
5511
4274
11300
9601
7409
-798
10195
9335
8053
7293
8770
7545
7489
4073
4582
9016
8172
5813
5137
6627
5100
2293
8731
10601
9157
5567
10334
11149
11516
7148
9623
8262
11220
4543
2167
10742
11127
4270
7389
3568
6861
4298
7728
8087
10146
216
7633
7828
9877
6541
12028
9585
8114
7979
1592
9731
8410
3221
1505
5356
9629
2390
10757
4891
8274
6514
8557
9533
11515
6111
11256
11416
10195
9722
1675
10050
9948
5810
594
6508
6462
1354
9117
10344
9814
5376
3334
9869
11636
7036
10356
9043
8309
6437
1534
11431
11460
7955
5132
6880
10133
3124
9925
8669
10524
4291
8460
6644
8360
6805
9404
10409
9632
5606
749
11179
8220
5699
5020
5863
8554
1369
8890
9045
7552
5178
7087
6019
10496
7090
9326
12372
11140
5506
5258
7861
10481
7380
2694
4938
9719
-444
9130
10411
9504
6792
8606
8677
10625
8825
8762
11278
11457
1635
2166
10033
9446
4122
8155
5973
8743
2399
10367
7191
5310
2874
10814
8890
9650
5951
9377
9351
9287
6189
5507
9985
11637
8338
4173
4915
8770
2129
9414
9236
10009
477
7172
8529
8738
1766
9881
9587
10635
6052
1364
7878
9054
6180
4251
5185
9412
734
9370
11336
10975
1495
10315
6107
8083
7904
11771
10347
7511
4313
7225
9168
8136
4401
3276
7430
2260
3925
8077
7775
7973
4993
8338
10039
9373
7988
10728
10798
11353
3956
2936
9446
10644
6473
7148
4715
6602
5581
9125
10829
10595
1022
9877
9198
10974
7386
11189
9371
7683
6079
4370
12202
9449
8316
4658
4055
6304
4679
8482
8746
8968
3436
8184
8563
10502
4357
9047
8681
9723
6208
4750
9609
9567
7447
3851
1570
9500
44
7984
9175
8330
3265
8913
9864
7693
4911
10661
9373
11624
10320
-247
11951
9805
7631
5639
3448
8600
5479
7973
11301
8237
3079
9023
8162
10352
8071
10313
11799
9926
5196
2567
8768
10013
8087
2555
5688
6952
5613
9585
10515
8335
3524
5307
12306
7511
2920
10012
10989
8653
6409
475
10799
8910
7602
5265
3233
10141
5445
7488
9614
6767
5127
8186
11040
9357
5375
10324
8404
10906
9326
4476
9694
9409
6141
4942
5835
6867
4330
10140
8927
9733
1801
7419
10493
6193
7958
10839
9249
12381
9140
6431
9157
10415
7032
6723
8929
8916
2641
9937
11040
9691
348
9243
8913
8523
3742
9460
9679
10725
1994
4544
11248
8875
7173
4031
467
6307
-419
11244
8592
5549
3879
10227
8807
9971
3757
9813
9822
11148
8035
7240
11627
10041
5345
6286
3497
8522
1458
10463
9232
8491
3767
11049
9006
9101
4640
11473
9401
10898
7888
-3254
9000
8944
7574
653
5571
9369
-1240
8609
9502
7374
2143
10013
10778
11334
4404
10745
8778
9069
8720
3695
10342
8010
8796
3325
6676
10795
1861
9604
10746
5023
2846
8386
7798
9959
7612
10761
9918
9431
9803
5026
10858
11668
1351
6373
7749
9820
6521
9372
11482
8402
3061
7874
10828
10847
6145
9245
11344
10099
6323
220
9135
10461
10307
7922
3726
8572
58
8043
9777
7469
-772
7152
11389
8928
2407
8943
9263
11009
7937
6003
9966
11266
9756
6838
-39
9426
5194
7338
11596
9038
1239
6875
8500
10093
4846
11289
9664
10176
10258
4749
9553
10847
4197
2349
1532
6691
6650
11033
10038
9133
2660
7337
10261
10279
4927
10668
11456
10498
8367
5291
11977
9810
9903
3924
8092
9077
4475
9911
11722
7909
4628
7500
10633
10781
3365
8799
10132
7540
8322
6592
12047
9840
8007
2274
7299
9082
3208
8149
10524
9468
1230
8608
11415
11581
4492
9239
9758
9254
10269
5745
9796
11834
9221
4142
8740
9457
3437
6261
10445
9257
1665
8222
9911
10784
3821
9841
10616
9658
10470
5656
10516
11764
8245
7148
8026
10045
3684
10547
8450
8700
1920
9501
11896
10788
5583
7922
10425
10599
8764
7168
10986
9581
8752
7521
6849
9831
427
10072
10446
10585
3624
6806
10878
11639
5276
12089
9081
10438
8811
2582
10636
7799
9975
5061
4086
6226
4443
9773
10736
5613
-693
9453
8681
7366
5501
9095
8808
9941
9008
8200
7155
12113
8585
5513
6893
7291
-90
11698
9609
8010
479
8369
8826
10937
6677
9755
8521
11074
9089
4559
9821
9115
6951
4818
6166
10439
1313
9908
8588
9428
2213
8423
9860
10352
5013
11895
9006
10758
7164
2715
10278
10721
8988
5228
4950
8294
-1237
9734
10844
8457
1934
5915
9704
10191
7754
8991
9424
8970
9234
7046
10150
9402
3894
3383
4635
9625
4526
4890
8546
10932
3176
5993
10519
10212
6161
9295
10425
11130
1620
4866
10522
10343
2359
5352
6313
9384
3380
10592
9967
10031
3896
7184
9363
10235
5982
10582
12570
9104
5904
6915
11631
10611
6517
2721
4526
4529
2142
7000
10117
9185
4068
9582
10203
9801
9853
10449
10157
4166
5433
2609
6658
9352
8117
2566
5085
7674
754
10586
10054
11332
-363
4939
9720
5019
3551
7900
10780
10160
7832
4837
9345
11997
9781
4996
5026
9690
-202
10093
8116
10851
-3951
5758
11061
11008
3052
11368
9017
9798
5885
8462
8014
11280
7603
6093
7353
3317
4936
10423
10187
9243
3424
8523
9943
9891
7078
8731
10311
9725
10088
5962
9149
11197
8744
5133
7801
8546
-6782
9721
9714
8304
1128
7943
10160
11051
5449
8471
10134
8262
7465
7422
11695
10779
5330
6633
5104
8930
4514
8351
7556
7913
3202
10119
8553
7351
4928
11504
9841
9882
4376
6641
9270
7831
7542
4027
2508
8511
-5242
5551
7820
8922
4596
9409
10168
9435
7079
6114
7219
11419
7605
6893
9223
7545
7078
4515
-17
9306
2153
9676
10551
7021
174
7460
10393
8086
6568
10234
11525
10805
7811
6724
11504
11051
6055
2092
5333
8220
-405
9804
10154
9243
1146
11892
12055
8637
8135
7319
9443
10571
7673
8252
11066
6448
9254
4895
3348
5172
2477
11728
10964
9196
2950
9540
7165
9426
6441
10161
6419
10776
7532
3402
10374
10913
4453
4971
6545
9073
-180
7880
11266
9363
3061
5909
10968
10174
8130
9963
8658
11601
9851
6243
10887
7079
7723
8105
3695
9174
4865
9579
8828
10823
4122
7399
8439
8840
3115
10055
11387
8709
8549
2312
9201
6478
7573
3423
6217
10465
1513
10610
9750
8931
5800
7239
9330
9488
6327
10878
9154
9587
8191
3970
7215
10373
7787
6051
5114
9717
3550
10414
9791
8561
4285
10111
10250
11376
5358
7170
9462
11420
7805
3617
9607
10138
10301
6108
3191
4671
358
10804
10816
6404
2152
3387
7334
8211
5852
9998
10274
7626
8347
2335
9165
10319
4963
3767
5410
8873
4728
7736
10006
7544
3663
5391
9671
9179
6543
10344
10990
10745
8747
5984
10406
11328
7587
6650
5485
8138
5270
11387
10032
11014
5891
9084
7334
5199
5677
11104
10356
8640
8941
4845
7847
10330
4331
6798
6264
9579
5146
6842
10347
9436
4212
9557
8847
11057
4037
10657
11602
6978
10916
6583
10854
10456
7817
4627
5760
3601
-1582
6622
9385
8966
2083
7177
9931
7294
5981
11142
11544
6509
5865
1847
8119
8903
6228
5988
7129
8909
6373
9694
9857
7353
4440
10808
10634
8195
5916
11271
10835
8901
6942
5306
9136
11392
8793
5396
4112
8710
5027
9480
9600
7557
3980
7210
9980
9669
6785
8313
7689
9183
8642
4676
9466
7800
4172
4495
6133
8854
4754
8539
9338
9228
1415
7574
10231
10455
4878
7947
8991
8455
8920
4171
10696
10843
5340
4185
10383
9660
1800
7205
11016
11319
5897
9492
9842
7876
5685
11276
11820
8220
5334
5531
8096
11495
5337
762
4149
8691
777
9414
10561
9567
2626
6472
10410
7111
7769
9318
10063
9789
8238
4946
10675
10190
3625
1632
3919
8395
1359
11472
10995
8728
1994
8417
10625
8517
4163
11639
9278
7666
7936
3317
9285
10043
5451
3509
5066
8148
666
6630
9834
8004
-1169
8088
5788
9994
7899
8723
11808
6721
7766
7212
9743
9901
10014
4822
5804
6909
3895
10257
9171
8005
5475
7832
9744
8432
7597
10488
11891
9610
6435
8546
11259
11867
4660
6500
6155
8317
6173
9124
6813
6180
3230
9701
6900
8760
6728
9779
8731
8920
6999
1810
10291
11198
9078
5248
7489
9891
5921
12864
10765
8232
3793
9922
10042
8861
5257
12079
10890
11126
9386
7078
11883
11144
3674
5234
3954
7277
1363
9101
9625
8794
4320
7524
10671
7351
6549
11525
9938
8679
8782
5342
11432
10945
4946
3271
5429
11387
3042
10608
9513
7848
3086
10299
10693
10582
3315
9734
8184
7206
8508
5657
9510
9528
3663
6758
2714
7422
4597
8850
5778
10547
3380
8536
10757
11951
5746
8623
9558
9209
6417
5690
9156
9146
9287
5477
4194
7751
914
10244
10811
10756
1936
10789
9332
10868
7522
10124
11749
8116
9497
1551
6131
9775
5448
2195
4864
5121
4024
10432
10801
9268
-3309
10471
5074
10715
5305
11326
7667
8941
8082
1902
9681
10055
5078
6084
5231
7266
1891
8245
10507
7346
1533
10206
9596
9235
5292
10374
10516
5005
7567
6398
7199
7256
7437
3733
5890
9269
5668
4189
12022
7293
1099
7062
9661
9664
9339
7759
11727
10291
8437
3620
11545
9863
9475
4056
6523
9467
4222
7810
10079
9857
3388
8749
8045
9476
8149
10550
10404
11049
7125
3389
9256
8653
8546
3762
3472
6864
1467
9171
9603
8584
1067
8208
8691
9332
8303
9133
10623
10017
6746
6426
10822
8879
10204
6501
4923
10530
2382
10061
10100
7145
3933
9191
9297
10421
6274
11299
10231
8918
7875
1274
6878
11324
8563
5583
4244
8870
6710
9879
10832
7598
-1144
9981
11406
7982
5503
5498
9893
10614
8284
5694
10528
9967
4436
4929
5641
8563
-1258
6012
9808
10510
-1677
8808
10215
7991
7835
8977
10608
6874
9144
2877
8836
11336
2199
3923
5655
4628
1872
6735
8773
9438
4978
6843
9440
9948
7765
8390
8046
8989
4823
6362
11903
8535
8612
5775
3142
7678
3068
7877
6959
9952
5130
9713
8013
7871
9646
9870
10909
10607
3800
2748
10781
12187
7077
2092
3135
7208
3608
10556
8737
8252
2184
10302
10431
10028
5950
9584
10135
7538
4534
5084
8687
9663
7693
5095
7790
6565
2362
11714
7850
10672
2228
10373
11043
7512
6456
10954
8439
10287
6903
1921
8302
9925
8331
2990
7432
7458
3572
8119
9705
7237
4680
9660
10822
10611
4612
11482
11365
10503
6873
4072
11427
10718
2576
6340
7733
5803
2045
9182
8499
7721
31
8644
11208
9139
5189
7504
10541
9048
5050
6113
10941
7676
5341
5022
5420
7512
-709
7936
8929
8250
-465
8306
10681
5212
5981
8493
8364
9021
8295
1720
12489
10660
8421
5744
6913
8723
1635
9918
11523
11685
7106
6358
8537
8218
5660
10937
9785
11226
8113
2538
10287
9152
8129
7658
488
5714
2119
8703
7453
7253
3939
7790
10869
9165
4873
7136
9662
11067
8400
4007
8185
9051
6389
1317
7639
8893
6398
7300
8518
9360
-41
7569
9184
10841
5139
9365
9112
10665
7084
3587
9546
11329
6890
2740
4380
8089
3656
8043
7919
7395
3001
7697
10208
10799
5480
10963
7413
10399
6653
-1701
5974
9661
8226
6441
5489
8079
-549
10225
11578
6349
6295
9845
10365
9377
4995
11670
11021
10711
7685
4102
9180
9339
7419
5687
6503
6309
3877
9704
10598
9334
6540
8303
10615
6206
5759
8948
10678
8454
7063
6777
11113
7692
7352
7376
6273
7356
6169
9531
11188
6865
2030
8971
9568
8809
9538
8657
11169
10539
3609
4419
10151
11514
6792
3137
6042
7060
7390
9736
10693
6955
4575
9807
10279
10779
6687
11035
7685
10893
1350
4179
11376
9665
8614
3865
7624
6233
4094
6618
5757
8370
4330
5150
8499
6263
7110
10980
10261
7850
8862
3793
6626
9255
5395
580
8337
4753
2312
8651
9444
8324
8675
8438
8859
6749
3960
7684
10661
8552
960
6404
7721
8827
7466
2901
8179
9315
4000
10543
9852
8393
3660
9413
9973
9457
5789
9235
9974
7637
7985
1293
9484
9139
9729
4346
6878
8554
-583
7511
8924
9951
4150
8651
10912
9670
5336
9231
11310
10708
6193
6532
11482
9471
2310
4561
7020
5204
5996
9064
7500
6004
3595
8373
10080
11320
6583
5607
8451
9750
10603
3097
7611
10425
11055
5115
4573
7028
3934
10664
9860
8252
129
8829
8534
7266
3413
9608
11014
8372
7331
2615
7672
11411
8606
5227
6336
10121
3652
8487
9936
9039
-713
10864
8530
9940
5927
11223
9412
3337
9497
6683
9853
11475
6185
4036
3518
10121
1986
6205
8101
9847
4441
8217
10004
10547
5280
9669
9618
8311
7432
200
11019
10831
8670
4555
7048
7263
3278
7765
10108
7906
3334
8448
11049
4545
7053
9382
8914
11727
5506
5906
6742
7922
8163
5313
6061
5433
2610
5807
10648
7856
1206
9956
8709
8276
3393
9990
8840
8861
6150
5407
9024
9627
6677
3512
5735
8907
4769
8304
10586
8034
4717
8883
10410
10249
6202
8668
9006
10197
8728
4588
6912
6639
9157
8955
617
8777
5721
6801
3039
9903
1080
4198
10514
8082
9101
4117
11802
8298
9055
4289
9680
9108
2564
3420
2991
9423
-3631
9146
11542
9559
2101
7632
9503
11060
6700
10042
7572
10907
6979
3278
11520
7244
7419
2840
7237
6562
6501
9683
10858
8121
-242
7905
10186
7896
4466
10423
9285
9059
5906
2876
10781
8590
6508
6425
6343
7468
2038
7201
10327
5801
3003
6816
9696
7492
5357
7256
9243
4013
4607
2287
9194
9566
6989
1097
307
8171
4259
9007
8128
9769
1815
5800
8089
9185
7104
5762
9574
10927
7894
6033
8094
7967
6162
4367
2974
3052
4968
6668
7998
8491
-738
9797
8326
5724
6820
7097
11780
8035
3898
6953
9107
11306
6707
5187
4362
6944
1996
9251
11134
9653
-1167
9867
7048
8116
7160
8865
10415
11296
7695
7463
8970
7435
9635
2757
5106
7265
4638
8646
9007
9470
5466
7858
10757
9290
6091
10881
8191
11539
5988
7201
8193
10675
8850
6320
7504
9947
6064
10201
8899
9074
769
8250
8053
6367
4754
11040
10631
9537
8834
7474
10404
7881
9287
5577
4186
8925
6015
11228
9141
5134
1162
7942
9600
7878
7502
9862
9934
10897
8196
6475
7650
10389
5736
6403
4292
8595
1384
10102
9769
10568
953
9096
9936
7491
5262
6720
8209
11201
6946
7199
7777
9763
5908
5474
4036
7666
4557
10615
11180
9107
1508
6356
8266
10173
7018
10507
9996
10146
5589
2043
10070
10410
6906
3645
9194
7107
2196
7199
10776
10397
-1028
9606
9992
10438
9118
10043
11282
6711
3937
6800
8236
9957
4624
6832
4981
6231
5090
8992
8921
9630
-2269
7572
5628
8328
1689
6208
9843
7412
8934
5751
10664
12200
6207
3536
7413
9601
1144
7035
6711
9476
6840
10863
8733
7644
8348
8820
10491
7650
6817
5239
8264
6970
8772
3268
9547
6757
3239
6367
9956
3755
2236
7981
9315
7572
7217
10834
9258
10865
6657
4098
10989
8759
7247
6157
5253
8154
3305
9906
9331
3975
4496
6838
9721
10504
3749
10484
9806
11177
6700
5573
10832
9537
10034
4431
6441
5857
3217
9802
8876
9003
2627
8138
8102
9755
6025
9557
10391
9930
7048
7297
11115
10991
7001
4087
4327
8119
4504
9259
7986
7830
4098
8214
11313
9835
4768
8695
7152
7727
7557
3416
10564
8815
7539
3383
4600
6925
4281
9490
6175
9305
399
8790
8934
9947
8875
8559
10801
9129
8369
4284
9748
10737
7280
7527
7244
8612
4686
10844
10532
9952
638
9898
9366
9132
6603
7115
10619
10947
10154
7450
10494
11682
11184
5451
6496
8015
4322
9452
11066
10999
-1954
7815
11266
10210
5456
8883
8194
9869
7878
7554
7129
8413
9928
5177
4419
8346
4528
6141
9171
8883
-2841
9296
10544
11225
4705
9109
9000
8163
6762
4109
10575
8279
8485
6764
7113
2963
1816
8728
12540
6541
2834
9972
8441
10174
5930
8814
10704
8109
7906
2199
8526
10622
7502
6868
5658
6985
2606
10799
11093
10999
941
6719
10292
9318
6703
10610
9868
8373
10646
5714
10313
12039
6395
6631
4641
6934
-18
10417
10095
8387
5790
9391
8127
8153
6502
11801
11421
7898
8890
5119
10854
8359
9102
4625
6756
5200
5839
8241
9507
10524
-366
7458
9542
7703
3389
10059
6769
7167
7232
5939
9653
9736
6291
6161
6404
7110
1038
5654
10436
9068
5143
5126
9610
10607
6073
11120
9797
9604
6842
1942
10385
10736
7797
6076
9079
10792
-2410
9073
8373
8997
3718
8096
9435
11096
6086
11782
9865
8435
3608
5482
9038
10064
4494
3100
7739
3258
4920
9840
10253
8635
5241
7596
10090
10501
6850
9068
10059
8155
6076
6502
10866
9201
8190
7934
8369
6136
5991
9464
9224
8246
3722
8745
7317
9564
6131
11974
9204
6765
8386
2343
9979
10016
5297
7336
5104
8521
3278
10296
6778
7028
-148
5955
9852
9533
4844
8209
9280
8129
6997
6615
11608
8920
7257
4103
5101
9230
6937
6640
10610
9301
4462
8535
10279
10116
6543
10976
6473
9709
8673
8549
12348
8343
7958
4629
6160
9499
4176
7566
10491
8797
4174
9851
8840
9751
4716
8975
9799
11048
8229
5977
9682
9629
8161
5551
6039
9867
1922
9458
7284
9425
3018
10988
10194
6610
7294
9108
11083
9658
4711
6536
9259
9633
9090
4487
1361
9185
3223
10456
7733
8769
2888
10042
10669
9261
7777
9785
9885
8545
7476
8021
11695
8775
8849
4808
7060
7370
7229
10757
11461
10559
1308
10732
10115
9239
3499
8615
7969
9956
9555
6955
12123
11121
7075
5346
6856
11175
7674
9996
9515
7420
4327
10328
8019
8372
6308
7602
9875
8671
8285
3193
10427
10384
7249
781
8254
8702
917
11512
10616
8541
4858
9627
8329
9341
8671
11011
7976
8360
3915
5430
8877
11477
8350
1427
6426
6744
8141
10268
7579
8396
5874
6419
9767
8826
7058
10305
9021
11577
5171
5005
9557
8950
7890
6821
4238
8485
6060
9188
10196
9734
6013
10904
9680
9083
8021
9613
11422
10094
6325
5625
7830
10456
8737
5899
3439
6631
5306
8388
10650
8428
4769
8043
8011
8741
6800
11256
11668
10577
8419
8212
10194
11045
7178
3691
4053
7556
5154
7137
9960
8666
4395
6838
9891
7503
7197
11743
9844
11220
5868
5688
7494
9675
4960
5741
4481
7950
3459
8204
10558
9250
5441
11453
9033
7936
9287
9773
8506
6187
7348
7611
7312
12550
7319
2377
3427
8785
5015
10210
9401
7878
4017
9047
11200
7755
4630
10104
11237
7845
8875
6345
9931
11229
5996
6819
7216
8217
7261
10930
11051
8931
1761
11536
10071
9696
6594
11244
11078
8461
7008
3923
10131
10080
7119
5856
6483
9332
5844
8543
9334
9899
4215
7056
10626
7299
6480
11331
10388
8895
7231
5451
9825
7145
8120
4307
6223
7434
5069
8153
10118
9826
3543
8340
8821
10050
7640
11135
10177
8317
9350
2016
10722
9799
6078
4021
6091
8073
2301
9837
10306
9270
1110
8637
8897
10152
8758
7597
11694
10637
8244
3566
10546
11030
9357
5249
4201
6876
5300
11450
9194
7603
3941
9604
9651
8218
4310
11691
9348
10686
7199
3429
10900
11191
5561
4581
6300
8607
2036
7176
7203
6984
4061
8173
10139
6973
9181
9332
11150
11676
6804
6788
10194
10362
4798
8552
4263
7872
2499
9953
10951
9810
4227
8213
9528
10811
7544
9450
11214
10151
7900
6822
11239
11801
8189
6405
5854
11586
4954
11067
10708
9898
2713
8685
10571
9906
4796
10749
10123
9008
7194
7046
8356
8583
9001
4955
6684
8223
4315
9732
9476
9241
3824
9976
10067
9476
3095
12271
9368
7310
9942
5180
8857
10504
6209
5251
4604
9563
3468
7973
8712
8323
4897
7993
10274
8928
8543
9991
9613
10971
10028
6900
8522
9850
7609
3869
6557
9271
6007
9761
6574
9250
5837
8239
9143
9837
8453
9591
8069
9460
10840
4099
8885
10576
7033
2809
