-970
-2697
-3055
2394
3274
6721
-7153
-574
-3110
-1397
-2925
5098
-373
392
-6583
-4307
6598
3035
-6849
-6664
2300
16
-3552
572
4473
693
-6297
3538
-3079
3277
-1845
711
327
406
-883
-6190
2262
5668
-3090
-5421
-4323
-2079
-673
2281
-1175
3239
-5069
955
-1869
686
-4984
811
3298
3815
-3110
-4392
2809
2160
-181
-5632
904
-5968
-6296
-2066
3060
-3727
-1320
2728
-1414
5026
-1979
2490
5139
5005
-1491
-4527
4167
4317
-896
-1567
-2724
3599
-1297
3188
1664
-407
-3879
4808
2548
2619
857
2811
4557
3999
2240
1928
3190
3205
-6497
-1659
-7852
539
-5117
4729
5907
2690
-5007
2880
5250
1907
-3397
4368
4395
6153
-6162
-2090
2360
3697
-3840
-2407
-3582
213
-4513
5783
5125
1286
-4391
3470
-1437
120
-2931
6212
2100
3418
-2687
-3408
4503
3416
-1104
-2978
3651
1267
-5460
1028
-2945
1992
-3983
1274
1949
4252
-2919
5263
5366
2444
1650
-4904
4926
2562
-1088
-2154
-5025
-1348
-4842
7903
1488
4321
-3964
1545
2704
2719
-3690
6395
1796
2050
-2947
-4714
724
5710
-1234
-3993
-3059
17
-8492
3140
17
5013
-4847
2590
2107
-3969
-6829
8231
4213
3661
-3981
-5752
6133
8036
-606
-2826
-5916
-1945
-2613
2739
5214
1672
-722
6039
702
1597
-3236
3269
8068
4027
1528
-3040
2014
6374
-1836
423
376
4712
-5572
6231
750
1937
-2930
742
4476
-3757
-1207
4304
6413
-1123
1663
1917
9005
3322
-4589
-4286
-3681
129
-6918
7114
4460
3983
-1776
7619
4082
-341
-358
7648
3498
5394
3782
-2528
5873
5311
-1486
698
-5793
1108
-7710
2586
991
2458
1605
1024
1185
4629
-1861
2398
7388
4781
5387
-4048
2745
10813
2545
-3214
-991
566
-3782
3939
-2
3297
-2989
2703
5859
3402
-1874
1504
8919
6000
-4496
-6978
5076
3225
2295
1006
-781
-2294
-2137
2926
1427
5003
-3329
7624
5001
3027
-669
4154
4797
4802
-3007
-4025
3146
4934
-2590
-425
-444
3263
-7812
2973
4894
6456
-1070
2369
6830
5388
-748
2570
-1633
8420
1471
-3342
2511
4286
-314
-3388
2737
-2515
-6928
8119
3957
6589
938
2744
2082
3253
-2734
6426
2694
4557
1229
651
6174
4782
4789
-567
5333
1945
-1943
5001
3280
3254
-1078
3966
3729
4948
1274
8615
4365
3204
5422
155
8699
3478
3636
-2061
1966
1731
-6194
7712
3213
4368
316
5925
7153
7021
2771
5668
9625
6792
-954
2163
9353
3326
-211
2526
3897
3218
-4113
11191
8968
1617
775
7880
7960
1251
3188
6992
1973
7005
2336
999
8957
7316
1365
-1342
3314
4666
-2495
8278
5415
5329
-2133
3647
8820
8030
2595
7033
8671
8856
5246
-1545
6516
7959
6310
2136
598
6897
-4168
2028
9247
8545
-1127
5026
6103
5555
3979
7900
8685
1241
659
76
5722
7344
-15
-306
2626
1583
-3735
5931
7206
4586
-348
8161
4795
7302
2799
9485
8201
6104
3291
-1320
8540
5624
5767
1507
1890
1105
-2465
5234
7197
4118
1516
4215
7450
9437
2115
8393
10172
2402
1695
-407
7209
9415
67
796
3610
6788
-1924
3802
3797
8347
1630
5927
4655
5186
1026
6959
7807
8463
-819
2169
10554
7130
4137
818
6228
5276
-1821
6708
5616
4528
3538
5995
9445
8584
1877
7579
6341
5807
4835
-4037
7381
5552
4576
5165
4264
5443
-81
8372
5461
9579
2400
3584
7080
6585
2733
5887
8999
7326
3885
2822
9623
5449
939
135
-211
5150
-4593
9183
3802
6523
1616
7317
10764
6287
6225
7445
9084
8791
906
3905
8414
9625
4406
-1237
-1050
6393
2109
7528
7357
7036
2904
9411
8041
9903
3685
7147
10193
6009
3164
-2558
8085
8388
5430
3541
1829
7081
-2730
5020
6013
7942
6055
6131
3349
8232
1529
10560
6529
8605
1071
2968
10412
9993
4142
6111
2964
2885
-1909
1469
8702
9182
2902
6652
8760
5999
5351
11464
7542
9481
4232
-1472
7935
8091
7009
2120
3520
2944
3557
1421
6733
9520
4442
1630
2643
8039
828
9154
7639
8825
5451
205
4844
8612
3131
1607
5442
7666
-1047
6102
7267
9947
3350
8622
7588
5387
3427
10293
5480
10608
6116
4543
11729
9441
7628
1546
3768
8680
575
8940
7436
6254
4126
6935
10278
9354
6393
5462
9832
8047
7494
-645
11627
8648
6059
2309
4175
3340
3141
9402
5185
6193
3617
8011
7507
9684
1897
8049
8669
6613
6440
-2512
7172
10025
1439
4803
2118
5476
-148
9851
7797
6022
5311
5006
8279
9187
4186
5536
8301
7983
5217
303
7774
9789
6199
3013
57
8415
1239
7578
7440
6992
3014
8590
6842
9196
4681
6029
10145
9173
6055
1359
9333
10914
6166
2786
2977
5720
3697
7246
4156
6724
3220
7200
10541
9796
6627
9803
11167
9397
6799
4572
10917
7313
5291
3112
6573
7389
-1185
9086
10518
3371
5658
10010
9755
9470
3274
8417
9324
9084
7781
5421
10976
9331
6873
2437
5428
3139
2580
8919
8809
7017
1094
6835
5281
9556
2757
10341
7333
8821
8870
3533
8302
9113
6614
2447
7036
8012
433
10024
8084
6583
2210
8316
7140
10052
5223
9172
8273
11364
6319
2228
9794
8630
4560
3136
2816
9481
3111
9377
7414
6554
5844
2993
5533
10302
2339
11500
9063
6269
7803
1095
7690
7313
223
2090
2776
10643
531
7666
8569
6170
3217
8711
10271
10063
6713
11620
9203
4446
6834
5220
9067
10983
5792
1846
4506
8905
1625
9622
6383
10095
6108
7962
6997
9739
5325
11064
8684
8428
4794
1603
8840
10232
6924
5893
7361
4426
-395
7972
8819
6881
4371
7065
9551
10319
2250
9045
9095
9243
7647
5371
9377
7165
4728
4141
9524
7543
-1933
9838
6200
8531
3270
9626
10935
9112
5465
10422
9897
8698
3671
7209
11784
10698
3396
5727
5495
7848
438
11108
9816
8896
6222
9732
10325
9657
5419
10458
10918
4458
3705
1628
9340
9496
7565
5096
8726
10658
4918
9093
10612
7964
7667
10067
9073
9734
7337
11428
10672
11549
7446
1846
7661
10671
8430
1786
5824
8480
2979
10123
8682
8129
2828
6123
9374
11530
9519
11524
9496
9532
8632
1833
10711
11981
6558
3420
6837
7300
722
9859
9788
9349
2004
7972
7616
8395
8047
10302
8609
9783
7943
6912
10800
9172
6932
5448
3158
9158
1208
8105
9858
8115
6059
7372
11379
8573
7588
11090
11545
7853
10468
5109
10668
10926
9273
4654
5585
9749
3582
9784
11122
11157
4551
10069
11655
10556
5354
10582
11233
10306
10445
5562
10417
11874
8861
4775
9449
8257
4071
10799
11326
9888
5752
8323
9904
11259
9067
10494
10589
9178
8931
4395
10381
10263
4080
5900
4701
10883
2525
10929
9220
11021
3386
9050
8567
9156
4522
10216
12361
9114
10787
1419
9176
10712
8080
4958
7135
9504
6448
8226
8697
8894
3542
7555
10668
10409
8559
10758
11533
8280
6693
6348
10514
11207
9255
6100
8364
9062
3669
10124
8405
11083
6631
8466
10624
10449
8513
10103
9240
9756
8883
5400
11379
9633
8408
6779
6961
8359
4109
10249
9092
9135
5617
7789
9900
10371
5904
11031
9598
10818
8968
5199
10428
7100
9153
5733
8977
8139
8304
10858
11083
9427
-184
8810
11913
10597
8976
10299
11847
11672
10852
8178
11560
9173
8276
4502
6096
10228
5499
9636
9173
9605
4933
8538
7984
9703
5829
11789
9845
9855
9060
5875
9594
12111
8832
6601
6047
10079
2023
10516
11180
11035
4552
9740
12244
11855
8385
11383
11069
11123
8572
6628
11647
11523
10774
8738
5398
8356
4679
10797
11454
8625
4416
9543
8732
11723
9777
10961
9636
10967
9979
4644
9991
11263
10583
4930
8041
10213
2399
10668
10498
10218
3529
8451
9079
11575
7910
9849
11632
11374
8563
2344
7944
10579
8463
6725
9361
8561
3460
7376
9758
9545
1344
8304
11015
11041
7548
11525
11414
7124
8185
8426
9894
11212
6262
7518
10025
10563
4686
9435
11498
9315
4478
10629
9342
11395
7079
9819
9992
10380
10101
5399
10438
10675
5240
6244
1141
9974
6225
10732
11914
9926
2595
10816
9974
9687
7194
11648
12252
9256
9131
4375
12489
10513
9461
8197
9544
10632
3212
11736
9530
11522
6242
9950
11778
11417
8295
10028
10210
12075
9249
7416
11945
10323
8535
6614
10358
9315
4474
11109
10455
9927
5051
8331
10565
10163
9889
10219
11081
9959
9626
5570
10143
9868
8165
5333
8052
11519
1341
11011
10203
12083
7197
8314
10739
12265
4790
11672
9016
11746
7348
5798
12620
9787
7524
7036
9056
7400
1629
9077
9867
6629
5729
7284
10605
9094
7610
11770
10063
10863
9150
-1063
11133
10265
8917
6469
5009
10449
4494
10902
11300
10422
5952
8487
9823
12060
8255
12185
10571
11750
6678
6615
12536
11155
6728
5407
8392
9893
5137
10621
11942
10012
6730
9525
11830
10903
9932
10249
11552
11438
7411
5136
11242
12027
5361
8640
7075
10504
5560
9997
11913
8536
4499
6011
10973
11441
6458
10864
10823
9736
5093
5144
10561
11056
9543
7851
5519
9345
5198
11017
11509
8930
6120
10590
11435
12117
6879
11928
10972
10209
8216
807
12683
9384
7262
6566
9416
10559
5058
8992
11584
9532
3807
11629
10386
10971
5418
11306
9157
10960
8711
6949
10896
11461
9057
8687
7653
10795
8122
8892
11160
9961
6666
9959
11333
11779
8019
9588
11244
9718
8806
9005
11021
11475
8848
8781
7196
10928
-215
11717
10800
9680
6766
11814
10763
8668
8061
11826
10703
10323
10092
7387
12054
11724
9689
5451
5837
9594
7572
11031
10673
10552
5645
11094
11459
12121
7917
10514
11289
11173
9282
3599
12431
11616
8625
6045
5119
6571
5559
11169
10857
10802
4395
10968
9495
11112
7050
9897
11539
10331
9036
6610
11232
10798
10405
9214
9280
9841
4645
11044
11494
12223
5784
6596
10802
10245
6500
12019
12241
10612
5340
6103
12059
10121
5911
8380
6426
10476
4179
10817
8166
11042
4949
10308
11299
10629
7937
12403
11002
11862
10328
8958
10500
12032
9716
6845
10392
9446
5969
10700
10879
10023
5076
12079
11065
11361
8855
10326
11097
9874
7582
5773
11815
11687
9092
8804
9140
9057
6087
11339
11727
9810
6275
8744
9749
11275
10032
11139
12068
9225
5613
8333
11374
12239
9510
5487
7695
10559
7981
11637
11846
12317
5918
10409
11067
11061
8886
7819
11247
11494
10135
5563
11528
10500
7648
4061
7912
9869
5588
11305
11639
10409
6612
8901
12403
10637
6822
11573
9387
11526
7113
5548
11126
11532
8346
3604
7864
11194
4710
10097
11739
9008
6302
11173
11212
11667
8513
11054
9793
10389
10824
7315
11668
12437
9314
7607
8363
9703
6681
10724
10823
9939
7876
10085
11760
9158
10200
10025
11254
11732
8748
9304
11537
11724
10208
5177
9966
11363
7371
9985
11007
10544
5796
10758
12128
10605
9176
11498
12482
9707
10413
7628
11588
11286
9104
7652
9999
11085
9063
10764
11747
11970
5437
9384
11530
11309
8941
11255
12553
9413
8615
4904
12294
12186
6267
4707
10479
9684
5449
11057
11440
9935
5866
9147
11658
9713
7039
11429
12548
11421
10465
8266
12510
10850
10540
7362
9753
8951
8226
10749
11837
11184
8598
9837
12156
12540
10371
10275
11732
11410
8767
6507
11921
13007
8578
8359
9169
9771
4527
11519
11527
10919
8078
11028
12053
11298
7537
10280
12202
11356
9533
5576
12515
12272
10836
7392
9937
8445
2172
10149
11590
11206
373
8835
8679
11843
8967
11554
10419
11137
10643
4108
12385
11910
10706
7946
8391
10375
5731
11060
10012
11445
8173
8924
10776
11273
10462
12025
11844
10759
10360
9215
12011
12505
9603
7355
8360
11222
5615
10496
11025
8240
6725
9743
11557
10130
7436
11779
10967
11507
7908
7053
13294
11209
10608
6240
7546
9717
6250
11364
11938
9714
8307
10157
11248
9509
9130
10794
10532
11635
11619
6019
10515
11018
9402
7474
9264
10627
6760
12148
11958
11890
6298
10450
10024
11409
9350
12197
12129
11338
9952
5980
12018
8510
10715
5880
9585
9947
7268
11408
11815
8637
8111
10599
9490
11393
8780
11730
10868
10907
10528
5504
11245
12398
9274
8668
10230
10407
6315
10660
11467
10885
7366
11015
11591
10919
7563
11526
10921
11555
6073
9691
11937
11614
7887
8095
9218
10491
6217
11268
9702
11602
6185
9746
12566
11008
8579
11882
11911
11691
9931
8020
11770
10685
10774
8381
10213
10509
4524
12157
12134
11180
8114
11203
12113
11810
9006
12715
11903
11101
9202
4962
12068
11757
7672
6728
9997
9331
4510
10742
11602
9632
6015
10569
10409
10380
9909
10517
10951
9895
10696
6597
12942
11165
8692
7509
8161
9789
6689
11326
10401
10357
8371
9347
12081
12463
8640
12540
10024
9839
10685
8220
11156
10932
9012
8641
8275
11549
7120
12204
11459
11089
7178
9195
12035
11331
8427
12116
11076
10174
9879
8182
11050
11763
9997
7128
5055
8757
6090
12387
10894
10130
8802
10953
10306
11200
9043
11656
10245
9905
10874
7665
11114
10640
9966
7075
7763
10546
6971
11777
10976
12036
6240
8782
11103
11209
9834
11732
9679
11171
10790
6693
10452
9851
8267
7343
7943
10249
8169
10876
10678
11476
4383
8967
11649
10333
10284
11314
11392
12248
9386
8977
11663
11102
8892
7343
7449
8992
6871
11156
11993
10551
8419
11439
11940
11212
10030
11711
11642
11478
10653
7692
12140
12698
9911
9945
9029
8794
7415
11248
10779
11944
7785
10970
12465
9994
11161
11968
11150
10715
11000
8943
11605
12978
9404
7540
8888
10862
8312
8824
12431
12020
9250
9698
10438
12009
8869
11244
10336
11026
9583
8092
11318
10826
10225
8607
7430
10088
8003
9788
11479
9773
6308
10178
10667
12322
9442
11346
11739
12519
9964
7496
9633
11071
11442
8939
8800
10480
6544
11068
11224
12189
6959
10748
10884
11176
8000
12595
10443
10824
8939
8064
11667
11632
9303
8830
8246
9849
6451
11487
8300
10771
8223
11827
11024
11482
10406
12030
10518
10106
10694
5977
11956
11366
9653
7405
8495
11045
2775
11937
11958
10955
6209
11311
12487
11328
7877
10571
10940
10017
9336
6441
11842
9112
8472
8149
7248
9903
6603
10769
9690
11770
9085
11205
12178
11258
9405
12035
11520
11260
10612
8048
12075
11837
9659
8083
8345
10178
5714
9328
12136
11190
8375
11549
11947
11307
11160
11626
11528
12284
10809
9512
10957
12193
10075
8051
7945
10176
5801
9792
10878
10422
6548
10663
8108
11433
8790
11901
11397
10063
9499
9158
11376
11629
8797
9449
6713
9948
7855
8924
10121
10468
7277
11204
10859
11363
9070
11843
10876
10490
7896
7128
10857
10508
6907
8887
8723
10494
5716
11966
11377
11796
6178
10137
10563
10356
9399
11663
11266
12194
10204
7982
11514
11938
8327
8823
7716
9568
1926
10676
11387
12612
9546
11950
12338
11052
8739
11598
11956
9981
7956
8109
10776
12722
6305
9652
7502
7383
4425
10459
10216
11952
5599
10182
11227
11916
8800
9072
10635
12634
9473
7788
12334
11423
7641
8733
9531
9415
4453
11467
8990
10964
9044
7181
11267
12104
7154
12587
11200
11620
9317
10337
8245
11964
9195
9547
9324
10590
1783
9393
11440
11346
7035
11223
9330
10857
7942
12417
11890
11703
9341
7630
11963
12725
11397
8163
9832
8881
9847
9217
10121
11534
9059
9538
12435
11741
10663
12899
11798
11863
11173
8892
11886
12554
8136
7354
9868
8649
7009
11687
9549
10040
7612
9448
12508
12055
9963
10716
12817
11673
7901
5949
11472
12068
7195
7694
10289
9960
4227
11657
11084
11729
7156
11404
9805
9816
9695
12256
9760
12361
6858
7344
12974
11877
8353
7311
7122
10645
8914
10826
11394
11663
9572
9458
11190
12401
9024
12010
11511
12177
11018
9077
11559
10959
8568
8722
9605
9124
8396
12084
10372
11769
8750
10544
11943
10463
9512
12004
11092
11268
9242
7346
11150
10854
10210
5702
6589
10519
3760
11409
11864
12515
8646
11900
11464
11022
9831
12133
12137
11927
7807
7795
11527
11953
9118
8911
8163
10377
5167
12200
10926
12019
8714
11594
10503
12505
9121
12382
11855
12478
10835
6391
11091
11398
9245
7891
9036
10558
2897
11262
12353
9955
5664
10143
10580
11851
6616
9902
12969
10362
10406
5834
11376
10448
9199
8870
5464
7344
5240
11292
9960
11298
4980
10116
11269
10234
8790
11061
11568
12147
8488
6083
12743
11890
10215
6847
9211
9903
6266
11786
11328
10812
5922
8776
10440
11391
7039
10844
11366
11906
11438
8240
12001
11525
9405
9873
5948
10083
3763
11159
10571
9526
6860
10301
11000
10927
8367
10788
10274
11457
10612
7347
12045
12704
8731
8446
8924
9446
6537
8065
10923
11290
8305
10789
10411
10785
9718
10593
11590
8027
8385
8093
11644
10828
9064
8059
7552
11046
7990
11515
11302
11739
5595
9978
11329
11174
10786
12166
12061
9939
9300
9809
12090
12233
10242
8437
10246
9576
7195
12245
10231
11441
7406
10594
11475
11898
7275
11142
11457
11032
7662
5821
11608
12262
8942
8699
7713
10447
9127
10466
10975
11164
7584
10156
10813
11967
8944
11303
8465
10855
9135
8746
11524
11671
9202
6754
10726
11372
7629
11021
9671
10230
4198
11329
11679
11724
7733
11874
10949
10889
10196
8495
11587
11058
10197
6639
9109
11262
4953
11369
11164
10411
6397
10578
12081
11424
6520
11030
11855
11782
9022
9339
11664
12221
9523
9463
7964
11702
4766
10698
9810
10863
5491
9980
11555
11518
9162
11591
10605
12420
11011
6844
12286
12118
9197
8105
10211
10237
4221
11758
11700
6376
8329
11705
10515
12443
9256
11418
11389
12064
11359
9732
11310
11683
11961
9746
8913
10397
5258
12411
10840
11925
2636
11226
11898
11403
7480
11957
11414
12028
10715
8279
9565
9656
8342
9450
7583
11937
8424
11201
12117
11256
7290
8957
12140
10352
9811
11465
10053
11436
10430
9379
11242
11026
9119
8343
9143
9798
2551
10516
12443
12115
9936
11486
12142
11547
7966
12118
11253
11776
9567
5368
11920
12903
9124
9872
9968
10253
6524
12055
11300
10504
6829
11097
10934
10250
8827
11453
10893
11184
6735
7348
12416
12176
10543
7269
7135
11060
3122
10679
12032
11925
7564
10517
12421
11445
9904
12215
12018
11604
9205
8211
11394
12717
8098
8470
10327
11379
6999
10639
11222
11797
9453
9882
12390
11712
7191
11906
11553
11326
9499
7558
11903
11848
10385
9457
7827
11598
8657
12157
10662
12287
7820
11654
12144
12620
9211
11970
11726
11840
10142
8867
12661
11955
10807
7255
6475
11728
8651
11806
11924
11735
8713
11053
11558
11981
9317
12519
12652
11533
8030
7773
11015
11315
7390
6484
9915
11640
7511
12315
10346
9941
9583
9006
11905
12167
8521
12810
12525
10780
9898
8123
12120
13210
8133
8618
9297
10443
7329
11255
11530
11697
8743
11718
11964
10981
9284
12239
11151
9930
9835
8813
11034
12635
9237
6530
9823
12552
6759
11333
12299
12357
7151
10412
11872
11027
8989
11929
11870
11743
9567
8787
12589
11158
9618
7036
6589
10693
1168
11326
11864
10929
8713
9426
11094
11566
8765
11539
12216
11922
8032
8305
12017
11303
7700
8085
11022
10655
8012
11912
9883
11848
6422
11052
12344
9912
10260
12526
11697
11469
8240
7478
10818
11866
9927
4492
8211
11482
4052
10589
10084
9974
6921
10242
11697
11990
9860
12120
11193
10459
8452
10319
12330
12326
9834
6419
9841
11839
8258
9982
8349
12009
6576
11347
11521
11400
10617
12425
11638
11969
8142
8108
11604
11409
8852
8848
10637
11791
6552
11706
12238
11138
7408
10863
11365
10924
8681
12009
11679
12127
9223
9014
12654
12143
8960
7934
8770
10964
6971
10259
10246
11185
5408
10869
10886
10196
8105
11464
11620
11444
8184
6201
11515
12038
9871
8040
10564
11284
8084
11963
12215
11172
7795
8489
11986
12319
9187
11398
11770
11252
10956
7382
11998
12349
9803
6776
7796
9628
5964
11235
12312
12257
6626
11293
11139
11922
7424
11496
12244
12381
7553
9847
12648
12098
8269
9124
7100
8049
9464
11691
12178
10338
9858
11820
10956
11312
9316
12115
10885
11802
10551
8969
11888
11932
9380
6762
7525
11525
8144
11902
11524
10316
5399
9408
11831
10245
9189
12285
11363
11615
8269
7355
10898
11288
9938
5729
9563
9830
7580
11602
11930
9557
5918
9043
11490
12153
7685
12051
11804
10875
9323
7851
12161
11751
10676
6972
9971
9544
5836
12120
7851
10856
5774
11375
12117
11271
8506
12374
10479
10951
10623
9551
12864
10446
9135
9516
10230
10256
8769
11822
11786
11983
4936
11117
12060
10889
6384
12458
12366
10524
11058
6914
12023
11347
10583
6726
8799
10161
9682
10861
11299
11966
8793
11758
11708
12147
9845
11737
11571
11391
7302
5196
10226
12697
9290
5928
8774
9876
6552
11433
11580
11472
6091
10611
11456
11546
9914
8200
11414
12079
10414
9302
11798
11822
11318
9066
7487
10240
7325
11062
11345
11992
6374
9391
10498
10550
8170
12046
12126
10907
9682
9579
10845
10485
10308
7878
8494
10802
6820
10580
11106
10711
7673
10139
12417
12541
7377
11824
11194
10436
11367
9152
12123
11150
9786
8059
8928
9301
8686
10223
10762
10091
7634
11547
11058
11455
10658
11611
11882
11862
7515
9034
11632
12213
7841
7837
6471
9172
5130
8889
6977
11329
6511
11119
11882
9017
9811
11087
11022
10491
7871
9436
11705
12565
8755
9056
9157
6545
6268
11253
10453
9140
6290
10723
10012
10386
9193
10384
11366
10116
7081
6629
12625
11794
8390
8858
8114
9255
9333
10384
10375
11120
6141
9830
12800
11173
9177
10861
9738
10707
9916
7990
12576
10995
10165
9144
7612
11489
6517
11849
11665
9132
5364
10261
11668
11469
10230
12562
11957
10145
6794
7224
11736
9593
9264
7106
8416
10868
3722
11068
11640
9036
7661
11101
12564
10993
8947
11164
12052
11805
8950
5744
12117
10435
8513
8377
7854
9659
9343
11038
11425
11231
5780
8545
11085
11936
9151
10781
10631
10959
10289
7419
10853
10496
9294
6007
8798
7412
3751
9814
10787
10938
7009
10612
12434
10833
9835
10605
10825
9272
8584
7595
11474
11765
9825
7892
8142
7597
5195
9940
11901
9468
6926
10198
11717
11625
8553
12217
10747
10643
9398
6894
11009
11473
8318
6087
10022
10079
7807
10123
10734
10097
7200
10987
11951
11006
8470
11657
12029
11635
10206
7695
11743
11704
9937
8015
7249
10525
8131
11013
11230
9914
8601
11288
12268
11378
7944
9896
11244
11821
11243
8935
11957
11103
8876
9252
9529
11410
4657
11707
11426
10497
7067
8411
12013
9693
8895
11602
12091
11893
9547
9208
12461
12537
10240
7524
8438
10702
7971
12038
11147
12715
8213
11309
10951
9866
11196
11899
10723
11299
9567
8519
11998
11608
9711
8495
9816
11921
8122
9697
10826
11301
9958
9856
11895
11079
7981
10223
11938
11804
10131
9712
11935
11679
10259
6933
9893
11264
7589
11939
9765
9571
9495
10471
11491
11991
9715
10495
11394
11892
10120
7173
11640
12018
8692
6823
8671
10716
7045
11647
11695
10372
7813
10544
11216
11046
10184
12131
11534
10651
10470
8747
12163
10723
9786
9431
8346
10223
7604
10055
10955
10963
7523
10702
12114
9995
9413
12150
9709
10976
9930
10029
12359
11709
10457
7331
10465
9643
7848
11621
10792
11597
7552
11162
12212
11909
8895
12100
11854
11731
10907
10338
10215
10774
10824
9063
9861
10355
8350
11648
11720
11484
7680
10176
9491
11552
7938
11816
13002
11257
8675
9716
12637
11840
9589
7424
8978
11745
5822
11525
11853
11640
7514
10787
10450
11612
8067
12115
10623
11210
11052
9115
12616
12124
10645
10456
8759
11442
6066
11916
10516
10368
6422
9939
8782
11704
10518
12206
11855
10860
10428
7227
12237
11436
9112
9937
8282
11538
7349
8725
11006
11647
9293
11320
10477
11543
9904
10787
11810
11305
10210
9612
12314
11445
8805
8781
9806
11041
7649
11359
11579
11505
8512
10381
11811
11706
6525
11024
12142
12293
11697
7871
11994
11772
8067
7847
10316
11416
8000
11345
11931
11615
7539
10366
10398
12457
8582
11177
11791
11597
9957
8990
12429
11553
8768
7565
10244
12095
6776
10935
11376
11651
9760
10698
11263
11739
9295
10090
11305
10772
9667
8731
12374
11765
7800
8480
9841
11518
8478
11754
12351
10929
5853
10349
12224
11930
9583
10891
10960
11964
10142
6050
12243
12117
9943
8598
8722
10600
8369
11824
12167
10737
8655
10966
12427
10882
10438
10830
11647
10931
9467
8848
12211
12070
9282
5091
8252
11283
6142
11439
12201
9536
8967
10686
12526
11123
10264
11173
11822
12322
11051
7895
11706
11436
8583
9498
8881
9808
8760
11176
11649
11423
7800
11510
11328
11620
11022
12493
12284
11178
9941
9772
11577
11639
8681
8338
10194
10233
8519
12141
10418
11948
8117
10858
11613
11609
10226
10770
12044
11394
9507
9243
11814
11439
8176
8899
9302
10261
8033
10778
12272
11025
8718
11647
11603
12013
9299
10448
11673
11867
9734
6030
10646
10363
8904
8175
9479
10361
7229
9174
11245
12528
6272
11222
11270
11885
10178
11309
12211
11549
9793
3516
11246
11362
8909
9525
8722
9681
6597
11092
11439
12241
7685
11563
12015
11790
9604
12031
11461
11531
9083
8837
11926
11972
9194
9904
9832
11740
7178
10336
11731
11648
6444
9768
11709
10876
9517
12265
12121
12450
9828
9298
11837
11823
9319
9704
8973
9579
7197
11386
12191
10872
7328
10624
9980
11190
9772
10680
12260
12023
8089
9167
11394
11433
9943
7407
10380
9964
7505
10574
11661
10873
4618
10854
11804
11895
8026
11826
11981
11430
7927
8680
10796
11090
10425
7016
10422
9889
6504
11757
11764
12375
8497
11127
12294
11906
9622
11580
12148
11947
9476
8876
12586
12126
10929
9650
11304
10444
7338
10809
11899
11448
7076
11055
11926
12056
10068
11533
10841
12450
8788
7959
12230
12500
8116
8055
10024
7860
6427
12094
12051
11616
8728
11312
11547
10814
10588
11635
11197
11872
10377
8358
11803
11694
10787
7686
9859
9491
9721
12006
11569
11545
7668
11036
12018
11904
9521
12198
12162
9288
10961
10161
11999
12140
10289
7552
9563
11433
4051
11609
12098
10704
3904
10464
12379
11542
10223
12262
11213
11066
10132
7109
11177
11937
11146
7434
10007
12285
8285
11095
11403
11199
8070
11906
11559
12127
7934
11768
11751
11742
11059
9288
11579
11261
9702
9486
11024
9333
7664
11246
10904
11771
8696
11303
9658
11231
9109
12456
11447
10633
10603
8797
11806
11302
10318
7856
10907
11239
7658
11730
10855
11027
9730
11276
11896
11892
9570
12315
11939
10870
10025
6933
11826
11767
9275
6890
10672
9571
8647
11363
12016
12215
10292
11126
11704
11492
9341
12108
12208
12154
10773
7057
12129
12498
9411
8083
10955
10182
7586
11817
11150
10588
9345
11286
11910
11354
9676
12272
12476
11452
8265
8257
11510
11727
10516
10200
9344
9395
7885
11536
10241
10267
8322
11332
11650
10931
9315
11519
10577
11286
10157
9095
12073
12378
8310
6501
10668
11270
7919
11928
12089
11619
7518
11882
11187
11411
9724
12674
8672
12181
10363
9147
12136
12430
10236
8965
9059
10336
7227
11162
10928
11393
8904
10301
11705
11591
9646
12024
11915
10578
9139
8818
11611
11665
10433
9624
7402
12070
6291
11925
12164
11230
8045
10960
11944
12623
9363
10902
12166
12680
10225
8012
12465
11868
9191
8913
10627
11650
10158
10140
12256
12149
7907
10134
11840
10853
9783
10910
11553
10480
9400
5471
11682
11428
9259
9388
10067
10978
7252
10267
11473
11940
10546
10788
10185
11523
6379
12062
10766
11891
10459
9363
12065
12707
10215
5248
10041
10427
6581
11672
12202
11267
9472
10724
11798
11846
10182
12457
12185
11943
11030
10097
11841
11861
10578
8940
8405
9993
8305
12070
11034
10757
7875
8947
12161
10973
9348
11301
11818
11690
11102
7544
12198
12189
11413
6692
9753
12027
7530
11915
11706
12068
8089
11187
11665
10032
10071
11976
11416
11761
9660
7402
11023
12597
9310
8424
11416
10321
9977
9985
10264
9507
6357
11911
11307
10959
7474
11932
9647
10746
8448
8985
12573
12204
10160
10325
8315
8565
5401
11830
11074
10231
6664
8957
11625
10439
9820
12124
10620
12067
8940
7263
11582
12004
11318
8408
10692
9755
8695
10358
11289
12026
9344
11413
10925
12588
9784
12363
11792
11189
8816
8366
10339
11601
10033
8368
9987
8783
8642
9095
10429
11429
6834
10969
12335
11758
10862
10333
11530
11416
9259
7672
10738
12043
8391
7852
10415
10383
6466
11668
12221
11414
9102
12167
11293
10544
10256
10346
12170
10748
11468
10242
10443
12011
10075
8936
9871
11828
8784
10704
9535
10135
8147
11528
12157
12050
11480
12062
12061
11744
9523
11222
11082
12313
11798
8467
8862
12628
7668
11803
11558
10452
6845
11088
10466
12684
9662
10354
11559
12470
10786
9733
12069
11585
10574
6063
9565
10963
5482
12116
12208
11173
7050
11688
12191
11217
8410
11891
11164
11880
7524
9039
11961
10770
8611
8674
9085
10557
8580
11409
10803
11236
8412
10420
11722
11246
9455
11511
11579
11812
10456
9478
12279
12645
9675
9215
9061
10847
6913
11536
10673
11786
6431
12081
12258
10287
10336
11522
13040
12210
8506
7899
12226
11813
7739
8858
10147
11553
6700
10861
12222
12641
6863
10851
11562
12135
9704
10305
11282
12027
9668
8673
12712
12779
9814
9272
9099
9287
7707
11451
11490
11484
9450
11212
11640
11368
10667
11582
12433
11530
10528
9829
12259
12644
10870
9400
10805
10291
9194
10837
9927
12286
8813
11889
11808
11051
7634
12369
11562
11640
10412
9480
12381
12609
9537
9845
10763
11257
7541
10443
10186
10720
7336
11853
11457
11287
7656
12764
11859
12348
11036
10253
12181
12147
10382
9447
11144
11872
7380
11344
12562
11316
8964
12035
11399
11828
7538
11474
12199
10814
10583
8846
12687
10541
9800
9339
11236
12547
7915
10950
11446
11024
8347
10262
12283
12201
8293
11897
11581
11828
10675
7977
11993
12881
9642
9453
10445
11129
5814
11328
12659
12455
8735
10286
11007
11590
9302
11193
12314
11651
9886
9312
12201
12370
11470
8123
9241
10372
8243
11784
12081
12314
9541
11514
11786
10086
10011
12373
12415
12143
10836
8962
10370
11966
10627
9672
10953
11864
8285
11589
11483
11478
8953
11805
11962
11625
9327
11928
11161
11970
9767
9623
11819
10894
9327
7999
9543
10895
7961
11377
11297
11945
8160
10817
12868
11442
9909
10341
11823
9979
9912
8627
12330
11684
10343
9821
9259
10578
6101
10525
12362
10674
8740
10659
11680
12279
10126
11570
12272
11593
6690
9804
12461
12603
9532
9326
8911
11077
8432
11100
11517
11637
9680
11449
10328
12020
10135
11939
10949
11488
10015
9805
12055
12474
11227
9692
12322
9407
8534
12302
11960
12232
7304
10870
12153
10287
10026
11732
11738
11187
9175
9420
12808
12234
11029
9765
10558
9875
8647
10975
11394
12169
8853
11734
12302
10915
10116
10637
12001
12135
11372
9496
11706
12071
9988
10077
9615
11220
6156
11410
11958
10681
10302
9727
11386
10929
9396
11231
13127
11416
9368
8392
11123
12582
9342
10679
