-24466.0
-30698.0
-35076.0
-28500.0
-21750.0
-29149.0
-18672.0
-24816.0
-24485.0
-20831.0
-17500.0
-15197.0
-17138.0
-19572.0
-30270.0
-30360.0
-15544.0
-16168.0
-35733.0
-14642.0
-24665.0
-27260.0
-24761.0
-19022.0
-18053.0
-13121.0
-24977.0
-18015.0
-17074.0
-17903.0
-18755.0
-24323.0
-21246.0
-21983.0
-17975.0
-12392.0
-18423.0
-20010.0
-22067.0
-18915.0
-16392.0
-10375.0
-20836.0
-31904.0
-12236.0
-14142.0
-29331.0
-16857.0
-13705.0
-28789.0
-16987.0
-26551.0
-27859.0
-12575.0
-22755.0
-16266.0
-24259.0
-21321.0
-17002.0
-28277.0
-17162.0
-18362.0
-17570.0
-13468.0
-20050.0
-16089.0
-15217.0
-11833.0
-18015.0
-17562.0
-25185.0
-22306.0
-23476.0
-18991.0
-23891.0
-22956.0
-24767.0
-12622.0
-23004.0
-15123.0
-15500.0
-21894.0
-16437.0
-11272.0
-18021.0
-15922.0
-19881.0
-14862.0
-17457.0
-19962.0
-13298.0
-17170.0
-17243.0
-25235.0
-18020.0
-9732.0
-15479.0
-24479.0
-14556.0
-12796.0
-20049.0
-19514.0
-33083.0
-14044.0
-13889.0
-14935.0
-14599.0
-20929.0
-13088.0
-14912.0
-18603.0
-15767.0
-19787.0
-16433.0
-20612.0
-15536.0
-18745.0
-13501.0
-18891.0
-34220.0
-29336.0
-12337.0
-21313.0
-18837.0
-17774.0
-18427.0
-16436.0
-18561.0
-21397.0
-16172.0
-15647.0
-18993.0
-24248.0
-15476.0
-9872.0
-9088.0
-16498.0
-12326.0
-19858.0
-14553.0
-11857.0
-14852.0
-19975.0
-20933.0
-19216.0
-14504.0
-21419.0
-12078.0
-13502.0
-18294.0
-13037.0
-16492.0
-25767.0
-9671.0
-10465.0
-9362.0
-20104.0
-9831.0
-12231.0
-14521.0
-24307.0
-17417.0
-16752.0
-10295.0
-24617.0
-14141.0
-12649.0
-11044.0
-10342.0
-12938.0
-11449.0
-13230.0
-15226.0
-16610.0
-18339.0
-13376.0
-20784.0
-17513.0
-20672.0
-19241.0
-15504.0
-26627.0
-18554.0
-14929.0
-10738.0
-9795.0
-13372.0
-9131.0
-11698.0
-12245.0
-9949.0
-10538.0
-14088.0
-15653.0
-6261.0
-7939.0
-15323.0
-23904.0
-11618.0
-16041.0
-11561.0
-16730.0
-26510.0
-8646.0
-13259.0
-10818.0
-20962.0
-9122.0
-13979.0
-11332.0
-16081.0
-11144.0
-9258.0
-14345.0
-16215.0
-25251.0
-11789.0
-9457.0
-10418.0
-22302.0
-16208.0
-8589.0
-26861.0
-13531.0
-10386.0
-14289.0
-15185.0
-9654.0
-23771.0
-15431.0
-12994.0
-14047.0
-19377.0
-11780.0
-8768.0
-10744.0
-13327.0
-8229.0
-8904.0
-12747.0
-10680.0
-7103.0
-12002.0
-17236.0
-10715.0
-8563.0
-11045.0
-10505.0
-7103.0
-12829.0
-5175.0
-10966.0
-16563.0
-5594.0
-11682.0
-8266.0
-11375.0
-10422.0
-9596.0
-10832.0
-17511.0
-4341.0
-4890.0
-8670.0
-13726.0
-12034.0
-8418.0
-9422.0
-15591.0
-9159.0
-13991.0
-9499.0
-8711.0
-9177.0
-10946.0
-15170.0
-8098.0
-6703.0
-12011.0
-8334.0
-12263.0
-16503.0
-15318.0
-8781.0
-5937.0
-4434.0
-10576.0
-10829.0
-8981.0
-12007.0
-8253.0
-7877.0
-6853.0
-12009.0
-6464.0
-8013.0
-11912.0
-11025.0
-6878.0
-10493.0
-10385.0
-14333.0
-14653.0
-11385.0
-8518.0
-6650.0
-11984.0
-7211.0
-7727.0
-9684.0
-7868.0
-7620.0
-4430.0
-7332.0
-6484.0
-9001.0
-5812.0
-6254.0
-14805.0
-9948.0
-7767.0
-10131.0
-12212.0
-5758.0
-5784.0
-8385.0
-8544.0
-5553.0
-9312.0
-9262.0
-8448.0
-11985.0
-9800.0
-6525.0
-5390.0
-5963.0
-8464.0
-6968.0
-5852.0
-8091.0
-8891.0
-3320.0
-6746.0
-7851.0
-6665.0
-7553.0
-5919.0
-7158.0
-5254.0
-7068.0
-7007.0
-4983.0
-20183.0
-4580.0
-7861.0
-6874.0
-8826.0
-5901.0
-7090.0
-6788.0
-8937.0
-5488.0
-5512.0
-3523.0
-8567.0
-6485.0
-4000.0
-5851.0
-14356.0
-11355.0
-10162.0
-7914.0
-7498.0
-8382.0
-4069.0
-4716.0
-6738.0
-5321.0
-13570.0
-4322.0
-10554.0
-8060.0
-5877.0
-5022.0
-3295.0
-3929.0
-8995.0
-4263.0
-3371.0
-5430.0
-4317.0
-4395.0
-4029.0
-6817.0
-4186.0
-6407.0
-4805.0
-5457.0
-5131.0
-7055.0
-5939.0
-7113.0
-11753.0
-6103.0
-2699.0
-4849.0
-5284.0
-6293.0
-4018.0
-6861.0
-8080.0
-7990.0
-3616.0
-4145.0
-7832.0
-7072.0
-5860.0
-3582.0
-7574.0
-6948.0
-9028.0
-4436.0
-3281.0
-9579.0
-8068.0
-6281.0
-6691.0
-3867.0
-6613.0
-5890.0
-7275.0
-7507.0
-4886.0
-5070.0
-3764.0
-4383.0
-7093.0
-5113.0
-3699.0
-6792.0
-3941.0
-4758.0
-9137.0
-10771.0
-5968.0
-3956.0
-7486.0
-7064.0
-5239.0
-6903.0
-4312.0
-4094.0
-8074.0
-2776.0
-5933.0
-4419.0
-4044.0
-3734.0
-3234.0
-3159.0
-8143.0
-2396.0
-3093.0
-2000.0
-6213.0
-5783.0
-3421.0
-3650.0
-3593.0
-5770.0
-6019.0
-4517.0
-2758.0
-4206.0
-4089.0
-7824.0
-5191.0
-2414.0
-6746.0
-5732.0
-5250.0
-3360.0
-8422.0
-3701.0
-2417.0
-4047.0
-4347.0
-4259.0
-4088.0
-5902.0
-1916.0
-3797.0
-3031.0
-3835.0
-1750.0
-1851.0
-6547.0
-2417.0
-3780.0
-3560.0
-4612.0
-3003.0
-5488.0
-2934.0
-2257.0
-3032.0
-7922.0
-2820.0
-2316.0
-2841.0
-5512.0
-2603.0
-3360.0
-1562.0
-4853.0
-5533.0
-1330.0
-2856.0
-3377.0
-4343.0
-6816.0
-2040.0
-2974.0
-6640.0
-3756.0
-2426.0
-2944.0
-3177.0
-4031.0
-3147.0
-3308.0
-3376.0
-3562.0
-3033.0
-3468.0
-2437.0
-3491.0
-1994.0
-1933.0
-2854.0
-1190.0
-996.0
-2739.0
-3643.0
-1497.0
-1692.0
-2572.0
-3169.0
-3389.0
-4430.0
-2351.0
-2911.0
-3800.0
-2600.0
-2246.0
-1257.0
-6465.0
-1964.0
-2094.0
-1911.0
-3786.0
-1779.0
-2080.0
-1815.0
-2247.0
-1893.0
-2385.0
-1777.0
-2414.0
-1778.0
-2694.0
-1074.0
-1816.0
-2716.0
-2693.0
-3484.0
-2184.0
-1757.0
-4113.0
-2507.0
-4879.0
-2982.0
-2235.0
-3546.0
-1716.0
-1366.0
-2832.0
-4455.0
-2607.0
-1987.0
-4274.0
-1532.0
-2366.0
-2204.0
-3428.0
-1399.0
-2089.0
-2140.0
-2111.0
-2523.0
-3493.0
-1581.0
-3125.0
-1654.0
-2002.0
-2762.0
-3476.0
-1432.0
-1274.0
-1937.0
-2643.0
-3066.0
-1147.0
-1972.0
-2758.0
-4141.0
-1247.0
-1463.0
-1837.0
-2753.0
-3488.0
-1775.0
-3112.0
-2750.0
-1472.0
-1999.0
-1831.0
-1868.0
-2092.0
-2123.0
-3983.0
-3488.0
-2866.0
-2470.0
-1545.0
-1587.0
-2199.0
-2118.0
-1296.0
-2718.0
-4379.0
-2312.0
-1851.0
-2826.0
-1386.0
-2414.0
-3938.0
-1965.0
-2437.0
-2118.0
-3353.0
-1828.0
-2783.0
-2897.0
-2073.0
-2938.0
-4937.0
-1504.0
-2193.0
-2793.0
-3802.0
-1652.0
-3182.0
-2172.0
-2835.0
-2704.0
-1501.0
-1416.0
-2745.0
-2435.0
-3114.0
-1868.0
-1328.0
-3597.0
-3023.0
-3489.0
-2561.0
-2986.0
-4493.0
-3784.0
-3599.0
-3560.0
-2737.0
-5008.0
-3701.0
-2139.0
-3283.0
-2363.0
-2148.0
-1228.0
-1878.0
-2245.0
-1993.0
-3071.0
-2294.0
-3070.0
-2879.0
-2597.0
-1817.0
-4921.0
-2959.0
-2821.0
-2527.0
-2327.0
-1706.0
-3527.0
-3701.0
-3326.0
-3432.0
-1752.0
-2463.0
-3903.0
-2158.0
-1849.0
-3907.0
-3146.0
-2543.0
-2357.0
-1540.0
-3553.0
-2661.0
-2949.0
-2666.0
-2616.0
-2881.0
-3181.0
-1732.0
-1437.0
-2452.0
-3968.0
-5070.0
-5070.0
-2524.0
-1402.0
-1084.0
-3457.0
-3454.0
-1455.0
-1526.0
-2133.0
-1622.0
-1653.0
-1807.0
-4359.0
-2813.0
-4689.0
-1778.0
-1927.0
-1334.0
-2766.0
-2682.0
-4364.0
-2437.0
-3197.0
-2700.0
-2040.0
-2816.0
-2377.0
-3059.0
-1456.0
-3625.0
-3284.0
-3988.0
-1907.0
-2627.0
-3779.0
-2873.0
-1303.0
-1771.0
-2271.0
-2530.0
-2702.0
-1709.0
-2854.0
-2555.0
-3428.0
-2241.0
-2775.0
-4025.0
-2442.0
-5124.0
-3829.0
-3644.0
-3442.0
-3400.0
-3438.0
-2746.0
-3286.0
-2696.0
-2858.0
-2803.0
-2261.0
-2884.0
-1771.0
-2087.0
-44.0
-1901.0
-2786.0
-2292.0
-1208.0
-2615.0
-2180.0
-3609.0
-5062.0
-2200.0
-4583.0
-3595.0
-1437.0
-2710.0
-1415.0
-2310.0
-1381.0
-1668.0
-1551.0
-1902.0
-4108.0
-1227.0
-2704.0
-2261.0
-3825.0
-1851.0
-1203.0
-1663.0
-2953.0
-3746.0
-2622.0
-2888.0
-3429.0
-2457.0
-1936.0
-3627.0
-2474.0
-1568.0
-2089.0
-1725.0
-1142.0
-1512.0
-2017.0
-1644.0
-1227.0
-1383.0
-1779.0
-1971.0
-1743.0
-1246.0
-1196.0
-1912.0
-1726.0
-1170.0
-1728.0
-1606.0
-1417.0
-1933.0
-2104.0
-3132.0
-2405.0
-4466.0
-1784.0
-2906.0
-3546.0
-3326.0
-2306.0
-3220.0
-2030.0
-3151.0
-2296.0
-3622.0
-1755.0
-6553.0
-4848.0
-3616.0
-2796.0
-1667.0
-2026.0
-2388.0
-1780.0
-2699.0
-2689.0
-2882.0
-2274.0
-3656.0
-3224.0
-1926.0
-1849.0
-1686.0
-2929.0
-3045.0
-3338.0
-2736.0
-2370.0
-3342.0
-912.0
-2535.0
-2813.0
-2489.0
-3138.0
-2627.0
-2245.0
-1422.0
-2917.0
-2433.0
-5432.0
-3460.0
-1941.0
-2462.0
-4171.0
-2824.0
-2303.0
-1403.0
-1363.0
-3304.0
-2495.0
-3095.0
-1479.0
-2225.0
-2624.0
-2898.0
-1817.0
-3485.0
-2607.0
-1840.0
-1526.0
-1814.0
-2168.0
-1591.0
-1730.0
-1686.0
-2369.0
-2514.0
-1751.0
-3174.0
-2851.0
-756.0
-1786.0
-1687.0
-822.0
-2364.0
-1540.0
-1620.0
-1953.0
-1940.0
-1381.0
-2294.0
-1891.0
-1250.0
-2321.0
-1482.0
-1630.0
-155.0
-2420.0
-3455.0
-1603.0
-2352.0
-3076.0
-2139.0
-2062.0
-3085.0
-1833.0
-2235.0
-1762.0
-1969.0
-1938.0
-1535.0
-822.0
-2200.0
-3276.0
-1888.0
-580.0
-2526.0
-4183.0
-2326.0
-133.0
-1806.0
-5621.0
-2688.0
-2297.0
-3641.0
-3294.0
-2174.0
-1987.0
-3095.0
-1879.0
-1787.0
-2010.0
-2053.0
-1185.0
-2091.0
-2725.0
-424.0
-2112.0
-1223.0
-128.0
-1936.0
-1779.0
-116.0
-1011.0
-2359.0
-1979.0
-1135.0
-1539.0
-2843.0
-2143.0
-1825.0
-1043.0
-1623.0
-1312.0
-2239.0
-914.0
-684.0
-1658.0
-3784.0
-2481.0
-2117.0
-1207.0
-1629.0
-5481.0
-368.0
-905.0
-1281.0
-1830.0
-1929.0
-1384.0
-2285.0
-2581.0
-2767.0
-2503.0
-2046.0
-1095.0
-1866.0
-1328.0
-2785.0
-2512.0
-2792.0
-1529.0
-2187.0
-1930.0
-1578.0
-1343.0
-593.0
-1165.0
-2939.0
26.0
-3198.0
-2339.0
-1512.0
-2167.0
-2300.0
-2993.0
-1105.0
-1929.0
-2446.0
-1873.0
-3144.0
-1169.0
-1442.0
-2013.0
-2920.0
-1264.0
-751.0
-328.0
-1697.0
-2018.0
-364.0
-1333.0
-1430.0
-2735.0
-222.0
-176.0
-1864.0
-2037.0
-2441.0
-960.0
-1139.0
-1943.0
-1213.0
-1625.0
-1500.0
-1168.0
-2084.0
-1940.0
-2835.0
-3262.0
-3065.0
-1018.0
-1309.0
-1301.0
-1892.0
-1415.0
-1294.0
-1740.0
-1737.0
-448.0
-1448.0
-1985.0
-1562.0
-1456.0
-2790.0
-2036.0
90.0
-1605.0
-2784.0
-2220.0
-1622.0
-1482.0
-1466.0
-1719.0
-3034.0
-968.0
-864.0
-2033.0
-1569.0
-1098.0
171.0
-1031.0
-2469.0
-2580.0
-77.0
-2596.0
-1486.0
-1850.0
-3857.0
-1419.0
-3046.0
-2058.0
-2302.0
-2242.0
-4534.0
-1481.0
-4785.0
-3876.0
-3776.0
-1666.0
-2951.0
-4475.0
-557.0
-1953.0
-1770.0
-4223.0
-2728.0
-1284.0
-60.0
27.0
-1170.0
-1745.0
-865.0
-1591.0
-4173.0
-1282.0
-1266.0
-3274.0
-4665.0
-1086.0
-1685.0
-893.0
-940.0
-493.0
-4272.0
-1356.0
-1204.0
-1255.0
-1500.0
-1483.0
-2850.0
-1127.0
-1639.0
-1961.0
-370.0
-311.0
-1219.0
-3077.0
-2183.0
-1124.0
-1341.0
-1705.0
-1615.0
-3988.0
-1486.0
-1211.0
-2766.0
-2520.0
-2997.0
-1656.0
-1025.0
-1446.0
-825.0
-2390.0
-3324.0
-1252.0
-746.0
-1605.0
-817.0
-905.0
-3333.0
-1613.0
-624.0
-1071.0
-3288.0
-2361.0
-1248.0
-1505.0
-2897.0
-1190.0
-2239.0
-1167.0
-985.0
-1509.0
-1789.0
-1359.0
-546.0
-955.0
-1306.0
-868.0
-942.0
-922.0
-1741.0
-1919.0
-864.0
-482.0
-1444.0
-1572.0
-1569.0
-970.0
-1320.0
-1327.0
-1412.0
-2102.0
-1695.0
-976.0
-2094.0
-1019.0
-1960.0
-1508.0
-1234.0
-916.0
-841.0
-944.0
-2911.0
-1111.0
-2575.0
-876.0
-977.0
92.0
-1288.0
-1582.0
-2921.0
-831.0
-1339.0
-1266.0
-822.0
-849.0
-2052.0
-1317.0
-1660.0
-893.0
-837.0
-2289.0
-3131.0
-1609.0
-355.0
-975.0
-1273.0
-1410.0
-838.0
-895.0
-1407.0
-2389.0
-846.0
-544.0
-1361.0
-2560.0
-1703.0
-1343.0
-1709.0
-1723.0
-1316.0
-1787.0
-1401.0
-1461.0
-3296.0
-1155.0
-3472.0
-2218.0
-1239.0
-911.0
-949.0
-1430.0
-1283.0
-1905.0
-1022.0
-895.0
-1004.0
-1151.0
-1399.0
-2137.0
-64.0
-872.0
-1662.0
-1894.0
-1306.0
-2341.0
-1439.0
-2149.0
-1868.0
-906.0
-868.0
-1071.0
-3426.0
-19.0
-1240.0
-920.0
-1766.0
-871.0
-994.0
-827.0
-1429.0
-1559.0
179.0
-836.0
-1298.0
-1661.0
-2221.0
-14.0
-1038.0
-1537.0
-1215.0
-1943.0
-1701.0
-886.0
-1697.0
-1391.0
-2376.0
-1253.0
-1187.0
-1077.0
-1429.0
-843.0
-1340.0
-997.0
-938.0
-917.0
-1191.0
210.0
-3215.0
-2488.0
-80.0
28.0
-2707.0
-1256.0
-4301.0
-1509.0
-3549.0
-735.0
-1976.0
-1723.0
-965.0
-876.0
-1764.0
-1265.0
-2260.0
-483.0
-1396.0
-221.0
-302.0
-890.0
-1766.0
-3052.0
-1176.0
-823.0
-1268.0
-1506.0
-2196.0
-968.0
-1126.0
-1702.0
-1380.0
-3394.0
-1839.0
-1683.0
-1408.0
-1283.0
-2607.0
-1504.0
-1084.0
-3095.0
-856.0
-856.0
-2297.0
-1215.0
-1054.0
-932.0
-41.0
-562.0
-1638.0
-1345.0
-820.0
-437.0
-1180.0
-1931.0
-22.0
-1037.0
-1805.0
-1146.0
-2305.0
-619.0
-915.0
-1483.0
-2832.0
-1045.0
-835.0
-1032.0
-1196.0
-1233.0
-814.0
-939.0
-1150.0
-4408.0
-33.0
-320.0
-1977.0
-1934.0
-1363.0
-1564.0
-943.0
-2250.0
-1589.0
-1444.0
-6033.0
-1047.0
-1799.0
-939.0
-3860.0
-1566.0
-1019.0
-1222.0
105.0
-1255.0
-1117.0
-1408.0
-895.0
-1297.0
-1604.0
-493.0
-1259.0
-1377.0
-528.0
-467.0
-1173.0
-1695.0
-142.0
-1034.0
-1848.0
-1103.0
-1550.0
-866.0
-924.0
-846.0
-2499.0
-1502.0
-1000.0
-933.0
-1174.0
-64.0
-110.0
-928.0
-1532.0
-1858.0
39.0
-280.0
-1506.0
-1412.0
-1497.0
-848.0
-932.0
-1753.0
-1254.0
-1560.0
-1724.0
-862.0
-1720.0
-980.0
-3617.0
-1475.0
-1056.0
-1069.0
-806.0
-17.0
-1080.0
-1180.0
-994.0
-835.0
-836.0
-911.0
-1211.0
-1231.0
-788.0
29.0
-1337.0
-458.0
-1062.0
-1226.0
-1658.0
-1050.0
-1899.0
-824.0
-362.0
-927.0
-2753.0
-897.0
48.0
-884.0
-1346.0
-821.0
-909.0
-238.0
-1551.0
-2087.0
-767.0
-815.0
-1077.0
-3815.0
-1488.0
-65.0
-1081.0
-1713.0
-1228.0
-2919.0
-1171.0
-950.0
-1371.0
-2651.0
-4126.0
-1355.0
-1750.0
-956.0
-819.0
-830.0
-1206.0
-1138.0
-944.0
-869.0
161.0
-786.0
-1261.0
-966.0
-857.0
-758.0
-909.0
-1558.0
-831.0
-1105.0
-1232.0
-1209.0
-1308.0
-815.0
-380.0
-950.0
-2430.0
-856.0
-104.0
-875.0
-1341.0
-828.0
-810.0
-923.0
-1617.0
-1511.0
164.0
259.0
-1107.0
-1563.0
-1523.0
-929.0
-839.0
-2467.0
-1359.0
-1714.0
-2110.0
-1021.0
-1343.0
-1257.0
-4387.0
-1864.0
-1296.0
-953.0
-903.0
-942.0
-540.0
-1205.0
-1081.0
-854.0
-906.0
-54.0
-1763.0
-1449.0
-854.0
-1051.0
-921.0
-2448.0
-948.0
-1190.0
-1889.0
-1049.0
-1563.0
-893.0
-946.0
-1052.0
-2034.0
-836.0
25.0
-208.0
-1329.0
35.0
-1798.0
-755.0
-1423.0
-7373.0
226.0
15.0
-1358.0
-1812.0
-1609.0
165.0
-964.0
-1746.0
-3822.0
-1293.0
-1784.0
-1419.0
-1802.0
-1248.0
-5928.0
-1843.0
-1252.0
-894.0
126.0
-973.0
-1086.0
-1094.0
-916.0
-855.0
-790.0
-775.0
-1166.0
-1222.0
-746.0
-828.0
-1071.0
-1349.0
-742.0
-1157.0
-1273.0
-1077.0
-1764.0
-941.0
-814.0
-930.0
-2005.0
-1063.0
-781.0
-882.0
-1067.0
-871.0
-782.0
-785.0
-1371.0
-1527.0
-740.0
-772.0
-1222.0
-1800.0
-1428.0
-815.0
-936.0
-1146.0
-983.0
-2811.0
-1845.0
-868.0
-1726.0
-1222.0
-2823.0
-1460.0
-1067.0
-903.0
-913.0
-1104.0
-1221.0
-1006.0
-972.0
-863.0
107.0
109.0
-1317.0
-1132.0
62.0
-1282.0
-1061.0
-1267.0
-1012.0
-1000.0
-1784.0
-839.0
-1690.0
-1112.0
-804.0
-824.0
-2155.0
-904.0
40.0
-4207.0
-1631.0
-94.0
2.0
-39.0
-1427.0
-4816.0
101.0
-251.0
-1624.0
-1918.0
-1227.0
-628.0
-1050.0
-5750.0
-3304.0
-864.0
-1747.0
-1156.0
-1512.0
-1093.0
-1590.0
-1615.0
-982.0
-936.0
-766.0
-832.0
-1257.0
-962.0
-905.0
-849.0
23.0
-805.0
-1417.0
-1509.0
169.0
134.0
-1100.0
-1102.0
-827.0
-945.0
-1454.0
-1028.0
-1976.0
-522.0
-787.0
-801.0
-1812.0
-1004.0
-838.0
153.0
-1026.0
-1674.0
56.0
-1143.0
-1259.0
-2924.0
-759.0
-841.0
-1417.0
-2428.0
-1832.0
-781.0
-1277.0
-1827.0
-1111.0
-2855.0
-1354.0
-900.0
-1892.0
-1091.0
-2805.0
-1838.0
-990.0
-838.0
87.0
194.0
-1211.0
-1200.0
-906.0
-231.0
-1022.0
192.0
-1174.0
-1056.0
-736.0
-90.0
-909.0
-124.0
-809.0
-616.0
-3024.0
-870.0
-2439.0
-876.0
0.0
90.0
-3147.0
-1048.0
-776.0
-140.0
-1610.0
-1159.0
-854.0
87.0
-1009.0
-1441.0
-100.0
-750.0
-1292.0
-1323.0
-1575.0
-812.0
-893.0
-1212.0
-1037.0
-1908.0
-1947.0
-867.0
-1924.0
-1164.0
-3368.0
-1003.0
-1117.0
-868.0
-735.0
-818.0
-1484.0
-1056.0
-943.0
-804.0
-794.0
-732.0
-1147.0
-1362.0
164.0
-979.0
-1159.0
-1609.0
-773.0
-949.0
-1721.0
-1019.0
-1952.0
-808.0
-754.0
-870.0
-2666.0
-1065.0
-838.0
-815.0
-1181.0
65.0
-728.0
-760.0
-1299.0
-1996.0
-705.0
-787.0
-1096.0
-1511.0
-1434.0
-810.0
-1183.0
-1289.0
-1126.0
-1690.0
-1494.0
-861.0
-1298.0
-1022.0
-3524.0
-1446.0
-893.0
-869.0
-754.0
-825.0
-1973.0
-1143.0
-848.0
-752.0
-726.0
-696.0
-1247.0
-1095.0
-703.0
28.0
-1000.0
-876.0
36.0
-170.0
-2287.0
-926.0
-1367.0
-785.0
50.0
-1162.0
-1720.0
-102.0
132.0
-1271.0
-1229.0
-910.0
-857.0
-695.0
-1015.0
-1796.0
260.0
-721.0
-1527.0
-2096.0
-1578.0
-758.0
-991.0
-2785.0
-1330.0
-1869.0
-2186.0
-869.0
-1379.0
-1080.0
-2493.0
-1240.0
-922.0
-1916.0
-751.0
-824.0
-1364.0
-892.0
-831.0
-792.0
40.0
-716.0
-1222.0
-957.0
84.0
-798.0
-918.0
-1159.0
-799.0
-3210.0
-1433.0
-961.0
-1535.0
-814.0
-756.0
-960.0
-2592.0
-920.0
-760.0
-872.0
-1110.0
-1878.0
-782.0
-736.0
-1271.0
-1076.0
-721.0
-725.0
-1358.0
-1510.0
-1393.0
-856.0
-951.0
-1422.0
-1005.0
-1626.0
-1446.0
-853.0
-2001.0
-1010.0
-2653.0
-1140.0
-957.0
-1316.0
-745.0
-763.0
-1233.0
-1009.0
-931.0
-767.0
-803.0
-734.0
-1242.0
-1412.0
-732.0
-783.0
-940.0
-920.0
-812.0
-1252.0
-1257.0
-1036.0
-1596.0
-774.0
-770.0
-996.0
-2085.0
-77.0
-772.0
-921.0
-1076.0
-777.0
-798.0
102.0
-998.0
-2586.0
-722.0
-708.0
-1569.0
-5218.0
-1551.0
-142.0
-1503.0
-2104.0
-1314.0
-1708.0
-1719.0
-1103.0
-1287.0
-1073.0
-1920.0
-5540.0
-1076.0
-1178.0
-814.0
-902.0
-1615.0
-931.0
-2011.0
-762.0
27.0
-723.0
-1327.0
-1104.0
212.0
255.0
-1025.0
-1172.0
-912.0
-1006.0
-1933.0
-999.0
-1627.0
-813.0
-752.0
-957.0
-3005.0
-1127.0
-723.0
-886.0
-1198.0
-843.0
-733.0
239.0
-987.0
-1063.0
-698.0
-730.0
-1122.0
-1630.0
-1710.0
-852.0
-827.0
-2850.0
-1040.0
-2233.0
-1461.0
-899.0
-1622.0
-1065.0
-3598.0
-1400.0
-943.0
-952.0
-710.0
-812.0
-1099.0
-1090.0
-861.0
-713.0
-803.0
101.0
-1074.0
-3377.0
-799.0
-754.0
-911.0
-301.0
-804.0
-923.0
-1001.0
-1194.0
-1230.0
-964.0
-740.0
-889.0
-1693.0
-1067.0
69.0
100.0
-6390.0
-973.0
-1780.0
128.0
-918.0
-1255.0
-708.0
-728.0
-944.0
-1766.0
-1373.0
-741.0
-804.0
-1887.0
-1186.0
-2018.0
-1445.0
-814.0
-2108.0
-1019.0
-2967.0
-5650.0
-1813.0
-787.0
-13.0
-777.0
-1188.0
-1057.0
-868.0
111.0
-872.0
-665.0
-1316.0
-1006.0
-735.0
-708.0
-1111.0
-343.0
82.0
-1046.0
-665.0
-893.0
-1602.0
-786.0
125.0
-810.0
-2113.0
-903.0
56.0
59.0
-910.0
160.0
-757.0
64.0
-1111.0
-1878.0
-730.0
148.0
-1290.0
-1310.0
-1409.0
-885.0
-897.0
-2604.0
-1143.0
-1568.0
-1447.0
-893.0
-1676.0
-1029.0
-1953.0
-1076.0
-1034.0
-1073.0
-1381.0
-839.0
-91.0
-1374.0
-884.0
-1014.0
-857.0
166.0
-3985.0
-1784.0
104.0
-743.0
-1038.0
-1231.0
-834.0
-2290.0
-1147.0
-952.0
-1295.0
-836.0
187.0
-852.0
-2638.0
160.0
8.0
-1195.0
-1238.0
-723.0
-782.0
191.0
-1029.0
-1362.0
-689.0
-707.0
-1225.0
-1358.0
-1280.0
-767.0
-874.0
-2023.0
-1325.0
-1151.0
-1847.0
-873.0
-1991.0
-1044.0
-1211.0
-1918.0
-970.0
-839.0
-718.0
-772.0
-1588.0
-985.0
-794.0
-768.0
84.0
309.0
-1051.0
-3139.0
25.0
105.0
-894.0
-964.0
-733.0
-1545.0
-2035.0
-941.0
-1932.0
-1072.0
-736.0
-955.0
-2589.0
-880.0
-747.0
-1000.0
-1042.0
-772.0
-810.0
85.0
-1027.0
-1744.0
-719.0
-725.0
-1785.0
-1645.0
-1426.0
-801.0
-806.0
-2141.0
-1265.0
-1956.0
-1580.0
-847.0
-1467.0
-1122.0
-2539.0
-2064.0
-978.0
-1322.0
-722.0
-765.0
-1304.0
-4444.0
-1040.0
-747.0
-5349.0
-5004.0
-7861.0
-948.0
259.0
-747.0
-955.0
-3868.0
-832.0
-928.0
-1620.0
-1005.0
-1657.0
-874.0
-730.0
-910.0
-2380.0
-1012.0
-763.0
-852.0
-1148.0
242.0
-744.0
-1448.0
-1074.0
-1535.0
-731.0
-719.0
-1192.0
-1661.0
-1480.0
-770.0
-781.0
-1897.0
-1105.0
-1489.0
-2042.0
-786.0
-1757.0
-976.0
-2010.0
-1269.0
-875.0
-794.0
-706.0
-819.0
-1284.0
-968.0
-822.0
-733.0
-817.0
-708.0
-1666.0
-897.0
-698.0
302.0
-970.0
-1040.0
-719.0
-839.0
-1598.0
-976.0
-1923.0
-846.0
-774.0
146.0
-2372.0
-1072.0
11.0
-921.0
-1070.0
148.0
168.0
124.0
-1488.0
-1635.0
-876.0
-1115.0
-1240.0
-1302.0
-1480.0
-915.0
-841.0
-3054.0
-1362.0
-1922.0
-1420.0
-966.0
-1822.0
-1415.0
-2174.0
-1821.0
-1338.0
42.0
178.0
131.0
-265.0
-1151.0
-852.0
-787.0
-853.0
-195.0
-1486.0
-1712.0
-743.0
-807.0
-929.0
-987.0
216.0
-998.0
-1997.0
-939.0
-1787.0
-889.0
-761.0
-799.0
-2833.0
-1000.0
-958.0
-878.0
-2886.0
-776.0
168.0
214.0
-1152.0
-1187.0
24.0
-1954.0
-1007.0
-2432.0
-2072.0
-697.0
-763.0
-1692.0
-5268.0
-1676.0
-1789.0
-880.0
-1914.0
-1049.0
-2363.0
-1359.0
-967.0
-965.0
-747.0
-726.0
-1205.0
-1028.0
-5661.0
184.0
73.0
104.0
-1355.0
-1549.0
-720.0
80.0
-1209.0
-1538.0
-807.0
-955.0
-1668.0
-930.0
-1300.0
-795.0
-742.0
-976.0
-4758.0
-882.0
-733.0
-945.0
-1154.0
-795.0
155.0
-758.0
-1011.0
-1170.0
-722.0
-708.0
-1692.0
-1540.0
-1489.0
-809.0
-820.0
-1654.0
-1108.0
-1905.0
-2113.0
-913.0
-1635.0
-1065.0
-2103.0
-1180.0
-1018.0
-978.0
-741.0
-840.0
-1220.0
-1278.0
-860.0
-1242.0
-848.0
-724.0
-1368.0
-900.0
-680.0
-763.0
-1094.0
-1239.0
-806.0
-1007.0
-891.0
-890.0
-1420.0
-827.0
-711.0
-976.0
-1975.0
33.0
129.0
-854.0
-1144.0
135.0
-754.0
-732.0
-1069.0
-1307.0
-677.0
-729.0
-1046.0
-2016.0
-2263.0
-766.0
-798.0
-1428.0
-1124.0
-4984.0
-1673.0
-857.0
-1722.0
-1002.0
-2170.0
-1033.0
-887.0
-989.0
-733.0
-762.0
-332.0
-924.0
-832.0
-1173.0
-812.0
-685.0
-1212.0
-935.0
370.0
-667.0
-879.0
-1016.0
-759.0
-1002.0
-1327.0
-917.0
-1697.0
-746.0
133.0
-995.0
-2354.0
-27.0
-714.0
-940.0
-1522.0
-867.0
-766.0
-692.0
-1168.0
-1871.0
-807.0
-719.0
-1277.0
-1302.0
-1635.0
47.0
-899.0
-1281.0
-7716.0
-2146.0
-1746.0
-880.0
-2176.0
-1009.0
-2313.0
-497.0
-1068.0
-821.0
-696.0
-712.0
-1980.0
-953.0
-775.0
-762.0
-836.0
-693.0
-929.0
-1005.0
126.0
-725.0
-835.0
-1313.0
79.0
-902.0
-774.0
-1016.0
-1534.0
-912.0
169.0
-804.0
-2274.0
-1114.0
-698.0
-792.0
-6668.0
-696.0
-1208.0
-702.0
-1515.0
-1326.0
-696.0
-696.0
-1099.0
-1521.0
-1180.0
-841.0
-807.0
-1380.0
-985.0
-2033.0
-2483.0
-803.0
-2016.0
-914.0
-2095.0
-2077.0
-888.0
-810.0
-672.0
-745.0
-1296.0
-989.0
-882.0
-760.0
-811.0
156.0
-1292.0
-1216.0
-700.0
-717.0
-1029.0
-1055.0
-760.0
-992.0
-1994.0
-884.0
-1327.0
-797.0
127.0
-837.0
-8862.0
25.0
86.0
-964.0
-1075.0
-6776.0
-758.0
-754.0
-1627.0
-2404.0
-720.0
-730.0
-1243.0
-6636.0
-1223.0
98.0
-6894.0
-1761.0
-1017.0
-1734.0
-1462.0
-829.0
-1816.0
-1019.0
-2224.0
-1305.0
-971.0
-1079.0
-711.0
-745.0
-1194.0
-1095.0
-1125.0
-745.0
-732.0
-706.0
-2163.0
-909.0
-713.0
-709.0
-857.0
-1445.0
-703.0
-951.0
-1793.0
-928.0
-1688.0
-819.0
-717.0
-888.0
-2765.0
-912.0
-742.0
-925.0
-2350.0
-790.0
-698.0
-719.0
-1050.0
-1930.0
-709.0
-712.0
-1921.0
-1395.0
-1344.0
-795.0
-858.0
-1222.0
-1108.0
-1323.0
-1245.0
-771.0
-5933.0
-949.0
-1988.0
-3441.0
-1659.0
-820.0
-707.0
-704.0
-1045.0
-1013.0
-804.0
-734.0
-783.0
-681.0
-1064.0
-6984.0
-775.0
-744.0
-942.0
-1157.0
-728.0
-1236.0
-1170.0
-8637.0
-8115.0
-1413.0
-757.0
-990.0
-1804.0
-863.0
-7061.0
184.0
-1264.0
152.0
-678.0
-697.0
-3602.0
-1911.0
-668.0
-678.0
-1248.0
-1241.0
-1225.0
81.0
-810.0
-1968.0
-976.0
-1449.0
-1261.0
-817.0
-1520.0
-1005.0
-1588.0
-1752.0
-1022.0
-911.0
-689.0
-734.0
-1544.0
-1059.0
-826.0
-778.0
-737.0
-704.0
-1136.0
-1216.0
-676.0
352.0
-1236.0
-1052.0
-818.0
-900.0
-1441.0
-1039.0
-1730.0
-845.0
-721.0
-778.0
-2839.0
-22.0
-737.0
-798.0
-962.0
-729.0
-702.0
-677.0
-1098.0
-1664.0
-658.0
-705.0
-891.0
-1392.0
-1225.0
-723.0
-1049.0
-1808.0
-1016.0
-1388.0
-1485.0
-786.0
-1640.0
-906.0
-1820.0
-1214.0
-979.0
-1093.0
-647.0
-716.0
-948.0
-952.0
-807.0
-717.0
-800.0
151.0
-1036.0
-1215.0
197.0
-669.0
-862.0
-1736.0
180.0
-854.0
-1585.0
-1159.0
-1201.0
-731.0
-693.0
-822.0
-2155.0
-971.0
-747.0
-856.0
-1273.0
-710.0
-731.0
-720.0
-938.0
-1544.0
-663.0
-703.0
-1206.0
-1788.0
-1432.0
-755.0
-790.0
-1899.0
-1024.0
-1435.0
-1506.0
-747.0
-1430.0
-1002.0
-1840.0
-949.0
-1020.0
-1124.0
-718.0
-804.0
-141.0
-1032.0
-828.0
93.0
-837.0
-668.0
-1158.0
-824.0
-716.0
-669.0
-778.0
-1057.0
-707.0
-810.0
-1585.0
-897.0
-1303.0
-772.0
-709.0
-765.0
-1800.0
-1.0
-654.0
-798.0
-3255.0
-727.0
205.0
-681.0
-988.0
-1846.0
-666.0
-691.0
-1082.0
-1579.0
-1143.0
-803.0
-747.0
-1089.0
-1073.0
-1889.0
-1270.0
-762.0
-1746.0
-1039.0
-1610.0
-991.0
-849.0
-815.0
213.0
-702.0
-1051.0
-1064.0
-795.0
214.0
-798.0
-681.0
-1116.0
-887.0
-716.0
43.0
-855.0
-1471.0
231.0
-933.0
-2032.0
-981.0
-1639.0
-773.0
-721.0
-773.0
-1550.0
-1106.0
-682.0
-842.0
-1041.0
-795.0
195.0
-696.0
-941.0
-1108.0
-644.0
-681.0
-1172.0
-1252.0
-1380.0
-772.0
-760.0
-1236.0
-1057.0
-1642.0
-1667.0
-816.0
-1708.0
-871.0
-2210.0
-1046.0
-983.0
149.0
164.0
-673.0
-1022.0
-1072.0
-763.0
-739.0
-704.0
-672.0
-943.0
-870.0
-671.0
-6343.0
-855.0
-975.0
191.0
-889.0
-1392.0
-952.0
-1130.0
-787.0
-704.0
-789.0
-2697.0
-936.0
-713.0
-878.0
-988.0
-765.0
233.0
-881.0
-1083.0
-1374.0
-663.0
-688.0
-1175.0
-2150.0
-1417.0
-826.0
-786.0
-2413.0
-1058.0
-1638.0
-2145.0
-773.0
-1664.0
-1019.0
-3127.0
-1759.0
-870.0
-937.0
-1316.0
-727.0
-52.0
-1033.0
-797.0
-708.0
-761.0
382.0
-1106.0
-1009.0
-700.0
-2635.0
-1453.0
-1003.0
-815.0
-1053.0
-496.0
-970.0
-1586.0
-903.0
-697.0
-952.0
-2887.0
-781.0
-720.0
-814.0
-1057.0
143.0
-790.0
-678.0
-1041.0
-1044.0
-706.0
-707.0
-973.0
-1745.0
-1258.0
-852.0
-765.0
-1280.0
-1064.0
-1462.0
-1497.0
-840.0
-1345.0
-971.0
-2364.0
-1148.0
-892.0
-1112.0
-674.0
-780.0
-1167.0
-1373.0
-845.0
-734.0
-740.0
-665.0
-1123.0
-851.0
-738.0
-700.0
-1110.0
-881.0
-819.0
-972.0
-1333.0
-906.0
-1142.0
-829.0
-694.0
-1030.0
-2062.0
-826.0
-728.0
-838.0
-7471.0
-718.0
-703.0
143.0
-1123.0
-1201.0
282.0
-703.0
-869.0
-1281.0
-1291.0
-761.0
-753.0
-1882.0
-1145.0
-1128.0
-1674.0
-929.0
-1839.0
-1055.0
-1951.0
-1290.0
-861.0
-941.0
-695.0
-764.0
-7.0
-1048.0
-857.0
134.0
78.0
-682.0
-1233.0
-874.0
36.0
-686.0
-987.0
-75.0
-738.0
-905.0
-1333.0
-1161.0
-4287.0
-757.0
-779.0
-7357.0
-1990.0
-753.0
-773.0
51.0
-961.0
259.0
-702.0
-721.0
-1049.0
-1805.0
-656.0
-663.0
-902.0
-1435.0
-1866.0
44.0
-961.0
-1085.0
-851.0
-1762.0
-1839.0
-805.0
-1642.0
-961.0
-3492.0
-1170.0
-1134.0
-848.0
-650.0
-715.0
-1160.0
-978.0
-772.0
-925.0
78.0
184.0
-1079.0
-937.0
131.0
-671.0
-916.0
-1078.0
-706.0
-876.0
-572.0
-1095.0
-2030.0
-825.0
-744.0
-884.0
-2684.0
-973.0
-739.0
-5745.0
-1067.0
265.0
-676.0
-768.0
-1050.0
-1884.0
198.0
-657.0
-6117.0
-1139.0
-1174.0
76.0
-791.0
-1438.0
-930.0
-1411.0
-1630.0
-955.0
-1905.0
-915.0
-778.0
-1157.0
-6905.0
-8087.0
-681.0
-1050.0
-73.0
-913.0
-787.0
-728.0
214.0
-666.0
-1008.0
-1224.0
183.0
194.0
-1307.0
-962.0
152.0
-826.0
-1182.0
-1059.0
-1488.0
-841.0
90.0
-769.0
-2050.0
67.0
-760.0
108.0
-1016.0
208.0
-801.0
185.0
-1097.0
-1278.0
212.0
-676.0
-1326.0
-1299.0
-1210.0
-7283.0
-870.0
-1212.0
-1029.0
-1083.0
-1420.0
-753.0
-1666.0
-953.0
-1517.0
-1088.0
-934.0
-775.0
217.0
-724.0
-946.0
-837.0
89.0
-843.0
149.0
188.0
-931.0
-1069.0
245.0
-741.0
-839.0
-1046.0
-685.0
-827.0
-1033.0
-843.0
-1335.0
-780.0
145.0
172.0
-2067.0
-975.0
-724.0
-750.0
-876.0
-722.0
-721.0
199.0
-1045.0
-3277.0
-665.0
-688.0
-1030.0
-1419.0
-4041.0
117.0
-718.0
-1217.0
-1055.0
-1168.0
-1567.0
-757.0
-1400.0
-945.0
-1804.0
-5677.0
-941.0
-797.0
-735.0
-714.0
-959.0
-1037.0
-786.0
-707.0
-826.0
369.0
-874.0
-910.0
-690.0
191.0
-807.0
-40.0
-718.0
-1045.0
-1245.0
-6668.0
-1562.0
-834.0
-668.0
-732.0
-2284.0
-820.0
-705.0
-1106.0
-938.0
-690.0
-648.0
-664.0
-1266.0
-1268.0
-667.0
-679.0
-1152.0
-1219.0
-1157.0
132.0
-1439.0
-1100.0
-1044.0
-1185.0
-1086.0
-788.0
-1525.0
-883.0
-2304.0
-1011.0
-966.0
-781.0
-675.0
-716.0
-1143.0
-1003.0
-765.0
-814.0
-793.0
-669.0
-902.0
-854.0
-674.0
-702.0
-931.0
-1111.0
-704.0
-905.0
-1609.0
-974.0
-1332.0
-780.0
-723.0
-831.0
-2238.0
-918.0
-697.0
-849.0
-969.0
-740.0
-678.0
-671.0
-1070.0
-1477.0
-657.0
-667.0
-1052.0
-1277.0
-1142.0
-706.0
-785.0
-1272.0
-969.0
-1233.0
-1302.0
-880.0
-1560.0
-876.0
-609.0
-875.0
-875.0
-904.0
-697.0
-730.0
41.0
-1062.0
-814.0
-733.0
-685.0
-648.0
-1140.0
-849.0
-653.0
-661.0
-944.0
-1063.0
-775.0
-856.0
-1006.0
-909.0
-1177.0
-788.0
-686.0
-943.0
-2409.0
72.0
-656.0
-789.0
-1105.0
-678.0
-703.0
-690.0
-949.0
-1302.0
-693.0
-673.0
-1035.0
-1053.0
-1234.0
-21.0
-917.0
-1349.0
-952.0
-1198.0
-1050.0
-783.0
-1702.0
-931.0
-719.0
-1455.0
-949.0
-919.0
-669.0
-5480.0
-1327.0
-1025.0
-741.0
-745.0
-792.0
-659.0
-913.0
-879.0
-668.0
-695.0
-910.0
3.0
-682.0
-825.0
-1060.0
-885.0
-1305.0
-812.0
161.0
156.0
-1632.0
50.0
-718.0
-746.0
-1028.0
-733.0
-682.0
173.0
-872.0
-1471.0
134.0
-681.0
-1347.0
-1605.0
-1349.0
-756.0
-851.0
-1479.0
-932.0
-1673.0
-1477.0
-778.0
-1615.0
-1019.0
-1820.0
-1060.0
-1101.0
-823.0
-673.0
-727.0
-1269.0
-1086.0
-792.0
-822.0
-825.0
-662.0
-969.0
-887.0
-683.0
-692.0
-870.0
-1210.0
-694.0
-929.0
-619.0
-910.0
-1341.0
-808.0
-735.0
-745.0
-2313.0
-1163.0
-714.0
-914.0
-973.0
-703.0
-656.0
-717.0
-1010.0
-3168.0
-674.0
-688.0
-1086.0
-1046.0
-1303.0
-755.0
-903.0
-1240.0
-995.0
-237.0
-1066.0
-1020.0
-2477.0
-937.0
-610.0
-1287.0
-1081.0
-832.0
199.0
-695.0
-1231.0
-890.0
-860.0
-753.0
-731.0
-661.0
-1085.0
-797.0
-659.0
-717.0
-953.0
-94.0
-795.0
-954.0
-1355.0
-945.0
-1400.0
-6700.0
-682.0
-809.0
-2059.0
45.0
-713.0
-769.0
-1075.0
221.0
-764.0
148.0
-1021.0
-1970.0
-662.0
-683.0
-1196.0
-1225.0
-1399.0
-810.0
-846.0
-1051.0
-975.0
-1514.0
-1054.0
-785.0
-1279.0
-1020.0
-2717.0
-887.0
-971.0
-895.0
311.0
-739.0
-1210.0
-1011.0
-782.0
-726.0
-858.0
-651.0
-1154.0
-873.0
-684.0
-698.0
-243.0
-987.0
-778.0
-817.0
-1258.0
-980.0
-1422.0
-796.0
-732.0
-1078.0
-1948.0
-1204.0
-714.0
-840.0
-1220.0
43.0
-689.0
-702.0
-972.0
-1951.0
-658.0
-660.0
-955.0
-1632.0
-1385.0
-756.0
-826.0
-1146.0
-969.0
-1099.0
-1225.0
-752.0
-1202.0
-1095.0
-1606.0
-965.0
-1066.0
-1001.0
-705.0
-781.0
-138.0
-926.0
-759.0
-737.0
-735.0
-669.0
-1166.0
-793.0
-684.0
-667.0
-83.0
-1016.0
-750.0
-849.0
-1216.0
-1014.0
-1310.0
-802.0
-704.0
-827.0
-1721.0
-145.0
-722.0
122.0
-1081.0
-740.0
-691.0
-707.0
-946.0
-1846.0
-667.0
-692.0
-5766.0
-1405.0
-1143.0
152.0
-826.0
-1091.0
-1052.0
-1347.0
-1079.0
-783.0
-1416.0
-977.0
-776.0
-910.0
-864.0
-932.0
-695.0
-753.0
-281.0
-1016.0
-807.0
-1109.0
-771.0
-675.0
-1023.0
-832.0
-655.0
-649.0
-879.0
-1025.0
-767.0
-903.0
-1198.0
-869.0
-1222.0
-743.0
229.0
-1175.0
-1996.0
-7079.0
-724.0
44.0
-1282.0
89.0
-722.0
-703.0
-1041.0
-1197.0
155.0
172.0
-7400.0
-1282.0
-1170.0
168.0
-885.0
-1252.0
-975.0
-1088.0
-8439.0
-742.0
-1523.0
-980.0
-1524.0
-1019.0
-1016.0
-7817.0
207.0
-750.0
-7973.0
-866.0
-795.0
-1063.0
110.0
-6553.0
-982.0
-5154.0
-2.0
-682.0
-848.0
-1274.0
-670.0
-993.0
-1725.0
-815.0
-1829.0
-930.0
-836.0
-793.0
-1870.0
-988.0
-699.0
45.0
-1019.0
232.0
-693.0
-762.0
-1027.0
-1792.0
177.0
-678.0
-2776.0
-1164.0
-1223.0
51.0
-823.0
-1899.0
-1013.0
-3307.0
-1674.0
-2576.0
-1581.0
-931.0
-651.0
-972.0
-959.0
-829.0
-668.0
-717.0
8.0
-1023.0
-783.0
116.0
143.0
221.0
-928.0
-852.0
-915.0
239.0
-875.0
-849.0
-744.0
-863.0
-1523.0
-833.0
-1648.0
-767.0
-8316.0
-1068.0
-2011.0
58.0
-685.0
-935.0
-1125.0
-748.0
-739.0
-678.0
-931.0
-1215.0
-655.0
-686.0
-1145.0
-1518.0
-3742.0
-739.0
-816.0
-1279.0
-1013.0
-1445.0
-1188.0
-1016.0
-1437.0
-944.0
-1706.0
-923.0
-958.0
-886.0
-693.0
-743.0
-1016.0
-888.0
-813.0
-771.0
105.0
410.0
-925.0
-887.0
209.0
-729.0
-852.0
-1144.0
173.0
-773.0
-336.0
-1224.0
-1080.0
-804.0
-751.0
-793.0
-2277.0
-921.0
-1203.0
65.0
-912.0
182.0
-704.0
-825.0
-896.0
-1588.0
199.0
91.0
-1258.0
-1280.0
-1167.0
0.0
-949.0
-1698.0
-935.0
-1119.0
-1221.0
-789.0
-1398.0
-957.0
-1643.0
-996.0
-956.0
-811.0
-706.0
-5568.0
-1024.0
-954.0
-5261.0
-8457.0
157.0
-684.0
-974.0
-895.0
-39.0
218.0
-860.0
-3592.0
-702.0
-858.0
-1336.0
-914.0
-1252.0
-913.0
-692.0
-826.0
-1285.0
-982.0
-669.0
-723.0
-1009.0
-692.0
-747.0
-656.0
-984.0
-1181.0
165.0
-687.0
-949.0
-1093.0
-1473.0
-746.0
-979.0
-1516.0
-1225.0
-932.0
-1379.0
-725.0
-1461.0
-933.0
-855.0
-849.0
-858.0
-843.0
-727.0
-754.0
-1051.0
-978.0
-815.0
-758.0
-1310.0
318.0
-1049.0
-829.0
-669.0
131.0
-787.0
-961.0
-774.0
-863.0
-1362.0
-865.0
-1128.0
-5464.0
154.0
-930.0
-1809.0
165.0
182.0
-776.0
-1067.0
-669.0
-696.0
204.0
-998.0
-1534.0
-652.0
-666.0
-1154.0
-1371.0
-1095.0
192.0
-848.0
-1224.0
-963.0
-1040.0
-1443.0
-783.0
-1566.0
-1036.0
-1743.0
-946.0
-945.0
-963.0
-689.0
-896.0
-937.0
-8301.0
-770.0
-730.0
172.0
-636.0
-1076.0
-912.0
-660.0
-814.0
-1004.0
-938.0
-790.0
-825.0
-12422.0
-858.0
-1492.0
-778.0
-708.0
-952.0
-2025.0
-871.0
-685.0
130.0
-1058.0
152.0
-689.0
-737.0
-1093.0
-1046.0
-723.0
-680.0
-1344.0
-1278.0
-1039.0
104.0
-804.0
-1334.0
-993.0
-1202.0
-1184.0
-706.0
-1405.0
-938.0
-1964.0
-1248.0
-858.0
-806.0
212.0
211.0
-61.0
-847.0
-735.0
-1077.0
138.0
230.0
-952.0
-810.0
213.0
-707.0
-857.0
-321.0
-685.0
-986.0
-1082.0
-891.0
-1366.0
-850.0
-737.0
-814.0
-2116.0
-889.0
-724.0
116.0
-1106.0
199.0
-718.0
-727.0
-1183.0
-2156.0
-724.0
-694.0
-906.0
-1176.0
-1071.0
-773.0
-964.0
-1415.0
-993.0
-935.0
-1074.0
-766.0
-1642.0
-975.0
-874.0
-2210.0
-1057.0
-864.0
-709.0
-689.0
-1118.0
-871.0
-794.0
-757.0
154.0
114.0
-911.0
-844.0
-661.0
-751.0
-2153.0
-1020.0
-701.0
-994.0
-978.0
-898.0
-1568.0
-779.0
-741.0
-923.0
-2112.0
-909.0
-720.0
69.0
-985.0
-692.0
-657.0
-672.0
-1057.0
-1559.0
-654.0
-677.0
-1155.0
-1311.0
-1515.0
88.0
-803.0
-1325.0
-1010.0
-1182.0
-1182.0
-777.0
-1275.0
-941.0
-704.0
-23.0
-878.0
-945.0
-684.0
-763.0
-1621.0
-1000.0
-860.0
-670.0
-771.0
-640.0
-1051.0
-809.0
266.0
210.0
-866.0
16.0
-752.0
-889.0
-928.0
-950.0
-1260.0
-849.0
226.0
-793.0
-2338.0
-844.0
-752.0
-9118.0
-1000.0
-698.0
-740.0
197.0
-1009.0
-1331.0
-664.0
-667.0
-912.0
-1096.0
-1231.0
-891.0
-742.0
-1429.0
-945.0
-1152.0
-1195.0
-732.0
-1539.0
-891.0
-1137.0
-1138.0
-862.0
-854.0
-718.0
-699.0
-1105.0
-970.0
-855.0
-728.0
-750.0
-655.0
-1043.0
-827.0
-664.0
-695.0
-930.0
-1137.0
217.0
-936.0
-1089.0
-881.0
-1273.0
-824.0
154.0
-827.0
-2280.0
-910.0
-720.0
126.0
-948.0
-694.0
-725.0
210.0
-1005.0
-2242.0
-660.0
239.0
-1068.0
-1474.0
-1065.0
-862.0
-747.0
-7490.0
-1112.0
-1100.0
-1667.0
-780.0
-1393.0
-7126.0
-1971.0
-1048.0
-900.0
-921.0
-663.0
-821.0
-1249.0
-861.0
-762.0
174.0
180.0
231.0
-2485.0
-8957.0
181.0
-746.0
-916.0
-879.0
-729.0
-896.0
-1295.0
-1012.0
-1308.0
-835.0
-741.0
-723.0
-1851.0
-960.0
-777.0
123.0
-971.0
170.0
221.0
-729.0
-1151.0
-1828.0
-687.0
-752.0
-1421.0
-1471.0
-1092.0
-773.0
-846.0
-986.0
-886.0
-945.0
-931.0
-802.0
-1570.0
-1134.0
-1864.0
-921.0
-1005.0
116.0
242.0
-714.0
-1777.0
-910.0
-749.0
-875.0
90.0
-703.0
-832.0
-875.0
-678.0
173.0
-814.0
-964.0
210.0
-1044.0
-1036.0
-995.0
-1658.0
-937.0
-719.0
-826.0
-3004.0
-793.0
-732.0
111.0
-1081.0
120.0
-735.0
-746.0
-966.0
-1236.0
-716.0
-652.0
-1215.0
-1224.0
-7261.0
-761.0
-798.0
-1182.0
-1066.0
-1122.0
-1250.0
-775.0
-1520.0
-957.0
-1479.0
-956.0
-937.0
-862.0
272.0
268.0
-1152.0
-981.0
-820.0
120.0
-31.0
-3847.0
-1138.0
-805.0
272.0
127.0
-820.0
-5.0
-822.0
-771.0
-846.0
-9231.0
-1265.0
-791.0
-717.0
-1083.0
-2366.0
-1033.0
-694.0
98.0
-1232.0
173.0
-770.0
254.0
-1149.0
-5596.0
99.0
-672.0
-960.0
-1932.0
-1167.0
38.0
-767.0
-1831.0
-1047.0
-1193.0
-1528.0
-772.0
-1821.0
-7457.0
-379.0
-823.0
-959.0
-865.0
-668.0
-726.0
-865.0
-928.0
-835.0
-675.0
185.0
-701.0
-1021.0
-870.0
238.0
-676.0
-880.0
-1208.0
-698.0
-789.0
-1370.0
-923.0
-1226.0
-761.0
-718.0
-1445.0
-2028.0
-1313.0
-695.0
-728.0
-8578.0
-680.0
-8578.0
-723.0
-916.0
-1298.0
238.0
-674.0
-1067.0
-1225.0
-1216.0
140.0
-841.0
-1659.0
-1054.0
-1112.0
-9045.0
-744.0
-1593.0
-1053.0
-1338.0
-993.0
-1003.0
-9025.0
-699.0
-776.0
-1396.0
-896.0
-782.0
-740.0
-757.0
-678.0
-1080.0
-3262.0
221.0
207.0
-864.0
-1138.0
-763.0
-833.0
-856.0
-1018.0
-1617.0
-786.0
-744.0
-932.0
-1654.0
-1123.0
-719.0
104.0
-995.0
164.0
-708.0
-751.0
-1046.0
-1644.0
-671.0
-688.0
-1434.0
-2056.0
-1163.0
-783.0
-864.0
-11215.0
-930.0
-1024.0
-1307.0
-1023.0
-1720.0
-826.0
-1255.0
-1014.0
-956.0
-860.0
-668.0
-694.0
-943.0
-961.0
-758.0
-786.0
-761.0
-659.0
-1107.0
-866.0
261.0
-684.0
-803.0
-1116.0
-670.0
-859.0
-728.0
-971.0
-1872.0
-772.0
-725.0
-831.0
-2306.0
-941.0
-700.0
-832.0
-941.0
-783.0
-668.0
-680.0
-1032.0
-1465.0
-745.0
-661.0
-1094.0
-1084.0
-1186.0
-766.0
-820.0
-998.0
-950.0
-1595.0
-1060.0
-887.0
-1816.0
-860.0
-828.0
-1632.0
-921.0
-887.0
-652.0
-709.0
2.0
-1068.0
-802.0
-736.0
-745.0
-644.0
-1040.0
-827.0
-676.0
-666.0
-793.0
-1100.0
-741.0
-904.0
-843.0
-930.0
-1403.0
-763.0
-652.0
-815.0
-1860.0
-6743.0
-662.0
72.0
-979.0
-708.0
-656.0
-720.0
-1068.0
-1503.0
-630.0
-671.0
-1380.0
-1484.0
-1316.0
-710.0
-751.0
-1163.0
-1070.0
-1161.0
-1301.0
-775.0
-1792.0
-924.0
-720.0
-884.0
-967.0
-878.0
264.0
-684.0
-898.0
-1013.0
-813.0
-725.0
-701.0
-644.0
-915.0
-847.0
218.0
-718.0
-1015.0
-1500.0
-737.0
-902.0
-931.0
-972.0
-1185.0
-767.0
-670.0
-760.0
-1738.0
-1027.0
-692.0
-762.0
-1013.0
-676.0
-690.0
-691.0
-1110.0
-1325.0
-683.0
-659.0
-1044.0
-1093.0
-1250.0
-750.0
-812.0
-1092.0
-1002.0
-884.0
-1288.0
-736.0
-1581.0
-880.0
-536.0
-816.0
-837.0
-855.0
-690.0
-758.0
-849.0
-929.0
-762.0
-739.0
-738.0
-646.0
-918.0
-866.0
-656.0
-698.0
-800.0
-1033.0
-715.0
-861.0
-1203.0
-907.0
-1075.0
-839.0
-704.0
-866.0
-2264.0
8.0
-683.0
29.0
-964.0
-721.0
-678.0
-710.0
-1004.0
-1515.0
-764.0
-673.0
-1265.0
-1154.0
-1120.0
-27.0
-870.0
-908.0
-852.0
-890.0
-1009.0
-841.0
-1415.0
-953.0
-503.0
33.0
-1081.0
-867.0
-691.0
-701.0
-1847.0
-984.0
-8314.0
-990.0
-773.0
-650.0
-1059.0
-900.0
-668.0
-676.0
-860.0
-1736.0
-722.0
-865.0
-867.0
-818.0
-1587.0
-767.0
-725.0
-788.0
-1849.0
-966.0
-688.0
167.0
-958.0
-680.0
-1088.0
194.0
-1151.0
-1123.0
-667.0
-660.0
-1380.0
-2287.0
-1055.0
-775.0
-746.0
-1203.0
-986.0
-343.0
-1330.0
-825.0
-1611.0
-8220.0
-1471.0
70.0
-933.0
-938.0
162.0
-748.0
-1037.0
-1076.0
-761.0
-813.0
175.0
-9112.0
-1019.0
-1148.0
260.0
-657.0
-827.0
-1117.0
-699.0
-867.0
-885.0
-957.0
-1520.0
-863.0
-766.0
-812.0
-1663.0
-1081.0
-697.0
-798.0
-1052.0
217.0
-674.0
-735.0
-1159.0
-1312.0
-651.0
-642.0
-1184.0
-1141.0
-1096.0
-727.0
-821.0
-1188.0
-989.0
-19.0
-1293.0
-718.0
-1504.0
-928.0
-1568.0
-869.0
-957.0
-868.0
-643.0
-723.0
-868.0
-928.0
-790.0
-736.0
166.0
122.0
-1011.0
-824.0
288.0
-651.0
-6352.0
39.0
-749.0
-795.0
-295.0
-843.0
-1255.0
-726.0
-682.0
-815.0
-1556.0
-1007.0
-685.0
175.0
-1065.0
-751.0
-713.0
-767.0
-1178.0
-1285.0
-653.0
-651.0
-1081.0
-1348.0
-1173.0
-49.0
-786.0
-1015.0
-927.0
-1073.0
-1280.0
-754.0
-1905.0
-1009.0
-561.0
76.0
-1026.0
-814.0
173.0
-851.0
-918.0
-919.0
-767.0
-762.0
-750.0
-683.0
-916.0
-807.0
-664.0
174.0
80.0
-114.0
-729.0
-796.0
-1036.0
-730.0
-1102.0
131.0
212.0
-1109.0
-1617.0
95.0
169.0
-755.0
-1319.0
-679.0
-846.0
-706.0
-949.0
-3329.0
-639.0
-648.0
-1160.0
-1361.0
-1092.0
153.0
-838.0
-1207.0
-1085.0
-994.0
-1044.0
-770.0
-1564.0
-862.0
-1304.0
-862.0
-949.0
-953.0
-677.0
-726.0
-905.0
-901.0
-843.0
-743.0
-749.0
-629.0
-1071.0
-823.0
-680.0
-670.0
-870.0
-87.0
-711.0
-856.0
-900.0
-864.0
-1183.0
-898.0
-660.0
-841.0
-1596.0
-809.0
198.0
137.0
-1052.0
-762.0
-724.0
-645.0
-1002.0
-1021.0
-672.0
-694.0
-977.0
-1443.0
-1177.0
-771.0
-717.0
-1476.0
-1100.0
-963.0
-1715.0
-806.0
-1447.0
-957.0
-1657.0
-978.0
-859.0
-876.0
-830.0
-845.0
13.0
-1077.0
-793.0
-669.0
-872.0
-638.0
-945.0
-805.0
-777.0
-678.0
-1254.0
-893.0
-711.0
-1062.0
