-32031.0
-38037.0
-30095.0
-18591.0
-21668.0
-16330.0
-31485.0
-20287.0
-19090.0
-22607.0
-18435.0
-12705.0
-20582.0
-14519.0
-21614.0
-22324.0
-13179.0
-16908.0
-18256.0
-34254.0
-18639.0
-21597.0
-20468.0
-21126.0
-14293.0
-21378.0
-24309.0
-16694.0
-18772.0
-19107.0
-19384.0
-31842.0
-24903.0
-17388.0
-17160.0
-17203.0
-20758.0
-17388.0
-12738.0
-21795.0
-14174.0
-21278.0
-22739.0
-21072.0
-13897.0
-18239.0
-15760.0
-25099.0
-20682.0
-25617.0
-17278.0
-21042.0
-20832.0
-16816.0
-19098.0
-19637.0
-25807.0
-15255.0
-13893.0
-17530.0
-18599.0
-14079.0
-13844.0
-10916.0
-21667.0
-17520.0
-20566.0
-11648.0
-18371.0
-20807.0
-23859.0
-19080.0
-20313.0
-26935.0
-15475.0
-18915.0
-18342.0
-16712.0
-23880.0
-15977.0
-22471.0
-27044.0
-19924.0
-16216.0
-9304.0
-15549.0
-26646.0
-18527.0
-14763.0
-23227.0
-13487.0
-10964.0
-16463.0
-25299.0
-8807.0
-15568.0
-16249.0
-19019.0
-14713.0
-25945.0
-12814.0
-31973.0
-24599.0
-13662.0
-21215.0
-20307.0
-8583.0
-14015.0
-13804.0
-10002.0
-14081.0
-9207.0
-15185.0
-12399.0
-11684.0
-19769.0
-15288.0
-11498.0
-21090.0
-25810.0
-14729.0
-17661.0
-16769.0
-20789.0
-24474.0
-14207.0
-19710.0
-14753.0
-14882.0
-16640.0
-19828.0
-26809.0
-19117.0
-15054.0
-19264.0
-12358.0
-16690.0
-14793.0
-12456.0
-23049.0
-16587.0
-16072.0
-13856.0
-21911.0
-11438.0
-14138.0
-14995.0
-16172.0
-11884.0
-15300.0
-15044.0
-17399.0
-21904.0
-10254.0
-17093.0
-17732.0
-15583.0
-21629.0
-12759.0
-7390.0
-16979.0
-6438.0
-13274.0
-18700.0
-10307.0
-16669.0
-20813.0
-8937.0
-20308.0
-21181.0
-18151.0
-11432.0
-11109.0
-20665.0
-16551.0
-14822.0
-17277.0
-17427.0
-14772.0
-15719.0
-13728.0
-23491.0
-10997.0
-14268.0
-10494.0
-16810.0
-21202.0
-10403.0
-13702.0
-18745.0
-12236.0
-8369.0
-11839.0
-18819.0
-8199.0
-14180.0
-25963.0
-21942.0
-5479.0
-17059.0
-14946.0
-15264.0
-32489.0
-12294.0
-16538.0
-16461.0
-20050.0
-17838.0
-6555.0
-9955.0
-14230.0
-7655.0
-13145.0
-12930.0
-21546.0
-16897.0
-7690.0
-4756.0
-18051.0
-14548.0
-12933.0
-9326.0
-20786.0
-10431.0
-10874.0
-12208.0
-15094.0
-12013.0
-14841.0
-6645.0
-10435.0
-18545.0
-12552.0
-10018.0
-3741.0
-8804.0
-9775.0
-11071.0
-10289.0
-8323.0
-8165.0
-5851.0
-13461.0
-16190.0
-10341.0
-10754.0
-16495.0
-11753.0
-11508.0
-12558.0
-9085.0
-12116.0
-16946.0
-9295.0
-10962.0
-9030.0
-11813.0
-7006.0
-12458.0
-9073.0
-13972.0
-8141.0
-6492.0
-7681.0
-7403.0
-13477.0
-5267.0
-10601.0
-10952.0
-13570.0
-9326.0
-9379.0
-10197.0
-11365.0
-7466.0
-8296.0
-16143.0
-5535.0
-9859.0
-23318.0
-9389.0
-16825.0
-14613.0
-7976.0
-10185.0
-5882.0
-10565.0
-4720.0
-5323.0
-7584.0
-5547.0
-5069.0
-13530.0
-13915.0
-4432.0
-7379.0
-6428.0
-13359.0
-6643.0
-15232.0
-10184.0
-7541.0
-21049.0
-5250.0
-12166.0
-5856.0
-8696.0
-10368.0
-4628.0
-9804.0
-9127.0
-4991.0
-4923.0
-8169.0
-6654.0
-19049.0
-7852.0
-3807.0
-6386.0
-14502.0
-7670.0
-3911.0
-17610.0
-13349.0
-10471.0
-5316.0
-15965.0
-5775.0
-8952.0
-10299.0
-8978.0
-8674.0
-8915.0
-10265.0
-7434.0
-4223.0
-8762.0
-8789.0
-4479.0
-8297.0
-7672.0
-6631.0
-11036.0
-10098.0
-4602.0
-8512.0
-9535.0
-10132.0
-8730.0
-5088.0
-8479.0
-6469.0
-12853.0
-8950.0
-6674.0
-9265.0
-11036.0
-9643.0
-6791.0
-6474.0
-17022.0
-8206.0
-4118.0
-7884.0
-7456.0
-7755.0
-4932.0
-5650.0
-5811.0
-7616.0
-10969.0
-5395.0
-12035.0
-5169.0
-7828.0
-8190.0
-6056.0
-3224.0
-8211.0
-11568.0
-6701.0
-11442.0
-12503.0
-4809.0
-5266.0
-4697.0
-7830.0
-5178.0
-5456.0
-12078.0
-7240.0
-3769.0
-3366.0
-10451.0
-3176.0
-6247.0
-6773.0
-5557.0
-2442.0
-12166.0
-6130.0
-11881.0
-11294.0
-5176.0
-8447.0
-4064.0
-7194.0
-6222.0
-9662.0
-4358.0
-8219.0
-5796.0
-4931.0
-3297.0
-7054.0
-8317.0
-5886.0
-4847.0
-4868.0
-6339.0
-9035.0
-8176.0
-7759.0
-7630.0
-6661.0
-7524.0
-6062.0
-6280.0
-5247.0
-7646.0
-9412.0
-10118.0
-6434.0
-3981.0
-4158.0
-4787.0
-4198.0
-6508.0
-5366.0
-7047.0
-3405.0
-5810.0
-10185.0
-6030.0
-4525.0
-5887.0
-6785.0
-6052.0
-3306.0
-5327.0
-5259.0
-4656.0
-6479.0
-4912.0
-4436.0
-9395.0
-4712.0
-5373.0
-4164.0
-4023.0
-5203.0
-6915.0
-2919.0
-8297.0
-5865.0
-5625.0
-3472.0
-5220.0
-8280.0
-8448.0
-6643.0
-5085.0
-6095.0
-7016.0
-3656.0
-5454.0
-5475.0
-3302.0
-4699.0
-6264.0
-8371.0
-5875.0
-6020.0
-4903.0
-2546.0
-5668.0
-5499.0
-5377.0
-4857.0
-4251.0
-6129.0
-3259.0
-7379.0
-10226.0
-5778.0
-4418.0
-7405.0
-5688.0
-4927.0
-5985.0
-4014.0
-5524.0
-7901.0
-3576.0
-4019.0
-4605.0
-4791.0
-6052.0
-2900.0
-2891.0
-5183.0
-2435.0
-2665.0
-5111.0
-3462.0
-8168.0
-3517.0
-2930.0
-6582.0
-5273.0
-2881.0
-2723.0
-2999.0
-5246.0
-6500.0
-4520.0
-3689.0
-4623.0
-5343.0
-6443.0
-6572.0
-2895.0
-3968.0
-4034.0
-3197.0
-3901.0
-3537.0
-3819.0
-3168.0
-3424.0
-3989.0
-3205.0
-3964.0
-3362.0
-3148.0
-3178.0
-3526.0
-4342.0
-2308.0
-2934.0
-3294.0
-3448.0
-5311.0
-3409.0
-3030.0
-3334.0
-6423.0
-4203.0
-2767.0
-6199.0
-5306.0
-8309.0
-2655.0
-3121.0
-5973.0
-5594.0
-3812.0
-3994.0
-6529.0
-8023.0
-8817.0
-1051.0
-3644.0
-3527.0
-5021.0
-4862.0
-5314.0
-2720.0
-4735.0
-7071.0
-5036.0
-6732.0
-3406.0
-3903.0
-3988.0
-4213.0
-5011.0
-3551.0
-4640.0
-3414.0
-2382.0
-4805.0
-5061.0
-4372.0
-5059.0
-4824.0
-4588.0
-5474.0
-3360.0
-2763.0
-5346.0
-4550.0
-6003.0
-3645.0
-3410.0
-3343.0
-4991.0
-5521.0
-3021.0
-2829.0
-4208.0
-3213.0
-3452.0
-2052.0
-3437.0
-3384.0
-2422.0
-2737.0
-3522.0
-3787.0
-3032.0
-2711.0
-2932.0
-5635.0
-3222.0
-2804.0
-3593.0
-1701.0
-4474.0
-3871.0
-6483.0
-4208.0
-4306.0
-3156.0
-2876.0
-3514.0
-4974.0
-4458.0
-2478.0
-1970.0
-2473.0
-3311.0
-3589.0
-4050.0
-4307.0
-1827.0
-2702.0
-3589.0
-1870.0
-2804.0
-6665.0
-2464.0
-3917.0
-3097.0
-2107.0
-2342.0
-4097.0
-2623.0
-2543.0
-2814.0
-4283.0
-2900.0
-3394.0
-2959.0
-3515.0
-4709.0
-2344.0
-2034.0
-3192.0
-2711.0
-4667.0
-2259.0
-2659.0
-5033.0
-2267.0
-2516.0
-2997.0
-2212.0
-3560.0
-2467.0
-4100.0
-5846.0
-3003.0
-3291.0
-2525.0
-4338.0
-4313.0
-3345.0
-2834.0
-1828.0
-2111.0
-1526.0
-2930.0
-2577.0
-1833.0
-2424.0
-3112.0
-3600.0
-1786.0
-2558.0
-4076.0
-2741.0
-3645.0
-2861.0
-1950.0
-2509.0
-3554.0
-2810.0
-2453.0
-2651.0
-3241.0
-1932.0
-1973.0
-2402.0
-3048.0
-4273.0
-1675.0
-3549.0
-2268.0
-2879.0
-3364.0
-2041.0
-2962.0
-2183.0
-2893.0
-3199.0
-2663.0
-2801.0
-3226.0
-3862.0
-3991.0
-3630.0
-3469.0
-3144.0
-2023.0
-2064.0
-5251.0
-1768.0
-1405.0
-2391.0
-3810.0
-1777.0
-1901.0
-3402.0
-2571.0
-1669.0
-2488.0
-3422.0
-2068.0
-2558.0
-2536.0
-2335.0
-5442.0
-1916.0
-1750.0
-3432.0
-3294.0
-1818.0
-2326.0
-1863.0
-3771.0
-2021.0
-2067.0
-1498.0
-2524.0
-2497.0
-1905.0
-2739.0
-2441.0
-2986.0
-2105.0
-1877.0
-2673.0
-2536.0
-2765.0
-2790.0
-3503.0
-2068.0
-2930.0
-2151.0
-4091.0
-2966.0
-3458.0
-1593.0
-4098.0
-3429.0
-4047.0
-3239.0
-3604.0
-3038.0
-1946.0
-3269.0
-3731.0
-2873.0
-1457.0
-2612.0
-3552.0
-4093.0
-1797.0
-3536.0
-1699.0
-3049.0
-7127.0
-2901.0
-4270.0
-1880.0
-4677.0
-3668.0
-3320.0
-1840.0
-4840.0
-2220.0
-3008.0
-3330.0
-2799.0
-5733.0
-2852.0
-1616.0
-3101.0
-3825.0
-3422.0
-1497.0
-1837.0
-3845.0
-2377.0
-3165.0
-2649.0
-2358.0
-3225.0
-2685.0
-3525.0
-3771.0
-2537.0
-2292.0
-2175.0
-1508.0
-4507.0
-3823.0
-1999.0
-2417.0
-3597.0
-1211.0
-2311.0
-2749.0
-1623.0
-2325.0
-1908.0
-2562.0
-1607.0
-3708.0
-1945.0
-1371.0
-2402.0
-1518.0
-1149.0
-1537.0
-3071.0
-2366.0
-1298.0
-2837.0
-4666.0
-1151.0
-1061.0
-2083.0
-3780.0
-3942.0
-1636.0
-1177.0
-2849.0
-4044.0
-3264.0
-1395.0
-1542.0
-1945.0
-1808.0
-2889.0
-2471.0
-1425.0
-2807.0
-2025.0
-4748.0
-2661.0
-3621.0
-2623.0
-1753.0
-1591.0
-2483.0
-1743.0
-1365.0
-1438.0
-1358.0
-2012.0
-3351.0
-1677.0
-1247.0
-1396.0
-2018.0
-2758.0
-1526.0
-1775.0
-2197.0
-1187.0
-2447.0
-1003.0
-1697.0
-1841.0
-3346.0
-2432.0
-1528.0
-1784.0
-3170.0
-2244.0
-1921.0
-3868.0
-2834.0
-3104.0
-1817.0
-1902.0
-2956.0
-2889.0
-2187.0
-1883.0
-1497.0
-2372.0
-1804.0
-2313.0
-2124.0
-1905.0
-3376.0
-2518.0
-3142.0
-3329.0
-1828.0
-1543.0
-1874.0
-1509.0
-2294.0
-1703.0
-2019.0
-2456.0
-1317.0
-1351.0
-1748.0
-3017.0
-1834.0
-1248.0
-3017.0
-2768.0
-1772.0
-2443.0
-1949.0
-1588.0
-2555.0
-2371.0
-1900.0
-1967.0
-2430.0
-2240.0
-1532.0
-1011.0
-3107.0
-1394.0
-1456.0
-1300.0
-4211.0
-2153.0
-826.0
-3069.0
-2465.0
-3282.0
-3420.0
-2372.0
-2121.0
-3608.0
-2249.0
-1564.0
-4492.0
-2735.0
-2878.0
-4232.0
-4476.0
-3916.0
-3733.0
-2476.0
-4450.0
-2580.0
-4330.0
-2437.0
-4533.0
-4037.0
-2370.0
-2801.0
-1466.0
-3118.0
-2295.0
-2548.0
-2570.0
-1818.0
-1724.0
-3687.0
-3110.0
-1968.0
-2764.0
-1595.0
-2083.0
-1539.0
-3123.0
-3411.0
-2386.0
-2633.0
-3775.0
-2822.0
-3187.0
-2262.0
-3266.0
-4921.0
-835.0
-4340.0
-3211.0
-4213.0
-4054.0
-2076.0
-5628.0
-2597.0
-3022.0
-2058.0
-2946.0
-1719.0
-2124.0
-2403.0
-3828.0
-3288.0
-2879.0
-1618.0
-1384.0
-2601.0
-1570.0
-1182.0
-2319.0
-4742.0
-1198.0
-2000.0
-1958.0
-1539.0
-1285.0
-1479.0
-1637.0
-1432.0
-1066.0
-2106.0
-3146.0
-2462.0
-2595.0
-2347.0
-3734.0
-2400.0
-3043.0
-4073.0
-165.0
-2554.0
-2294.0
-2010.0
-702.0
-2039.0
-1731.0
-3711.0
-3046.0
-3044.0
-2119.0
-3238.0
-2522.0
-1365.0
-3329.0
-3555.0
-2938.0
-6158.0
-2685.0
-2586.0
-3730.0
-2637.0
-4530.0
-3995.0
-4129.0
-1746.0
-2539.0
-2592.0
-2439.0
-1640.0
-1333.0
-1934.0
-1038.0
-2110.0
-1777.0
-1700.0
-1756.0
-1239.0
-1552.0
-1896.0
-965.0
-2209.0
-2223.0
-1771.0
-3331.0
-1090.0
-1365.0
-2534.0
-3241.0
-1747.0
-1057.0
-2501.0
-1829.0
-1484.0
-1189.0
-1946.0
-1612.0
-4496.0
-2176.0
-4041.0
-2380.0
-3208.0
-2739.0
-2566.0
-6381.0
-3124.0
-5091.0
-4394.0
-3026.0
-5294.0
-3536.0
-1986.0
-5545.0
-5586.0
-2329.0
-1938.0
-4688.0
-2252.0
-2395.0
-1432.0
-2499.0
-3539.0
-2916.0
-1016.0
-1887.0
-2347.0
-3017.0
-1359.0
-3017.0
-3053.0
-2898.0
-3484.0
-2381.0
-2731.0
-3590.0
-3253.0
-2750.0
-2172.0
-2454.0
-2348.0
-2772.0
-2086.0
-5807.0
-2323.0
-2795.0
-2038.0
-3343.0
-2685.0
-5369.0
-2260.0
-3519.0
-5601.0
-4794.0
-2903.0
-2755.0
-1826.0
-3076.0
-3968.0
-2499.0
-2527.0
-3700.0
-1841.0
-3910.0
-2882.0
-2438.0
-2121.0
-2211.0
-1146.0
-5278.0
-2842.0
-2399.0
-4145.0
-1482.0
-1525.0
-2646.0
-1712.0
-2321.0
-2014.0
-2971.0
-1705.0
-2311.0
-2236.0
-1800.0
-1148.0
-3403.0
-3979.0
-3699.0
-2883.0
-2132.0
-1728.0
-1028.0
-1172.0
-4073.0
-1898.0
-4942.0
-1967.0
-2347.0
-2540.0
-1935.0
-928.0
-2451.0
-2160.0
-1753.0
-3209.0
-2316.0
-2080.0
-1967.0
-4112.0
-3316.0
-2645.0
-3958.0
-1613.0
-2799.0
-3280.0
-1507.0
-1069.0
-1493.0
-917.0
-1649.0
-2033.0
-2258.0
-1646.0
-1149.0
-583.0
-1508.0
-1779.0
-1009.0
-2050.0
-2211.0
-1845.0
-1278.0
-1880.0
-2600.0
-2333.0
-2162.0
-2303.0
-1809.0
-1039.0
-3158.0
-1506.0
-3384.0
-1033.0
-2039.0
-1101.0
-1165.0
-1152.0
-2327.0
-2167.0
-1888.0
-1426.0
-1350.0
-2627.0
-2850.0
-1478.0
-2080.0
-1263.0
-1197.0
-2715.0
-1496.0
-1410.0
-1935.0
-2338.0
-2353.0
-3069.0
-3427.0
-2031.0
-1448.0
-3711.0
-1640.0
-2087.0
-3242.0
-2757.0
-4533.0
-1719.0
-3321.0
-6177.0
-2002.0
-1520.0
-3292.0
-1927.0
-1408.0
-3822.0
-3301.0
-2289.0
-4285.0
-2742.0
-1594.0
-1336.0
-2415.0
-4256.0
-2521.0
-1473.0
-3172.0
-1787.0
-2419.0
-1457.0
-1629.0
-3702.0
-1201.0
-1528.0
-4141.0
-1960.0
-2319.0
-1600.0
-3802.0
-3278.0
-3291.0
-2349.0
-4164.0
-1384.0
-3965.0
-3517.0
-3261.0
-4233.0
-3823.0
-1594.0
-2650.0
-1833.0
-4551.0
-2394.0
-2827.0
-2591.0
-3670.0
-2797.0
-1627.0
-5714.0
-854.0
-1742.0
-2631.0
-3042.0
-2880.0
-3709.0
-1803.0
-2539.0
-10382.0
-8946.0
-1829.0
-968.0
-3363.0
-4926.0
-1207.0
-1211.0
-1608.0
-992.0
-1441.0
-2380.0
-2072.0
-2441.0
-2674.0
-1853.0
-1461.0
-2962.0
-1467.0
-1855.0
-1575.0
-2401.0
-1139.0
-3326.0
-1141.0
-1426.0
-2751.0
-1496.0
-2634.0
-1734.0
-2060.0
-1874.0
-2456.0
-2883.0
-1686.0
-2933.0
-1325.0
-4180.0
-1042.0
-830.0
-3605.0
-1758.0
-1210.0
-1066.0
-2399.0
-3731.0
-3861.0
-1430.0
-2775.0
-2037.0
-2100.0
-943.0
-3339.0
-1784.0
-1784.0
-3740.0
-3146.0
-3512.0
-2669.0
-1828.0
-3071.0
-1605.0
-1524.0
-4907.0
-970.0
-2815.0
-6069.0
-4440.0
-1912.0
-2299.0
-5188.0
-4499.0
-2940.0
-5055.0
-2175.0
-3277.0
-5064.0
-3472.0
-3897.0
-4889.0
-4526.0
-4576.0
-3691.0
-2270.0
-7568.0
-3372.0
-761.0
-3706.0
-2426.0
-3431.0
-3545.0
-2303.0
-1297.0
-1845.0
-3364.0
-2015.0
-2747.0
-2969.0
-2786.0
-1069.0
-4820.0
-2882.0
-1338.0
-1111.0
-4134.0
-1037.0
-3398.0
-1657.0
-4411.0
-1344.0
-1643.0
-3158.0
-4566.0
-4002.0
-2382.0
-4630.0
-1961.0
-5249.0
-4892.0
-6401.0
-2774.0
-3935.0
-7511.0
-1595.0
-2421.0
-1373.0
-1482.0
-2298.0
-3324.0
-3590.0
-2457.0
-1526.0
-1814.0
-1606.0
-2149.0
-4497.0
-1740.0
-4287.0
-1827.0
-1041.0
-1446.0
-4362.0
-1491.0
-6714.0
-2552.0
-2486.0
-2875.0
-1375.0
-1627.0
-1907.0
-2062.0
-929.0
-2806.0
-1255.0
-2087.0
-3903.0
-4339.0
-2166.0
-5134.0
-1272.0
-2099.0
-3921.0
-3322.0
-4824.0
-1865.0
-2949.0
-5144.0
-5151.0
-2289.0
-2395.0
-4225.0
-4777.0
-5054.0
-3479.0
-3869.0
-4985.0
-2575.0
-3951.0
-4636.0
-3749.0
-4029.0
-2832.0
-4151.0
-1895.0
-4157.0
-2683.0
-3385.0
-2314.0
-2991.0
-1346.0
-3871.0
-7575.0
-3045.0
-2631.0
-6407.0
-1453.0
-1291.0
-1611.0
-1573.0
-1974.0
-3513.0
-1489.0
-2991.0
-1120.0
-1663.0
-2362.0
-1665.0
-1160.0
-2874.0
-1257.0
-1864.0
-956.0
-1475.0
-2510.0
-1402.0
-88.0
-2349.0
-1944.0
-1807.0
-1458.0
-1888.0
-2229.0
-1898.0
-2529.0
-3793.0
-3798.0
-1717.0
-1126.0
-2990.0
-2038.0
-1716.0
-908.0
-1167.0
-1900.0
-1573.0
-1797.0
-393.0
-1793.0
-948.0
-161.0
-2820.0
-1647.0
-1080.0
-1117.0
-1381.0
-2551.0
-706.0
-1450.0
-1404.0
-1292.0
-2029.0
-958.0
-1314.0
-1031.0
-1959.0
-459.0
-444.0
-1117.0
-2685.0
-1318.0
-965.0
-2348.0
-1789.0
-3175.0
-405.0
-949.0
-1449.0
-1937.0
-3183.0
-1147.0
-1077.0
-1640.0
-1237.0
-1496.0
-2967.0
-1670.0
-2838.0
-1474.0
-2474.0
-4803.0
-4161.0
-918.0
59.0
-1541.0
-1496.0
-1446.0
-1454.0
-988.0
-1222.0
2.0
-1427.0
-1360.0
-895.0
-958.0
-1208.0
-1001.0
-64.0
-1419.0
-1881.0
-1201.0
-2914.0
-1035.0
-943.0
-979.0
-3537.0
-940.0
-167.0
-1201.0
-1736.0
-2719.0
-906.0
-869.0
-1640.0
-1374.0
-1082.0
-1395.0
-1260.0
-1739.0
-2025.0
-1024.0
-949.0
-2733.0
-1232.0
-1947.0
-1272.0
-962.0
-2518.0
-1705.0
-3171.0
-2107.0
-2792.0
-1510.0
-1942.0
-1349.0
-3524.0
-1899.0
-982.0
-1445.0
-963.0
-1858.0
-1971.0
-3190.0
-1217.0
-405.0
-1051.0
-3452.0
-1377.0
-2423.0
-1976.0
-2791.0
-1788.0
-930.0
-1203.0
-2040.0
-2367.0
-1217.0
-919.0
-887.0
-1939.0
-1121.0
-894.0
-41.0
-1231.0
-2240.0
-907.0
-884.0
-1127.0
-2225.0
-1406.0
-851.0
-1421.0
-1351.0
-1291.0
-1400.0
-1312.0
-1902.0
-1494.0
-1114.0
-1893.0
-3518.0
-1687.0
-1592.0
-921.0
-1400.0
-1645.0
-1374.0
-1161.0
-899.0
-864.0
-812.0
-1449.0
-1122.0
-65.0
-830.0
-1182.0
-1065.0
-1358.0
-1190.0
-1727.0
-1062.0
-1936.0
-1011.0
-29.0
-2293.0
-2286.0
-1037.0
-144.0
-1705.0
-1280.0
-1598.0
-3604.0
-287.0
-1051.0
-1567.0
-5039.0
-247.0
-902.0
-1689.0
-1588.0
-1748.0
-417.0
-1791.0
-1230.0
-1309.0
-1208.0
-1880.0
-1877.0
-1391.0
-2305.0
-1448.0
-2732.0
-1124.0
-894.0
-1322.0
-1829.0
-1258.0
-1305.0
-1596.0
-1344.0
-1138.0
-1367.0
-1320.0
-791.0
-846.0
-1522.0
-1214.0
-2382.0
-1876.0
-1357.0
-1182.0
-1765.0
-1299.0
-1334.0
-1063.0
-2609.0
-1053.0
-933.0
-851.0
-1705.0
-910.0
-829.0
-900.0
-1034.0
-1642.0
-832.0
-918.0
-1071.0
-2293.0
-2950.0
-1015.0
-998.0
-1604.0
-1937.0
-1056.0
-1139.0
-1434.0
-1386.0
-1181.0
-1635.0
-1057.0
-2005.0
-906.0
-815.0
-245.0
-1067.0
-1189.0
-879.0
-826.0
-876.0
66.0
-1282.0
-1475.0
-851.0
-200.0
-1118.0
-971.0
-1753.0
-1213.0
-1306.0
-977.0
-1987.0
-977.0
-1016.0
-986.0
-2116.0
-336.0
192.0
-1102.0
-1756.0
-905.0
18.0
27.0
-1240.0
-1170.0
-778.0
-832.0
-1120.0
-1758.0
-2362.0
-842.0
-966.0
-5224.0
-956.0
-1540.0
-998.0
-906.0
-1884.0
-976.0
-2587.0
-1338.0
-1729.0
-848.0
-798.0
81.0
-7849.0
-1912.0
-871.0
-1339.0
-901.0
-2703.0
-991.0
-1396.0
-774.0
-918.0
-1229.0
-597.0
-868.0
-3375.0
-2086.0
-1199.0
-2019.0
-897.0
-1796.0
-808.0
-1873.0
-843.0
-67.0
-885.0
-2066.0
-827.0
200.0
-778.0
-1167.0
-2023.0
-787.0
-793.0
-1183.0
-1668.0
-1846.0
-839.0
-1098.0
-1112.0
-998.0
-1340.0
-1214.0
-1316.0
-1383.0
-1462.0
-2199.0
-1146.0
-1396.0
-924.0
-1103.0
-814.0
-2201.0
-1468.0
-1001.0
-244.0
-845.0
160.0
-1236.0
-1370.0
-800.0
104.0
-980.0
-1073.0
-905.0
-1331.0
-972.0
-1338.0
-1917.0
-927.0
-1885.0
-904.0
-2250.0
-862.0
-28.0
-1038.0
-1241.0
-953.0
-79.0
32.0
-1548.0
-1870.0
21.0
-264.0
-1194.0
-2782.0
-1711.0
-96.0
-4796.0
-1636.0
-1484.0
-1697.0
-1970.0
-1008.0
-1166.0
-1362.0
-2498.0
-2224.0
-1149.0
-1203.0
-166.0
-49.0
-2411.0
-1223.0
-1320.0
-1037.0
-3911.0
-226.0
-2047.0
-2148.0
-245.0
-1541.0
-1107.0
-1162.0
83.0
-1134.0
-1092.0
-1026.0
-1936.0
-943.0
-912.0
-800.0
-2865.0
-209.0
-89.0
-1078.0
-1740.0
-930.0
-866.0
-770.0
-2101.0
-1295.0
-800.0
-1441.0
-1489.0
-1756.0
-1525.0
-276.0
-892.0
-1107.0
-2484.0
-1491.0
-1076.0
-1339.0
-1613.0
-183.0
-2169.0
-1311.0
-1355.0
-119.0
-532.0
-815.0
-1060.0
-1225.0
-971.0
-926.0
-828.0
-1027.0
-981.0
-1604.0
-778.0
-786.0
-1023.0
-1046.0
-8095.0
-1521.0
-1155.0
-998.0
-2124.0
-1086.0
-812.0
-800.0
-2028.0
-1078.0
225.0
-944.0
-1449.0
-794.0
195.0
32.0
-1668.0
-1524.0
-913.0
-781.0
-977.0
-2742.0
-1965.0
-869.0
-1094.0
-1070.0
-1049.0
-2073.0
-1037.0
-920.0
-1630.0
-992.0
-2283.0
-1500.0
-245.0
-816.0
-54.0
-789.0
-999.0
-1238.0
-1007.0
-804.0
-797.0
-189.0
-1031.0
-1116.0
-1271.0
-768.0
-972.0
-984.0
-788.0
-1105.0
-1590.0
-1021.0
-2129.0
-794.0
-875.0
-832.0
-2878.0
-4566.0
-770.0
-861.0
-1678.0
-855.0
-42.0
-24.0
-1028.0
-1272.0
-820.0
143.0
-1277.0
-2026.0
-1644.0
-816.0
-869.0
-1301.0
-310.0
-1294.0
-1070.0
-113.0
-1604.0
-186.0
-2042.0
-1177.0
-1342.0
-852.0
-748.0
-758.0
-1178.0
-1184.0
-995.0
-1348.0
-782.0
104.0
-1133.0
-1121.0
-184.0
54.0
-1171.0
-1034.0
-776.0
-1091.0
-1039.0
-1032.0
-1970.0
-891.0
10.0
-954.0
-1796.0
-1658.0
-206.0
83.0
-1421.0
-3455.0
175.0
-141.0
-1017.0
-2806.0
-747.0
-1159.0
-1102.0
-1719.0
-1568.0
-862.0
-190.0
-1095.0
-1085.0
-1180.0
-1416.0
-1022.0
-1582.0
-1143.0
-2596.0
-2491.0
-1159.0
-994.0
-833.0
-734.0
-1059.0
-1243.0
-940.0
-773.0
-828.0
-115.0
-1607.0
-1172.0
-779.0
-794.0
-1704.0
-1130.0
-743.0
-1184.0
-1464.0
-990.0
-2417.0
-884.0
66.0
-792.0
-2293.0
-890.0
94.0
-877.0
-1457.0
-816.0
-760.0
-759.0
-984.0
-1140.0
-829.0
-729.0
-1174.0
-1965.0
-1614.0
-295.0
-1139.0
-1028.0
-1209.0
-1289.0
-1296.0
-2000.0
-1730.0
-1277.0
-1949.0
-1018.0
-1199.0
-1013.0
-961.0
-808.0
-1036.0
-1282.0
-1001.0
-1023.0
-838.0
220.0
-1400.0
-1195.0
-772.0
96.0
-1008.0
-1704.0
-760.0
-1100.0
-1200.0
-1106.0
-2015.0
-910.0
-758.0
-843.0
-1734.0
-833.0
-53.0
-829.0
-1442.0
-793.0
-741.0
-757.0
-991.0
-1858.0
-729.0
-768.0
-1052.0
-1667.0
-1600.0
-150.0
-1033.0
-1277.0
-1001.0
-1213.0
-1077.0
-984.0
-1383.0
-1304.0
-1797.0
-1348.0
-1358.0
-780.0
-781.0
-983.0
-1054.0
-1268.0
-860.0
-15.0
-1127.0
-741.0
-1096.0
-1238.0
-711.0
-95.0
-1587.0
-1048.0
87.0
-1184.0
-1368.0
-941.0
-1750.0
-881.0
-756.0
-877.0
-1750.0
-783.0
-783.0
-837.0
-1550.0
-1141.0
39.0
-846.0
-1020.0
-1764.0
157.0
-1688.0
-2035.0
-1482.0
-1584.0
-2911.0
-986.0
-1022.0
-1046.0
-1319.0
-991.0
-938.0
-1525.0
-1084.0
-1900.0
-1396.0
-1488.0
-1090.0
-718.0
-763.0
-1016.0
-1123.0
-263.0
-869.0
-777.0
-752.0
-1650.0
-1402.0
-36.0
-732.0
-1094.0
-992.0
-757.0
-1140.0
-1394.0
-957.0
-2510.0
-822.0
-799.0
-789.0
-1940.0
-862.0
-755.0
-827.0
-1772.0
-747.0
-795.0
-733.0
-1093.0
-1704.0
-1332.0
-716.0
-3142.0
-1572.0
-1565.0
-775.0
-857.0
-1013.0
-1126.0
-1129.0
-1032.0
-945.0
-1367.0
-1345.0
-2086.0
-1266.0
-1184.0
-915.0
-746.0
278.0
-965.0
-1438.0
-909.0
-887.0
-777.0
-711.0
-1128.0
-246.0
-730.0
139.0
-141.0
-914.0
-732.0
-1548.0
-1297.0
-839.0
-1476.0
-817.0
68.0
-786.0
-2054.0
-782.0
-19.0
-801.0
-1301.0
-767.0
-718.0
-746.0
-949.0
-1125.0
149.0
-746.0
-864.0
-1608.0
-1717.0
-948.0
-1135.0
-1186.0
-1086.0
-1314.0
-1080.0
-2126.0
-1455.0
-981.0
-2020.0
-1136.0
-1318.0
-909.0
-724.0
-33.0
-958.0
-1287.0
-1274.0
-4094.0
-784.0
-718.0
-1140.0
-1475.0
-725.0
-22.0
-1080.0
-6329.0
-718.0
-1160.0
-1178.0
-853.0
-1848.0
-1101.0
-745.0
-1778.0
-1966.0
-892.0
-744.0
-899.0
-2140.0
-721.0
-758.0
-714.0
-970.0
-1674.0
-708.0
88.0
-949.0
-2016.0
-1385.0
-779.0
-910.0
-2196.0
-929.0
-1465.0
-1179.0
-843.0
-1602.0
-1550.0
-1946.0
-1318.0
-1225.0
-842.0
-712.0
-723.0
-1131.0
-1211.0
-859.0
-868.0
-807.0
58.0
-1179.0
-1156.0
-723.0
-708.0
-1259.0
-938.0
-718.0
-1079.0
-1470.0
-859.0
-2286.0
-816.0
-757.0
-764.0
-1729.0
-742.0
-761.0
-820.0
-1314.0
-2843.0
-699.0
-730.0
-1110.0
-1494.0
-686.0
-719.0
-959.0
-1494.0
-1487.0
-770.0
-803.0
-1164.0
-1283.0
-1255.0
-1095.0
-932.0
-1447.0
-1200.0
-1930.0
-1197.0
-1575.0
-868.0
-700.0
-707.0
-967.0
-1145.0
-824.0
-799.0
-760.0
-692.0
-1327.0
-1188.0
-968.0
-698.0
-930.0
-866.0
201.0
-1261.0
-1321.0
-845.0
-1915.0
-833.0
-1302.0
-871.0
-2481.0
-784.0
-975.0
-812.0
-1170.0
-730.0
-791.0
-773.0
-928.0
-1823.0
106.0
-725.0
-939.0
-1910.0
-1425.0
-806.0
-1006.0
-1004.0
-1008.0
-1155.0
-1149.0
-890.0
-1537.0
-1037.0
-2113.0
-1263.0
-1109.0
-840.0
-895.0
-724.0
-1077.0
-1300.0
-9.0
-794.0
-814.0
-737.0
-1131.0
-969.0
-747.0
-744.0
-1131.0
-977.0
-63.0
-1062.0
-1082.0
-792.0
-1857.0
-883.0
-755.0
-818.0
-1457.0
-915.0
124.0
-806.0
-1287.0
-3255.0
-785.0
-768.0
-1007.0
-1550.0
109.0
-695.0
-976.0
-1731.0
-1539.0
-757.0
6.0
-957.0
-913.0
-1176.0
-1103.0
-888.0
-1541.0
-1238.0
-1825.0
-1121.0
-1191.0
-772.0
-739.0
-726.0
-1095.0
-1080.0
-771.0
-871.0
-786.0
203.0
-1262.0
-1691.0
-749.0
-703.0
-1096.0
-1289.0
-737.0
-1069.0
-1950.0
-1106.0
-1641.0
-820.0
-777.0
-752.0
-1976.0
-809.0
118.0
-797.0
-1513.0
-763.0
-714.0
-695.0
-925.0
-1217.0
64.0
-783.0
-1053.0
-1678.0
-1383.0
-755.0
-913.0
-1033.0
-1047.0
-1243.0
-1161.0
-929.0
-1363.0
-1005.0
-2022.0
-1194.0
-5252.0
-824.0
-686.0
-705.0
-3881.0
-1190.0
-800.0
-817.0
-1151.0
-692.0
-1033.0
-2097.0
-697.0
-729.0
-1278.0
-854.0
-731.0
-974.0
-2175.0
-777.0
-1651.0
-1011.0
142.0
-807.0
-1826.0
-791.0
-714.0
-785.0
-1212.0
-933.0
-708.0
145.0
-961.0
-1707.0
-2404.0
-690.0
-900.0
-1571.0
-7354.0
-754.0
-1222.0
-957.0
-908.0
-1395.0
-1324.0
-791.0
-1359.0
-6913.0
-1900.0
-1119.0
-1402.0
-870.0
-713.0
-1325.0
-1226.0
-1000.0
-815.0
-765.0
-717.0
-729.0
-1247.0
-1352.0
-681.0
-731.0
-1013.0
-1284.0
-716.0
-1152.0
-1016.0
-889.0
-1714.0
-798.0
-803.0
-782.0
-2927.0
-909.0
-775.0
-806.0
-1152.0
-994.0
-765.0
-690.0
-993.0
-1957.0
-679.0
275.0
-1017.0
-2058.0
-1649.0
-741.0
-890.0
-994.0
-848.0
-1064.0
-1193.0
-871.0
-1454.0
-1455.0
-2160.0
-1276.0
-1211.0
-929.0
334.0
-715.0
-2128.0
-984.0
-822.0
-325.0
-791.0
-699.0
-1739.0
-1024.0
-685.0
158.0
-1001.0
-1092.0
-747.0
-946.0
-1125.0
-959.0
-1600.0
-808.0
-687.0
-803.0
-1650.0
-886.0
179.0
-792.0
-1983.0
-802.0
-895.0
140.0
-1126.0
-1378.0
-769.0
-782.0
-908.0
-1814.0
-1763.0
-789.0
-987.0
-1188.0
-1143.0
-1536.0
-990.0
-857.0
-1870.0
-1187.0
-2171.0
-922.0
-993.0
-977.0
-730.0
-708.0
-994.0
-1093.0
-822.0
-850.0
-751.0
-699.0
-1280.0
-1387.0
-684.0
-680.0
-1148.0
-1008.0
-740.0
-1088.0
-1137.0
-842.0
-1621.0
-838.0
-778.0
-786.0
-1884.0
-769.0
-771.0
-767.0
-1240.0
-728.0
-679.0
-717.0
-986.0
-1133.0
-660.0
-719.0
-1067.0
-1137.0
-1534.0
-821.0
-771.0
-968.0
-922.0
-1129.0
-1114.0
-846.0
-1665.0
-1064.0
-1828.0
-1137.0
-1826.0
-1193.0
-687.0
-704.0
-908.0
-1060.0
-770.0
-782.0
-779.0
-699.0
-7108.0
-1181.0
135.0
-687.0
-1459.0
-1122.0
-724.0
-1392.0
-1922.0
-820.0
-2030.0
-741.0
-772.0
-768.0
-1781.0
-836.0
-691.0
-764.0
-2046.0
-718.0
-1742.0
-704.0
-956.0
-1273.0
356.0
-695.0
-1080.0
-1732.0
-1641.0
-1366.0
-884.0
-1253.0
-1052.0
-1064.0
-974.0
-998.0
-2384.0
-966.0
-1979.0
-1263.0
-1169.0
-886.0
103.0
-736.0
-936.0
-1284.0
-914.0
-873.0
-809.0
-673.0
-1078.0
-1170.0
-709.0
102.0
-887.0
-896.0
-729.0
-1053.0
-1359.0
-867.0
-1478.0
-866.0
130.0
-764.0
-1526.0
-766.0
-749.0
-884.0
-1717.0
-754.0
-726.0
-698.0
-1064.0
-1372.0
-710.0
-780.0
-885.0
-1462.0
-1636.0
-805.0
-992.0
-999.0
-1285.0
-1093.0
-988.0
-906.0
-1564.0
-993.0
-1739.0
-1496.0
-1347.0
80.0
-697.0
-738.0
-943.0
-977.0
126.0
-887.0
-731.0
249.0
-1155.0
-1594.0
-699.0
-754.0
-1011.0
-1013.0
-729.0
-1052.0
-1012.0
-1920.0
-2134.0
-818.0
137.0
-763.0
-2153.0
-881.0
81.0
-783.0
-1330.0
-733.0
-855.0
136.0
-1043.0
-1230.0
-690.0
-702.0
-953.0
-1468.0
-1574.0
-788.0
-838.0
-888.0
-887.0
-1063.0
-1568.0
-820.0
-1738.0
-939.0
-1552.0
-2027.0
-1111.0
-798.0
-685.0
-738.0
-1001.0
-1306.0
-833.0
-884.0
-751.0
-782.0
-1143.0
-1350.0
-705.0
-742.0
-1058.0
-1169.0
-726.0
-1034.0
-1042.0
-915.0
-2140.0
-1023.0
-905.0
-749.0
-2063.0
-1037.0
-750.0
-805.0
-1018.0
-716.0
223.0
-2104.0
-1054.0
-1623.0
-703.0
-701.0
-1141.0
-8619.0
-1466.0
-814.0
-908.0
-980.0
-1066.0
-1241.0
-1060.0
-980.0
-1243.0
-1107.0
-1351.0
-905.0
-1212.0
-913.0
-692.0
-754.0
-9017.0
-1046.0
-914.0
-743.0
-740.0
-703.0
-1578.0
-1148.0
-671.0
-712.0
-916.0
-153.0
-757.0
-1077.0
-6630.0
-844.0
-2460.0
-732.0
104.0
-5682.0
-2365.0
-758.0
129.0
-790.0
-1621.0
-748.0
-691.0
147.0
-1106.0
-1142.0
233.0
-749.0
-968.0
-1369.0
-1406.0
-773.0
-835.0
-1729.0
-903.0
-1216.0
-1133.0
-833.0
-1308.0
-1033.0
-1581.0
-1245.0
-1143.0
-901.0
-699.0
-727.0
-1049.0
-1084.0
-753.0
-763.0
-749.0
165.0
-1524.0
-1499.0
-690.0
-735.0
-1051.0
-1066.0
-722.0
-1118.0
-1071.0
-975.0
-1603.0
-853.0
-801.0
-807.0
-1608.0
-787.0
-689.0
-748.0
-1332.0
-718.0
-725.0
-699.0
-1007.0
-1081.0
-673.0
-753.0
-954.0
-1379.0
-1592.0
-759.0
96.0
-976.0
-1165.0
-1002.0
-1137.0
-950.0
-1539.0
-1092.0
-2201.0
-990.0
-1260.0
-858.0
-720.0
-758.0
-966.0
-1011.0
-796.0
-794.0
-5145.0
195.0
-7972.0
-879.0
-681.0
162.0
-1275.0
-952.0
-695.0
-1050.0
-1055.0
-843.0
-2102.0
146.0
-9007.0
-787.0
-1534.0
-943.0
-754.0
-795.0
-1356.0
-6571.0
-688.0
-1120.0
-876.0
-1225.0
152.0
233.0
-8284.0
-1432.0
-1520.0
147.0
-953.0
-1047.0
-1009.0
-972.0
-1012.0
-764.0
-1264.0
-912.0
-1853.0
-1092.0
-1602.0
-797.0
-681.0
145.0
-1011.0
-1025.0
-858.0
77.0
-763.0
-751.0
-1028.0
-1446.0
-662.0
-706.0
-1036.0
-1118.0
-781.0
-1421.0
-1298.0
-888.0
-1887.0
-892.0
-811.0
-779.0
-1481.0
-870.0
-774.0
-783.0
-1048.0
-771.0
101.0
-722.0
-1007.0
-1469.0
-709.0
-752.0
-1041.0
-1281.0
-1725.0
-814.0
-833.0
-1004.0
-1032.0
-1222.0
-1092.0
-992.0
-1322.0
-1267.0
-1844.0
-903.0
-1342.0
-941.0
-713.0
-736.0
-1002.0
-1154.0
-919.0
-851.0
-736.0
-689.0
-1356.0
-1179.0
-673.0
-698.0
-962.0
-914.0
-695.0
-974.0
-1254.0
-892.0
-1627.0
-810.0
-687.0
-792.0
-1686.0
-743.0
277.0
-801.0
-1295.0
-693.0
-691.0
177.0
-1026.0
-981.0
-665.0
-695.0
-912.0
-1381.0
-1502.0
-748.0
-794.0
-871.0
-961.0
-1592.0
-950.0
-890.0
-1437.0
-918.0
-1796.0
-1217.0
-1180.0
-838.0
-687.0
138.0
-923.0
-1064.0
-794.0
-762.0
-716.0
-691.0
-5896.0
-1328.0
-690.0
-664.0
-1290.0
-933.0
-699.0
-1137.0
-1276.0
-910.0
-2688.0
-810.0
-729.0
-782.0
-1543.0
-881.0
-749.0
-783.0
-1299.0
-724.0
-6545.0
-704.0
-1035.0
-1219.0
-660.0
-719.0
-903.0
-1690.0
-1413.0
-757.0
-1069.0
-961.0
-948.0
-1286.0
-988.0
-976.0
-1655.0
-912.0
-1811.0
-1043.0
-1764.0
-848.0
-721.0
-710.0
-889.0
-1202.0
-802.0
-843.0
-708.0
-1720.0
-998.0
-1149.0
-715.0
-700.0
-1222.0
-915.0
-674.0
-1177.0
-1538.0
-951.0
-1767.0
-789.0
137.0
-732.0
-1307.0
-842.0
-715.0
-778.0
-1598.0
-752.0
-688.0
177.0
-923.0
-1552.0
91.0
-673.0
-975.0
-1266.0
-1464.0
-840.0
-1062.0
-932.0
-985.0
-1329.0
-963.0
-908.0
-1266.0
-915.0
-1555.0
-1518.0
-1673.0
-820.0
-690.0
-769.0
-916.0
-1154.0
-980.0
-1025.0
-771.0
-695.0
-923.0
-1474.0
-715.0
-686.0
-898.0
-906.0
-796.0
-1342.0
-948.0
-921.0
-1645.0
-733.0
-704.0
-754.0
-1911.0
-778.0
-707.0
-782.0
-988.0
-709.0
-664.0
-1494.0
-1077.0
-979.0
-692.0
-674.0
-984.0
-1432.0
-1577.0
-772.0
-902.0
-864.0
-934.0
-1297.0
-953.0
-920.0
-1940.0
-1014.0
-1685.0
-1246.0
-1167.0
-777.0
154.0
209.0
-911.0
-1401.0
-808.0
96.0
-925.0
197.0
-1141.0
-1168.0
-802.0
-741.0
-1059.0
-948.0
86.0
-1008.0
-1597.0
-965.0
-1573.0
-1038.0
-23.0
-728.0
-1713.0
-826.0
-742.0
-795.0
-1823.0
-738.0
148.0
-810.0
-1450.0
-1307.0
-748.0
-2014.0
-1016.0
-1239.0
-1459.0
-805.0
-952.0
-995.0
-990.0
-1032.0
-1013.0
-897.0
-1604.0
-2229.0
-1771.0
-1854.0
-1600.0
-2656.0
-678.0
218.0
-880.0
-1023.0
-823.0
-794.0
-741.0
200.0
-1066.0
-1139.0
-699.0
-696.0
-1276.0
-845.0
-724.0
-946.0
-1103.0
-868.0
-1721.0
-917.0
-762.0
-804.0
-1391.0
-758.0
-705.0
-760.0
-1515.0
-731.0
-734.0
-698.0
-863.0
-1067.0
-671.0
92.0
-1016.0
-12557.0
-1410.0
-751.0
-797.0
-999.0
-925.0
-867.0
-961.0
-875.0
-1309.0
-1026.0
-1594.0
-1424.0
-1423.0
-919.0
-757.0
-778.0
-912.0
-1896.0
-824.0
-779.0
-890.0
-683.0
-1108.0
-964.0
-747.0
270.0
-972.0
-1027.0
-697.0
-1030.0
-1021.0
-781.0
-1457.0
-769.0
-718.0
-857.0
-1413.0
-837.0
-672.0
-791.0
-2097.0
-709.0
-694.0
203.0
-915.0
-1650.0
266.0
-682.0
-926.0
-1306.0
-1595.0
-746.0
-1081.0
-1088.0
-994.0
-932.0
-909.0
-841.0
-1310.0
-893.0
-1855.0
-1063.0
-1222.0
-882.0
-705.0
-714.0
-893.0
-1033.0
-875.0
-860.0
-786.0
-675.0
-1033.0
-1031.0
-721.0
-681.0
-1319.0
-924.0
-696.0
-1319.0
-979.0
-785.0
-1740.0
85.0
-745.0
-803.0
-2607.0
-768.0
-704.0
-818.0
-1042.0
-2341.0
-688.0
-726.0
-980.0
-1156.0
-677.0
-660.0
-1026.0
-1218.0
-1567.0
-737.0
115.0
-1327.0
-948.0
-1902.0
-1058.0
-846.0
-1412.0
-1310.0
-1993.0
-999.0
-1225.0
-950.0
-668.0
-709.0
-947.0
-1186.0
-769.0
-793.0
-713.0
-665.0
-1041.0
-1187.0
-668.0
313.0
-937.0
-923.0
-704.0
-881.0
-1002.0
-853.0
-1359.0
-771.0
-715.0
-741.0
-1781.0
-723.0
-733.0
-841.0
-1023.0
-728.0
-661.0
-689.0
-1013.0
-995.0
190.0
-722.0
-908.0
-1191.0
-1732.0
-801.0
-1069.0
-1076.0
-921.0
-1016.0
-983.0
-878.0
-1463.0
-897.0
-1777.0
-1452.0
-1578.0
-781.0
-681.0
-688.0
-918.0
-1058.0
-763.0
-910.0
-781.0
-652.0
-995.0
-1157.0
-6102.0
-706.0
-926.0
-920.0
-731.0
-1067.0
-1206.0
-932.0
-1835.0
-758.0
-797.0
-745.0
-1306.0
-1190.0
-714.0
-765.0
-1123.0
-664.0
-751.0
-730.0
-1039.0
-1586.0
319.0
-659.0
-987.0
-1182.0
-1293.0
-766.0
-903.0
-976.0
-856.0
-1176.0
-1075.0
-765.0
-1614.0
-1225.0
-1912.0
-983.0
-1154.0
-884.0
-703.0
-1433.0
-2811.0
-882.0
130.0
-841.0
-722.0
161.0
-970.0
-1196.0
-667.0
-674.0
-1072.0
-1325.0
165.0
-1121.0
-1110.0
-871.0
-7916.0
-771.0
-715.0
-773.0
-1543.0
-858.0
-705.0
-3995.0
-1135.0
164.0
-687.0
-644.0
-893.0
-1216.0
-647.0
257.0
-959.0
-1667.0
-1384.0
-764.0
-746.0
-1449.0
-933.0
-1170.0
-1053.0
-841.0
-1381.0
-1038.0
-2037.0
-928.0
-1047.0
-1008.0
-705.0
-693.0
-1050.0
-1051.0
-835.0
-769.0
-807.0
-657.0
-1055.0
-905.0
-686.0
-654.0
-1207.0
-826.0
-704.0
-868.0
-1162.0
-866.0
-1449.0
-812.0
-728.0
-789.0
-2018.0
-761.0
-825.0
-762.0
-1213.0
-686.0
-741.0
-681.0
-849.0
-1091.0
-637.0
-676.0
-954.0
-1291.0
-1419.0
-750.0
-818.0
-1229.0
-995.0
-996.0
-1097.0
-883.0
-1187.0
-2111.0
-1932.0
-1124.0
-1448.0
-912.0
-674.0
-691.0
-844.0
-1016.0
-746.0
-786.0
-750.0
-658.0
-1085.0
-962.0
-682.0
-668.0
-1135.0
-869.0
-681.0
-1092.0
-1375.0
-879.0
-1367.0
-772.0
-728.0
-762.0
-1562.0
-753.0
-678.0
-744.0
-1233.0
-679.0
-659.0
170.0
-872.0
-1044.0
202.0
213.0
-818.0
-1448.0
-1429.0
-744.0
-811.0
-3251.0
-950.0
-1338.0
-1036.0
-884.0
-1578.0
-1029.0
-1563.0
-924.0
-1076.0
-962.0
-693.0
-719.0
-943.0
-1155.0
-810.0
-726.0
-772.0
-652.0
-1023.0
-1079.0
-677.0
-664.0
-955.0
-975.0
-690.0
-912.0
-1132.0
-898.0
-1271.0
-831.0
-720.0
-779.0
-1499.0
-772.0
-6268.0
-788.0
-1062.0
-725.0
-694.0
199.0
-1003.0
-966.0
-654.0
-740.0
-922.0
-2177.0
-1641.0
-751.0
100.0
-1445.0
-903.0
-1149.0
-912.0
-936.0
-1055.0
-849.0
-1809.0
-1172.0
-1922.0
-883.0
-760.0
-693.0
-883.0
-1131.0
-827.0
-751.0
-739.0
-647.0
-971.0
-1337.0
158.0
-673.0
-1160.0
-937.0
-680.0
-1203.0
-1280.0
-771.0
-1191.0
-745.0
-671.0
-738.0
-1382.0
-754.0
222.0
-783.0
-1385.0
-703.0
-720.0
-672.0
-947.0
-982.0
112.0
-657.0
-993.0
-1566.0
-1333.0
148.0
-771.0
-882.0
-851.0
-939.0
-1130.0
131.0
-1398.0
-1076.0
-1704.0
-1097.0
-5537.0
-932.0
-676.0
-684.0
-963.0
-904.0
117.0
-943.0
-729.0
-655.0
-1115.0
-1189.0
238.0
-675.0
-1025.0
-904.0
-685.0
-1129.0
-1271.0
-800.0
-1745.0
164.0
-740.0
-756.0
-1549.0
-734.0
-755.0
-777.0
-1204.0
-696.0
-661.0
-662.0
-956.0
-1026.0
-678.0
-658.0
-956.0
-1325.0
-1420.0
-736.0
-803.0
-1075.0
-1283.0
-1053.0
-1049.0
-965.0
-1400.0
-989.0
-1578.0
-990.0
-1541.0
-910.0
-677.0
-676.0
-862.0
-1139.0
-783.0
-790.0
-766.0
-650.0
-934.0
-1021.0
-689.0
-681.0
-874.0
-1138.0
-683.0
-1002.0
-1047.0
-973.0
-1429.0
-817.0
-698.0
-746.0
-1589.0
-723.0
-690.0
-760.0
-1049.0
-746.0
-649.0
-684.0
-930.0
-1083.0
-666.0
-701.0
-984.0
-1371.0
-5678.0
-784.0
-891.0
-8493.0
-901.0
-1077.0
-866.0
-999.0
-1488.0
-888.0
-1467.0
-1310.0
-1518.0
-783.0
-644.0
164.0
-811.0
-1022.0
-744.0
-881.0
-735.0
233.0
-1234.0
-1600.0
-645.0
-8006.0
-909.0
-939.0
-717.0
-1001.0
-964.0
-773.0
-9222.0
-742.0
-862.0
-709.0
-1373.0
-836.0
-720.0
105.0
-17053.0
-670.0
222.0
-725.0
-910.0
-1184.0
-5665.0
-8579.0
-9775.0
-7183.0
-1502.0
-8737.0
-883.0
-1000.0
-8757.0
-1032.0
-1071.0
-2069.0
-1139.0
-1524.0
-6975.0
-2577.0
-1441.0
-998.0
-690.0
-725.0
-899.0
-1169.0
-782.0
-828.0
-785.0
-701.0
-9355.0
-886.0
-684.0
201.0
-971.0
-1184.0
-8315.0
-1036.0
-1102.0
-873.0
-1456.0
-770.0
199.0
-771.0
-1319.0
-740.0
211.0
-753.0
-1253.0
-713.0
-668.0
-5270.0
-978.0
-1007.0
225.0
192.0
-870.0
-1521.0
-1332.0
-700.0
-841.0
-11635.0
-878.0
-1107.0
-967.0
-832.0
-1185.0
-1044.0
-1901.0
-917.0
-1179.0
-839.0
-722.0
-689.0
-849.0
-1172.0
-799.0
131.0
-752.0
-645.0
-1043.0
-1111.0
-681.0
-676.0
-1034.0
-1354.0
-732.0
-1181.0
-1054.0
-923.0
-1269.0
-806.0
-692.0
-707.0
-1469.0
-761.0
-686.0
-1726.0
-1570.0
-715.0
-672.0
-691.0
-1027.0
-1012.0
-650.0
-725.0
-902.0
-1338.0
-1372.0
-794.0
-873.0
-1012.0
-942.0
-1234.0
-982.0
-837.0
-1513.0
-4873.0
-1604.0
-1034.0
-1529.0
-6884.0
-659.0
-655.0
-948.0
-1161.0
-848.0
-856.0
-746.0
-636.0
-935.0
-1503.0
-660.0
-643.0
-1302.0
-882.0
-674.0
-1179.0
-1074.0
-876.0
-1396.0
-726.0
-687.0
-766.0
-1418.0
-761.0
-698.0
-761.0
-1112.0
-660.0
-692.0
-683.0
-875.0
-991.0
-635.0
-675.0
-895.0
-1285.0
-1249.0
-714.0
-805.0
-943.0
-829.0
-1046.0
-1026.0
130.0
-1571.0
-945.0
-1822.0
-936.0
-1004.0
-895.0
-718.0
-684.0
-835.0
-1385.0
104.0
-758.0
-753.0
-662.0
-1069.0
-1159.0
-676.0
-649.0
-808.0
-918.0
-667.0
-1017.0
-895.0
-800.0
-1517.0
127.0
-668.0
-723.0
-1499.0
-706.0
-672.0
-749.0
-1480.0
-711.0
-652.0
-663.0
-973.0
-1052.0
-653.0
-689.0
-880.0
-1335.0
-1485.0
-765.0
141.0
-961.0
-880.0
-1419.0
-985.0
-814.0
-1701.0
-962.0
-1492.0
-975.0
-1464.0
-776.0
-671.0
-667.0
-1029.0
-1011.0
-757.0
-928.0
-746.0
-639.0
-939.0
-1417.0
-678.0
-679.0
-789.0
-832.0
-655.0
-1024.0
-987.0
-800.0
-1366.0
-756.0
-751.0
-804.0
-1735.0
-727.0
-737.0
-746.0
-989.0
-680.0
-653.0
-708.0
-938.0
-1294.0
-649.0
-654.0
-974.0
-1397.0
-1307.0
-748.0
-808.0
-1010.0
-991.0
-1034.0
-1050.0
-914.0
-1206.0
-924.0
-1560.0
-990.0
-991.0
-871.0
-654.0
-668.0
-908.0
-1036.0
-762.0
-753.0
-754.0
-629.0
-1320.0
-1137.0
-655.0
-637.0
-945.0
-964.0
-672.0
-8.0
-1177.0
-982.0
-1586.0
-724.0
-764.0
-748.0
-1451.0
-798.0
-688.0
-720.0
-1203.0
-686.0
-692.0
-711.0
-797.0
-988.0
211.0
-704.0
-884.0
-1435.0
-1375.0
-725.0
-758.0
-860.0
-931.0
-1203.0
-1009.0
-877.0
-1185.0
-987.0
-8914.0
-836.0
-1121.0
-815.0
-651.0
-672.0
-821.0
-1066.0
-759.0
-745.0
-736.0
258.0
-912.0
-1439.0
-656.0
-663.0
-916.0
-11652.0
-666.0
-1045.0
-1233.0
-855.0
-1604.0
-723.0
-794.0
-884.0
-1517.0
-742.0
-731.0
-740.0
-925.0
-694.0
-673.0
-673.0
-933.0
-1415.0
157.0
-653.0
-1043.0
-1120.0
-1298.0
-834.0
-1161.0
-938.0
-896.0
-1500.0
-924.0
-839.0
-1637.0
-1153.0
-1721.0
-1339.0
-1355.0
-851.0
-652.0
-678.0
-855.0
-1014.0
-756.0
-765.0
-768.0
-661.0
-1010.0
-1304.0
-682.0
-667.0
-821.0
-815.0
223.0
-989.0
-1196.0
-917.0
-1333.0
-865.0
-743.0
-796.0
-1508.0
-729.0
-678.0
-775.0
-1083.0
-705.0
-665.0
-656.0
-1064.0
-1255.0
-660.0
-726.0
-1068.0
-1257.0
-1749.0
-800.0
-1189.0
-1153.0
-1089.0
-1222.0
-961.0
-937.0
-1677.0
-1101.0
-1595.0
-927.0
-981.0
-991.0
-684.0
-721.0
-862.0
-1133.0
-843.0
-751.0
-729.0
-642.0
-1023.0
-968.0
-666.0
-665.0
-1127.0
-901.0
-720.0
-975.0
-1008.0
-846.0
-1609.0
-719.0
-754.0
-742.0
-1589.0
-1362.0
-667.0
-777.0
-1065.0
-706.0
-3514.0
-703.0
-955.0
-1238.0
290.0
-988.0
-1003.0
-1106.0
-1510.0
-737.0
-1033.0
-853.0
-873.0
-1054.0
-13160.0
-894.0
-1279.0
-876.0
-1644.0
-895.0
-1424.0
-839.0
-654.0
-673.0
-796.0
-1056.0
-828.0
-746.0
-702.0
245.0
-12048.0
-12207.0
-675.0
-683.0
-934.0
-893.0
-666.0
-1085.0
-960.0
-776.0
-1421.0
-751.0
-810.0
-741.0
-1567.0
-788.0
-729.0
-700.0
-1092.0
-675.0
153.0
-731.0
-843.0
-2273.0
-628.0
-665.0
-1015.0
-3116.0
-1458.0
-774.0
-993.0
-1142.0
-1002.0
-1020.0
-1356.0
-814.0
-1264.0
-1916.0
-1612.0
-970.0
-1246.0
-2812.0
-674.0
-680.0
-1035.0
-991.0
-2087.0
-914.0
-695.0
-653.0
-1936.0
-1357.0
-647.0
209.0
-850.0
-964.0
-671.0
-895.0
-952.0
-879.0
-1504.0
-859.0
-771.0
-741.0
-1628.0
-759.0
-717.0
-785.0
-1047.0
-692.0
-686.0
-713.0
-1011.0
-1029.0
-671.0
-691.0
-978.0
-1349.0
-1375.0
-788.0
-750.0
-886.0
-1206.0
-1399.0
-956.0
-818.0
-1383.0
-902.0
-1617.0
-887.0
-1026.0
-755.0
-665.0
-673.0
-801.0
-1020.0
-816.0
-2983.0
-759.0
216.0
-966.0
-1396.0
-662.0
-671.0
-1053.0
-812.0
-690.0
-887.0
-1142.0
-1074.0
-1318.0
-760.0
-692.0
-732.0
-1652.0
-780.0
174.0
-861.0
-1050.0
-701.0
-648.0
248.0
-932.0
-1048.0
-673.0
-662.0
-938.0
-1199.0
-1922.0
131.0
-796.0
-1014.0
-865.0
-976.0
-1079.0
-833.0
-1330.0
-1037.0
-1571.0
-990.0
-1316.0
-2057.0
-703.0
-719.0
-1222.0
-1013.0
-849.0
-907.0
-716.0
-642.0
-1035.0
-1399.0
-693.0
-656.0
-1503.0
-840.0
-1864.0
-887.0
-908.0
-828.0
-1819.0
-768.0
-815.0
-731.0
-1654.0
-745.0
-852.0
-757.0
-1112.0
-695.0
-667.0
-689.0
-973.0
-990.0
-664.0
-673.0
-1064.0
-1369.0
-1435.0
-765.0
-939.0
-838.0
-905.0
-924.0
-1011.0
-823.0
-1460.0
-915.0
-1685.0
-905.0
-1327.0
-916.0
-639.0
-682.0
-845.0
-956.0
-846.0
-932.0
-734.0
-630.0
-1073.0
-983.0
-660.0
-659.0
-924.0
-860.0
-687.0
-1020.0
-947.0
-735.0
-1414.0
131.0
-710.0
-809.0
-1683.0
-718.0
-675.0
-7958.0
-1152.0
-673.0
-728.0
-726.0
-929.0
-996.0
279.0
188.0
-1023.0
-1250.0
-1244.0
-798.0
-879.0
-7773.0
-902.0
-1247.0
-1044.0
88.0
-1664.0
-1077.0
-1521.0
-6217.0
-1150.0
-1030.0
-719.0
-2601.0
-1028.0
-887.0
90.0
-1642.0
-853.0
-767.0
-1064.0
-1153.0
-649.0
-687.0
-964.0
-1155.0
-784.0
-1131.0
-1143.0
-1019.0
-1961.0
-890.0
-738.0
-819.0
-1458.0
-8129.0
-725.0
-763.0
-1191.0
-2295.0
-747.0
-656.0
-931.0
-1135.0
-655.0
210.0
-856.0
-1434.0
-1354.0
-751.0
-897.0
-951.0
-839.0
-1286.0
-1022.0
-759.0
-1493.0
-914.0
-1844.0
-1002.0
-1039.0
-844.0
-651.0
-675.0
-857.0
-1026.0
144.0
-738.0
-764.0
-638.0
-943.0
-1033.0
-674.0
-657.0
-1176.0
-774.0
-675.0
-1109.0
-1417.0
-958.0
-1335.0
-797.0
211.0
-757.0
-1646.0
-700.0
-677.0
-743.0
-1038.0
-698.0
-653.0
226.0
-887.0
-955.0
-646.0
-670.0
-1012.0
-1110.0
-1373.0
-756.0
-993.0
-1051.0
-901.0
-952.0
-991.0
-896.0
-1288.0
-1013.0
-1727.0
-1110.0
-1428.0
-905.0
-657.0
-700.0
-881.0
-1039.0
-763.0
-923.0
-757.0
-643.0
-996.0
-1034.0
-684.0
-675.0
-1023.0
-859.0
-679.0
-1043.0
